random_seed,split_seed,sample_ratio,r2
0,0,0.05,0.6595391872777303
0,0,0.10,0.871393300721899
0,0,0.15,0.4676710998623642
0,0,0.20,0.8454133792552821
0,0,0.25,0.9248236966020352
0,0,0.30,0.8795341338731246
0,0,0.35,0.8846003736336311
0,0,0.40,0.8865743163366906
0,0,0.45,0.8762973604136566
0,0,0.50,0.8950722289199898
0,0,0.55,0.8022636315403046
0,0,0.60,0.9553396635702361
0,0,0.65,0.7762036295024852
0,0,0.70,0.8947150179655792
0,0,0.75,0.8816785901182622
0,0,0.80,0.8566821528553963
0,0,0.85,0.873821120221929
0,0,0.90,0.8847686974597895
0,0,0.95,0.8444856596953667
0,1,0.05,-0.5414307974834038
0,1,0.10,0.7946313018767962
0,1,0.15,0.6201939069215953
0,1,0.20,0.9053891969941319
0,1,0.25,0.5431768051782172
0,1,0.30,0.9376503672099336
0,1,0.35,0.8303397215512691
0,1,0.40,0.8115383836658879
0,1,0.45,0.8033066064947197
0,1,0.50,0.8742553832417317
0,1,0.55,0.7594970465127119
0,1,0.60,0.8831186967889293
0,1,0.65,0.9093158843803506
0,1,0.70,0.8544532177268562
0,1,0.75,0.8912094699817086
0,1,0.80,0.9291830892379139
0,1,0.85,0.8855340389641216
0,1,0.90,0.8656108309198398
0,1,0.95,0.8954219103121636
0,2,0.05,-0.6012217992135369
0,2,0.10,0.6017407574820144
0,2,0.15,0.6551752655255751
0,2,0.20,0.8327899754086656
0,2,0.25,0.8044055900570575
0,2,0.30,0.520455519848187
0,2,0.35,0.7783117079550015
0,2,0.40,0.8840289761950506
0,2,0.45,0.8762351767655739
0,2,0.50,0.9413547551664144
0,2,0.55,0.8848415301471263
0,2,0.60,0.862907738879934
0,2,0.65,0.858137139732704
0,2,0.70,0.8823726730600892
0,2,0.75,0.80530262699656
0,2,0.80,0.8212970147677411
0,2,0.85,0.9414402203854426
0,2,0.90,0.8876422268805103
0,2,0.95,0.8859284555268216
0,3,0.05,0.7426848613347479
0,3,0.10,0.6067382480315878
0,3,0.15,0.7997807420096017
0,3,0.20,0.6795617581461261
0,3,0.25,0.7017027909327774
0,3,0.30,0.8444105135323163
0,3,0.35,0.5801182513832586
0,3,0.40,0.9390137862222987
0,3,0.45,0.8798932225858296
0,3,0.50,0.9311904780927254
0,3,0.55,0.9314586441384161
0,3,0.60,0.8113498305929416
0,3,0.65,0.9142543871747554
0,3,0.70,0.8466891452984752
0,3,0.75,0.8917239133960356
0,3,0.80,0.916219186742985
0,3,0.85,0.9083026311395691
0,3,0.90,0.8767213835198179
0,3,0.95,0.8808222497458275
0,4,0.05,-1.0327577051064667
0,4,0.10,0.5528018355661418
0,4,0.15,0.8695478056887302
0,4,0.20,0.6744101324024492
0,4,0.25,0.5491267151393187
0,4,0.30,0.8276376554772856
0,4,0.35,0.7790001253048305
0,4,0.40,0.9101323408637306
0,4,0.45,0.8826339435928624
0,4,0.50,0.7521645925053775
0,4,0.55,0.8638704826229294
0,4,0.60,0.8578986368781711
0,4,0.65,0.9077967344963859
0,4,0.70,0.8473789079816589
0,4,0.75,0.8653811827694182
0,4,0.80,0.9504610495855239
0,4,0.85,0.8404305182490842
0,4,0.90,0.9288731021228563
0,4,0.95,0.8878730239207391
0,5,0.05,0.25302734352231593
0,5,0.10,0.6247888553855677
0,5,0.15,0.8860172667119086
0,5,0.20,0.8532590837663898
0,5,0.25,0.9600385855820258
0,5,0.30,0.6049738654693788
0,5,0.35,0.8487618486072055
0,5,0.40,0.8069275111418764
0,5,0.45,0.764772918760335
0,5,0.50,0.9120073147777533
0,5,0.55,0.9134975840059891
0,5,0.60,0.8733437593043823
0,5,0.65,0.9126226171214877
0,5,0.70,0.9154579393359452
0,5,0.75,0.8299947608140392
0,5,0.80,0.907443605118744
0,5,0.85,0.8696427900801467
0,5,0.90,0.8566537112633349
0,5,0.95,0.9088241294884571
0,6,0.05,0.934279295247064
0,6,0.10,0.547429253205137
0,6,0.15,0.8713900416417513
0,6,0.20,0.7205549229340129
0,6,0.25,0.9252827100950888
0,6,0.30,0.8881082012266198
0,6,0.35,0.9534776580082427
0,6,0.40,0.8268589265978907
0,6,0.45,0.9616043129750361
0,6,0.50,0.6756557340461857
0,6,0.55,0.7768565327622258
0,6,0.60,0.8967063327102852
0,6,0.65,0.8870722789444208
0,6,0.70,0.8965941022138206
0,6,0.75,0.9280534544296335
0,6,0.80,0.8625001225701614
0,6,0.85,0.9403723484602411
0,6,0.90,0.9054817495229776
0,6,0.95,0.8658044217351278
0,7,0.05,0.856729177766326
0,7,0.10,0.9506064747359917
0,7,0.15,0.5011405934220381
0,7,0.20,0.8575769880816673
0,7,0.25,0.8504691078257129
0,7,0.30,0.8559339291682064
0,7,0.35,0.8587320517473156
0,7,0.40,0.9156558803344035
0,7,0.45,0.9333473347736989
0,7,0.50,0.9328669121327037
0,7,0.55,0.8707536864483979
0,7,0.60,0.8779277783872959
0,7,0.65,0.89115602671663
0,7,0.70,0.8100668458705125
0,7,0.75,0.9056618264872786
0,7,0.80,0.9474290568221784
0,7,0.85,0.8985722022725485
0,7,0.90,0.8650305255323161
0,7,0.95,0.9205068131593465
0,8,0.05,0.07419400684641841
0,8,0.10,0.06135875555187176
0,8,0.15,0.9140215645383393
0,8,0.20,0.7891924470558803
0,8,0.25,0.9575094625637992
0,8,0.30,0.8299799544113003
0,8,0.35,0.8202037589455091
0,8,0.40,0.7643146830298393
0,8,0.45,0.8719638304934322
0,8,0.50,0.9073888361511906
0,8,0.55,0.8603138078927509
0,8,0.60,0.9122920150284377
0,8,0.65,0.9143818458991466
0,8,0.70,0.9130151001186055
0,8,0.75,0.8549993629243728
0,8,0.80,0.9289019344079688
0,8,0.85,0.9092477634050383
0,8,0.90,0.9475555392171718
0,8,0.95,0.833614052670384
0,9,0.05,0.4434937578050243
0,9,0.10,0.4677185790271303
0,9,0.15,0.9162398991968858
0,9,0.20,0.5812980319930128
0,9,0.25,0.7395527640967088
0,9,0.30,0.811717530652269
0,9,0.35,0.8195861956207401
0,9,0.40,0.9252758219107347
0,9,0.45,0.9402108151910653
0,9,0.50,0.9508139083830864
0,9,0.55,0.9385708038239104
0,9,0.60,0.7820353989144504
0,9,0.65,0.844909864538215
0,9,0.70,0.8870021105547773
0,9,0.75,0.8336479735869449
0,9,0.80,0.8424927559539922
0,9,0.85,0.8716530500095183
0,9,0.90,0.9024949695755368
0,9,0.95,0.9157055484759467
1,0,0.05,0.970969206646729
1,0,0.10,0.932463035648537
1,0,0.15,0.8951242480822829
1,0,0.20,0.9398892934457893
1,0,0.25,0.9662432334319379
1,0,0.30,0.8617663639415993
1,0,0.35,0.9662606379623687
1,0,0.40,0.8425256730307169
1,0,0.45,0.9640057480876975
1,0,0.50,0.9190987951385623
1,0,0.55,0.8837823134973809
1,0,0.60,0.8046606873149653
1,0,0.65,0.9256674883618858
1,0,0.70,0.8232286359573624
1,0,0.75,0.890084414793194
1,0,0.80,0.9208040922272196
1,0,0.85,0.8900178637846622
1,0,0.90,0.89020382911372
1,0,0.95,0.9249153951245306
1,1,0.05,-14.428082002574156
1,1,0.10,0.9034078281116732
1,1,0.15,0.7358452016437925
1,1,0.20,0.8418125834059147
1,1,0.25,0.7482932234110319
1,1,0.30,0.7370780436121498
1,1,0.35,0.9136461219286075
1,1,0.40,0.9488819160269251
1,1,0.45,0.9201327544730078
1,1,0.50,0.9095124425950171
1,1,0.55,0.8879987279104853
1,1,0.60,0.8434604809641177
1,1,0.65,0.9487339133223053
1,1,0.70,0.8811402398709247
1,1,0.75,0.8539582554953526
1,1,0.80,0.8825861348993517
1,1,0.85,0.8840349413951916
1,1,0.90,0.8086360715337775
1,1,0.95,0.8774051608473679
1,2,0.05,0.8790504920852239
1,2,0.10,0.4923288291462177
1,2,0.15,0.8543981429018039
1,2,0.20,0.87161200497029
1,2,0.25,0.755705226764809
1,2,0.30,0.9253813506150702
1,2,0.35,0.9711043295625585
1,2,0.40,0.8327462366099652
1,2,0.45,0.9699534960085175
1,2,0.50,0.8733156040373995
1,2,0.55,0.9047892951067902
1,2,0.60,0.9115443592114654
1,2,0.65,0.8807814185441075
1,2,0.70,0.8786007449057647
1,2,0.75,0.9432239508594111
1,2,0.80,0.8786920223903102
1,2,0.85,0.8093204379029058
1,2,0.90,0.9118204625750861
1,2,0.95,0.8866734423138625
1,3,0.05,0.6787010717545958
1,3,0.10,0.5885360214747345
1,3,0.15,0.6918048268938799
1,3,0.20,0.7195119340835383
1,3,0.25,0.9034047333975206
1,3,0.30,0.9254870705570186
1,3,0.35,0.9585829953572753
1,3,0.40,0.9328157376577528
1,3,0.45,0.8948268074027496
1,3,0.50,0.8782230545088332
1,3,0.55,0.880956534586008
1,3,0.60,0.8380694805026583
1,3,0.65,0.8701669825687937
1,3,0.70,0.9505486787961475
1,3,0.75,0.9131443802354459
1,3,0.80,0.922107946727004
1,3,0.85,0.9410800223082281
1,3,0.90,0.9622669666889965
1,3,0.95,0.9427987429349531
1,4,0.05,0.6671547102566152
1,4,0.10,0.9630645719740571
1,4,0.15,0.8194543572115603
1,4,0.20,0.6625230008681458
1,4,0.25,0.9467406934706349
1,4,0.30,0.9077077649929295
1,4,0.35,0.9297198860908075
1,4,0.40,0.9234622377229786
1,4,0.45,0.8617682713275323
1,4,0.50,0.8766117584150648
1,4,0.55,0.9304502454599957
1,4,0.60,0.8735684475644643
1,4,0.65,0.8935488927433325
1,4,0.70,0.8941573044480136
1,4,0.75,0.9153199186532943
1,4,0.80,0.8631657210842794
1,4,0.85,0.9137490779629213
1,4,0.90,0.9278688561121616
1,4,0.95,0.8691824163886468
1,5,0.05,0.807674880711865
1,5,0.10,0.9037844478508535
1,5,0.15,0.5365148126711694
1,5,0.20,0.7819370419378895
1,5,0.25,0.9010538411857045
1,5,0.30,0.8775873183282553
1,5,0.35,0.9452295719877367
1,5,0.40,0.920502387008944
1,5,0.45,0.9410200794279323
1,5,0.50,0.8712312818497868
1,5,0.55,0.8141975491139746
1,5,0.60,0.8012291046430657
1,5,0.65,0.9358079718779064
1,5,0.70,0.8447143303723523
1,5,0.75,0.8419356767640336
1,5,0.80,0.9037684572727251
1,5,0.85,0.9254177293651256
1,5,0.90,0.8968130306688181
1,5,0.95,0.9301600306588195
1,6,0.05,0.8899025320764957
1,6,0.10,0.9522196430763039
1,6,0.15,0.7674301761479354
1,6,0.20,0.31392581671475106
1,6,0.25,0.7138005195811393
1,6,0.30,0.8746697882068946
1,6,0.35,0.9736133303723947
1,6,0.40,0.944709637383596
1,6,0.45,0.9672290894113378
1,6,0.50,0.8876653944392741
1,6,0.55,0.8656285339149904
1,6,0.60,0.9296995188639174
1,6,0.65,0.9192919170426758
1,6,0.70,0.8718433217796158
1,6,0.75,0.8832701187873025
1,6,0.80,0.8510945389077778
1,6,0.85,0.7895542441976158
1,6,0.90,0.9073434934899066
1,6,0.95,0.8956536441349224
1,7,0.05,0.9146974579281446
1,7,0.10,0.9308511241132026
1,7,0.15,0.6679174712108809
1,7,0.20,0.565210148193602
1,7,0.25,0.5335684332337384
1,7,0.30,0.8996053383201789
1,7,0.35,0.9644960370862073
1,7,0.40,0.9229899436463733
1,7,0.45,0.8980319456882206
1,7,0.50,0.8604974982102892
1,7,0.55,0.8447472784753782
1,7,0.60,0.8500117815070007
1,7,0.65,0.834454094841674
1,7,0.70,0.848516058269607
1,7,0.75,0.920440571054876
1,7,0.80,0.8663371530933947
1,7,0.85,0.8923794476783349
1,7,0.90,0.8982810792496002
1,7,0.95,0.8973299136235343
1,8,0.05,0.9093006555051928
1,8,0.10,0.7410934021830229
1,8,0.15,0.49274863537712577
1,8,0.20,0.8782582303670573
1,8,0.25,0.8013886284063827
1,8,0.30,0.48942130450226506
1,8,0.35,0.9131829456004957
1,8,0.40,0.9407020350364953
1,8,0.45,0.8495355257192724
1,8,0.50,0.8329378888181135
1,8,0.55,0.9365609052600025
1,8,0.60,0.803700045667459
1,8,0.65,0.8462807951659245
1,8,0.70,0.8813440792606881
1,8,0.75,0.9017554837981374
1,8,0.80,0.8225731345667524
1,8,0.85,0.8461927569917368
1,8,0.90,0.909166446713131
1,8,0.95,0.8330639173792099
1,9,0.05,0.7753092194643897
1,9,0.10,0.9107668456779223
1,9,0.15,0.8993426248997015
1,9,0.20,0.7960797331960944
1,9,0.25,0.9340685932778907
1,9,0.30,0.9208417445758279
1,9,0.35,0.9410635192126852
1,9,0.40,0.9330754840260093
1,9,0.45,0.9382037423804399
1,9,0.50,0.8204319612756994
1,9,0.55,0.8965961255094212
1,9,0.60,0.8468883424198819
1,9,0.65,0.8353128414328888
1,9,0.70,0.9086582025129883
1,9,0.75,0.8533912620434471
1,9,0.80,0.8822745854407369
1,9,0.85,0.9109531244037556
1,9,0.90,0.8660906502830177
1,9,0.95,0.9347798178802893
2,0,0.05,0.44521913495838095
2,0,0.10,0.5623670075941163
2,0,0.15,0.7737830473924899
2,0,0.20,0.9286264524086268
2,0,0.25,0.8884655625118456
2,0,0.30,0.5257530999709419
2,0,0.35,0.9705368368319589
2,0,0.40,0.9262552334336309
2,0,0.45,0.8742435066516989
2,0,0.50,0.6954382098981043
2,0,0.55,0.9357147465813369
2,0,0.60,0.864626106161151
2,0,0.65,0.916602596719416
2,0,0.70,0.9271083913382676
2,0,0.75,0.8273632991683519
2,0,0.80,0.9012756406678024
2,0,0.85,0.8935892379246435
2,0,0.90,0.9149144094757542
2,0,0.95,0.8977118202270411
2,1,0.05,-0.34827420955601696
2,1,0.10,0.8370145578261733
2,1,0.15,0.924556550965407
2,1,0.20,0.9427565303500332
2,1,0.25,0.7739218774449281
2,1,0.30,0.518078738733843
2,1,0.35,0.9176626925444993
2,1,0.40,0.877212327704451
2,1,0.45,0.7958277304107342
2,1,0.50,0.8983935529518683
2,1,0.55,0.9208186060564405
2,1,0.60,0.9210323805870777
2,1,0.65,0.9483443222793461
2,1,0.70,0.9397647200637
2,1,0.75,0.8744745110940207
2,1,0.80,0.8943952678841027
2,1,0.85,0.9256597156025421
2,1,0.90,0.9182595161098741
2,1,0.95,0.8623326233361148
2,2,0.05,0.5514647246144493
2,2,0.10,0.37695132716346513
2,2,0.15,0.505725116922499
2,2,0.20,0.925568463577811
2,2,0.25,0.8159613674775558
2,2,0.30,0.6316432803554315
2,2,0.35,0.9334968009279428
2,2,0.40,0.8295361308536064
2,2,0.45,0.6592238794302587
2,2,0.50,0.9532504778576264
2,2,0.55,0.9377124750770043
2,2,0.60,0.9438486455500084
2,2,0.65,0.953732603454951
2,2,0.70,0.9071298666672135
2,2,0.75,0.9607867735504858
2,2,0.80,0.8993325087104496
2,2,0.85,0.8837155179978933
2,2,0.90,0.9318088467759679
2,2,0.95,0.9407067351617168
2,3,0.05,0.8586480275089116
2,3,0.10,0.9018267453082663
2,3,0.15,0.9199649534806169
2,3,0.20,0.8371978795681709
2,3,0.25,0.6264802199045042
2,3,0.30,0.881605817404945
2,3,0.35,0.962451822028149
2,3,0.40,0.9533521290301739
2,3,0.45,0.8623791387318218
2,3,0.50,0.9287624747454063
2,3,0.55,0.8891727434646648
2,3,0.60,0.92793849350157
2,3,0.65,0.9156384420787493
2,3,0.70,0.9179009269940848
2,3,0.75,0.8759022511431208
2,3,0.80,0.9279906560905501
2,3,0.85,0.9349108285869262
2,3,0.90,0.8794898978806173
2,3,0.95,0.8969552653243709
2,4,0.05,-5.267164869828554
2,4,0.10,0.41054741419072116
2,4,0.15,0.5815262143863151
2,4,0.20,0.8620386057711603
2,4,0.25,0.68420618507923
2,4,0.30,0.7687689440838592
2,4,0.35,0.9236939643678451
2,4,0.40,0.9469562992854721
2,4,0.45,0.9199907798544816
2,4,0.50,0.907407018188113
2,4,0.55,0.7569139941659604
2,4,0.60,0.9516119234974565
2,4,0.65,0.9492579870515035
2,4,0.70,0.9411183294854888
2,4,0.75,0.9198514776362798
2,4,0.80,0.9342255026484256
2,4,0.85,0.9086311373739794
2,4,0.90,0.9180206804900021
2,4,0.95,0.8947643168576339
2,5,0.05,0.8281570308291653
2,5,0.10,0.9670714762016303
2,5,0.15,0.5860504396951077
2,5,0.20,0.8171216625264098
2,5,0.25,0.3995398889856451
2,5,0.30,0.7878732444073638
2,5,0.35,0.8219334114385168
2,5,0.40,0.8989011798271158
2,5,0.45,0.9054780065947436
2,5,0.50,0.9523606600613277
2,5,0.55,0.9593505820314375
2,5,0.60,0.9332847372392132
2,5,0.65,0.9288284331653524
2,5,0.70,0.9189274364600907
2,5,0.75,0.8942016090852055
2,5,0.80,0.8734847250422122
2,5,0.85,0.9038642850245844
2,5,0.90,0.9379115528447148
2,5,0.95,0.8831403489603935
2,6,0.05,-0.3066983886757697
2,6,0.10,0.7478366313616083
2,6,0.15,0.3806852135113653
2,6,0.20,0.8760203986348645
2,6,0.25,0.7135109732480481
2,6,0.30,0.7703411150877462
2,6,0.35,0.9291976656199749
2,6,0.40,0.9050236058918948
2,6,0.45,0.8383086452703935
2,6,0.50,0.9029292280811342
2,6,0.55,0.9454664964094451
2,6,0.60,0.9346370438041489
2,6,0.65,0.9102746238505726
2,6,0.70,0.9412861450356649
2,6,0.75,0.7664954951862242
2,6,0.80,0.9078028288741806
2,6,0.85,0.8982803379824017
2,6,0.90,0.937971925554352
2,6,0.95,0.9318145469884143
2,7,0.05,0.11488276646953188
2,7,0.10,-0.1797678221639507
2,7,0.15,0.8396530868585352
2,7,0.20,0.852098550237437
2,7,0.25,0.7487404572430589
2,7,0.30,0.7972873745062399
2,7,0.35,0.8105006685467059
2,7,0.40,0.9195312104843301
2,7,0.45,0.9159237701026145
2,7,0.50,0.9293251521328655
2,7,0.55,0.9186387893714344
2,7,0.60,0.9488164548066781
2,7,0.65,0.9162881839353092
2,7,0.70,0.9025975294904931
2,7,0.75,0.9093563199016571
2,7,0.80,0.9426100278756812
2,7,0.85,0.9523078331261619
2,7,0.90,0.9249995605619323
2,7,0.95,0.864353076816359
2,8,0.05,0.20563250037217107
2,8,0.10,0.8743372501921813
2,8,0.15,0.8369731457975864
2,8,0.20,0.8669260864231568
2,8,0.25,0.8821572795882625
2,8,0.30,0.9472328155713806
2,8,0.35,0.6485219261630559
2,8,0.40,0.9304294201289276
2,8,0.45,0.9068135456103144
2,8,0.50,0.857706634052066
2,8,0.55,0.8878142866511052
2,8,0.60,0.8976939889328126
2,8,0.65,0.9369945244942747
2,8,0.70,0.9079209656828793
2,8,0.75,0.8876064204693697
2,8,0.80,0.9228590702617184
2,8,0.85,0.8912928567655583
2,8,0.90,0.8929048079851105
2,8,0.95,0.8805598959019755
2,9,0.05,0.2662193217750084
2,9,0.10,0.6537376524842744
2,9,0.15,0.9028933731144367
2,9,0.20,0.8889997150989613
2,9,0.25,0.9679523553437972
2,9,0.30,0.9192445257851372
2,9,0.35,0.9111813943976493
2,9,0.40,0.8669120416961442
2,9,0.45,0.8274658922965697
2,9,0.50,0.953313864613414
2,9,0.55,0.9225557067476882
2,9,0.60,0.9452961827467369
2,9,0.65,0.9434304151014685
2,9,0.70,0.9356059268721427
2,9,0.75,0.8991833163292238
2,9,0.80,0.9232189486198334
2,9,0.85,0.9545500608186032
2,9,0.90,0.826133479812182
2,9,0.95,0.942135320770458
3,0,0.05,0.378452624729842
3,0,0.10,0.48600329531504427
3,0,0.15,0.7810431501644836
3,0,0.20,0.8132912443050144
3,0,0.25,0.7112756775341935
3,0,0.30,0.881711805044383
3,0,0.35,0.9068865422250746
3,0,0.40,0.7942830120107578
3,0,0.45,0.8172370267517955
3,0,0.50,0.9646245743868319
3,0,0.55,0.8398718861071744
3,0,0.60,0.8982517614182262
3,0,0.65,0.9307924570311125
3,0,0.70,0.9082212912726526
3,0,0.75,0.7728860365354302
3,0,0.80,0.9592636889453592
3,0,0.85,0.9310346565245831
3,0,0.90,0.8588941628338829
3,0,0.95,0.8823236667115804
3,1,0.05,0.12622794517902558
3,1,0.10,0.5494447814036291
3,1,0.15,0.41494538809760984
3,1,0.20,0.9453411990711538
3,1,0.25,0.8779088204872365
3,1,0.30,0.9129847469656931
3,1,0.35,0.9026948277115188
3,1,0.40,0.8685402727435005
3,1,0.45,0.6663855819703567
3,1,0.50,0.8048923675638968
3,1,0.55,0.9561573212280937
3,1,0.60,0.8289677129377727
3,1,0.65,0.8264945249466568
3,1,0.70,0.8945261586282717
3,1,0.75,0.9041138498000562
3,1,0.80,0.8779516039827421
3,1,0.85,0.8076173020221327
3,1,0.90,0.8786276310942818
3,1,0.95,0.9122424435117759
3,2,0.05,0.3481833336755741
3,2,0.10,0.32632941161885454
3,2,0.15,0.7309743766111649
3,2,0.20,0.9558334747878601
3,2,0.25,0.8297795367616284
3,2,0.30,0.7625190108524508
3,2,0.35,0.8922106188387179
3,2,0.40,0.8988435098863252
3,2,0.45,0.8002205673014339
3,2,0.50,0.8794511225125685
3,2,0.55,0.9134873631873177
3,2,0.60,0.9248654657671841
3,2,0.65,0.8807835827589705
3,2,0.70,0.8947216079328879
3,2,0.75,0.8350961085041095
3,2,0.80,0.8947077269609656
3,2,0.85,0.8922699337380298
3,2,0.90,0.8587520438438926
3,2,0.95,0.8964286027981853
3,3,0.05,0.330999751353629
3,3,0.10,0.8068073870298389
3,3,0.15,0.8884508313769007
3,3,0.20,0.9381501765079205
3,3,0.25,0.7626948900204792
3,3,0.30,0.9414650379879063
3,3,0.35,0.8608101972025469
3,3,0.40,0.9511679636495878
3,3,0.45,0.8224398831420067
3,3,0.50,0.8144513391140942
3,3,0.55,0.8671050610751947
3,3,0.60,0.8663272569096492
3,3,0.65,0.846220091773688
3,3,0.70,0.9275893533654669
3,3,0.75,0.9079996587210641
3,3,0.80,0.8448483944481656
3,3,0.85,0.9523377876972531
3,3,0.90,0.8598865462507681
3,3,0.95,0.8816194678627552
3,4,0.05,-2.0079202921630497
3,4,0.10,0.631442228104743
3,4,0.15,0.9078247876616687
3,4,0.20,0.6366883761137102
3,4,0.25,0.7107022973547461
3,4,0.30,0.6829346066159727
3,4,0.35,0.8287322636849386
3,4,0.40,0.7653560121287292
3,4,0.45,0.8937565939220335
3,4,0.50,0.9425048697433323
3,4,0.55,0.8149261852015914
3,4,0.60,0.8516567846491444
3,4,0.65,0.9710721981243101
3,4,0.70,0.8395098644685123
3,4,0.75,0.9366699505603601
3,4,0.80,0.9142815943665145
3,4,0.85,0.9248262007351213
3,4,0.90,0.8365465126702927
3,4,0.95,0.8400751649232662
3,5,0.05,0.511059994811955
3,5,0.10,0.7222996797186123
3,5,0.15,0.8039515602786209
3,5,0.20,0.8197172110621821
3,5,0.25,0.9187174916066265
3,5,0.30,0.9106638872355977
3,5,0.35,0.9529033665261342
3,5,0.40,0.9279489637220609
3,5,0.45,0.8337809878815174
3,5,0.50,0.9214363904739893
3,5,0.55,0.8569149225600402
3,5,0.60,0.9560215856056672
3,5,0.65,0.8935687922871075
3,5,0.70,0.9260120857348241
3,5,0.75,0.8520149588023377
3,5,0.80,0.926941370330925
3,5,0.85,0.8585023034579076
3,5,0.90,0.8828395296742071
3,5,0.95,0.9468377104561093
3,6,0.05,0.7514965098621883
3,6,0.10,0.7593170883528626
3,6,0.15,0.7050713734989484
3,6,0.20,0.9511926872786955
3,6,0.25,0.9113871565142966
3,6,0.30,0.8377647105793702
3,6,0.35,0.7427379415596557
3,6,0.40,0.7391322302026007
3,6,0.45,0.8854124193299635
3,6,0.50,0.9622411425670008
3,6,0.55,0.9347493263018471
3,6,0.60,0.902503814176581
3,6,0.65,0.9177554974366321
3,6,0.70,0.925887372640136
3,6,0.75,0.8911340162229365
3,6,0.80,0.9121965200449088
3,6,0.85,0.9163978069857559
3,6,0.90,0.8763907657672884
3,6,0.95,0.9035477464400107
3,7,0.05,0.8225245254437434
3,7,0.10,0.49933787320397405
3,7,0.15,0.8515805254021396
3,7,0.20,0.8370726955504414
3,7,0.25,0.7749151128639602
3,7,0.30,0.8059587516331115
3,7,0.35,0.7972417615040495
3,7,0.40,0.9073235321561388
3,7,0.45,0.8993882151869839
3,7,0.50,0.8295637365870614
3,7,0.55,0.8729557927546361
3,7,0.60,0.8003739295033786
3,7,0.65,0.8677893962900154
3,7,0.70,0.8533269324859756
3,7,0.75,0.9100909811356495
3,7,0.80,0.9072834807384037
3,7,0.85,0.9294138989488288
3,7,0.90,0.7516557628016463
3,7,0.95,0.8657138682792254
3,8,0.05,0.7096516821993142
3,8,0.10,0.09916634194574436
3,8,0.15,0.8664671767752068
3,8,0.20,0.9476008147407681
3,8,0.25,0.82175841558635
3,8,0.30,0.8071333349699255
3,8,0.35,0.8946462995870524
3,8,0.40,0.8269539253074054
3,8,0.45,0.778596656127933
3,8,0.50,0.8927581064090796
3,8,0.55,0.8957636000158836
3,8,0.60,0.9011814582242139
3,8,0.65,0.8458762948047387
3,8,0.70,0.8857407006575719
3,8,0.75,0.9004057215311345
3,8,0.80,0.8971262287058416
3,8,0.85,0.8985986470101979
3,8,0.90,0.7693832455824066
3,8,0.95,0.8574490277205455
3,9,0.05,0.16655439124852212
3,9,0.10,0.5556922323969771
3,9,0.15,0.8598508196348362
3,9,0.20,0.7127714492806285
3,9,0.25,0.8928421013634031
3,9,0.30,0.9325218604767835
3,9,0.35,0.7893956658556807
3,9,0.40,0.7676200090176459
3,9,0.45,0.916882611498783
3,9,0.50,0.8568916382586649
3,9,0.55,0.9039077702758895
3,9,0.60,0.861877382861268
3,9,0.65,0.9253498734429284
3,9,0.70,0.9015503815430193
3,9,0.75,0.9370303719654395
3,9,0.80,0.9378786989188197
3,9,0.85,0.9257964383741223
3,9,0.90,0.8773369434915907
3,9,0.95,0.8779902060788579
4,0,0.05,-0.3456212835879564
4,0,0.10,0.2681639766773438
4,0,0.15,0.6379604642973364
4,0,0.20,0.45314529883615895
4,0,0.25,0.7720315020830455
4,0,0.30,0.9197607447872981
4,0,0.35,0.8247876993873828
4,0,0.40,0.8481276811721342
4,0,0.45,0.8066959532420244
4,0,0.50,0.8284056286012864
4,0,0.55,0.8555417449207506
4,0,0.60,0.8819407758330888
4,0,0.65,0.8262900235023
4,0,0.70,0.872673278896049
4,0,0.75,0.8679064998321475
4,0,0.80,0.8695289916846505
4,0,0.85,0.8976488783676726
4,0,0.90,0.9361758263919537
4,0,0.95,0.9358824629704152
4,1,0.05,-1.5783909533726979
4,1,0.10,0.795670327104053
4,1,0.15,0.12728184001363385
4,1,0.20,0.2761827004013232
4,1,0.25,0.7307813196743101
4,1,0.30,0.7957707852813245
4,1,0.35,0.579518413245817
4,1,0.40,0.5332016025961281
4,1,0.45,0.8300379334801381
4,1,0.50,0.8516138170908427
4,1,0.55,0.683030482114735
4,1,0.60,0.920679903019526
4,1,0.65,0.8110817456844321
4,1,0.70,0.882210263355034
4,1,0.75,0.7752064001528796
4,1,0.80,0.8466223708221112
4,1,0.85,0.8341800888001122
4,1,0.90,0.8438445330703753
4,1,0.95,0.8557334468929575
4,2,0.05,-0.09703847219107375
4,2,0.10,0.5355497289464968
4,2,0.15,0.3910466877762049
4,2,0.20,0.9403349084977469
4,2,0.25,0.7700774195399287
4,2,0.30,0.8195727094245093
4,2,0.35,0.6333028623254131
4,2,0.40,0.8654886303689029
4,2,0.45,0.8246199983710326
4,2,0.50,0.8758076236219023
4,2,0.55,0.9112087661619861
4,2,0.60,0.6825125828918779
4,2,0.65,0.871293592257661
4,2,0.70,0.9383638003156374
4,2,0.75,0.8621332529092988
4,2,0.80,0.9404385196808654
4,2,0.85,0.7963418992552952
4,2,0.90,0.9393916569388187
4,2,0.95,0.7773026615439108
4,3,0.05,0.11954639184453264
4,3,0.10,0.7772741158614138
4,3,0.15,0.8698468467646367
4,3,0.20,0.2759460716625497
4,3,0.25,0.8740063250137233
4,3,0.30,0.5500345090500987
4,3,0.35,0.7523494327212643
4,3,0.40,0.9205947773208026
4,3,0.45,0.902600646746096
4,3,0.50,0.7951853378755067
4,3,0.55,0.8258052741210271
4,3,0.60,0.8455423246962652
4,3,0.65,0.8210988267925632
4,3,0.70,0.919974433686536
4,3,0.75,0.780236745682445
4,3,0.80,0.8293745932234892
4,3,0.85,0.9388779311079624
4,3,0.90,0.8862468949569315
4,3,0.95,0.8321904799842167
4,4,0.05,0.3010516340497513
4,4,0.10,0.5559070202324834
4,4,0.15,0.7576743266343581
4,4,0.20,0.8196802866308074
4,4,0.25,0.8578280872502287
4,4,0.30,0.6877140349788659
4,4,0.35,0.8797116483327537
4,4,0.40,0.8144503440032512
4,4,0.45,0.8861366596093972
4,4,0.50,0.9235110996912117
4,4,0.55,0.6756620646797848
4,4,0.60,0.8268148976569585
4,4,0.65,0.9269209307163093
4,4,0.70,0.9248962378433176
4,4,0.75,0.7725691167224449
4,4,0.80,0.8882717243250168
4,4,0.85,0.8960372395444303
4,4,0.90,0.9182952041338832
4,4,0.95,0.8519451295571142
4,5,0.05,0.24397687770570986
4,5,0.10,0.40155315690546045
4,5,0.15,0.8445519249843378
4,5,0.20,0.8857464232959577
4,5,0.25,0.7472662719157697
4,5,0.30,0.8409882848010238
4,5,0.35,0.9344308043219612
4,5,0.40,0.8811888874794306
4,5,0.45,0.7417238923430975
4,5,0.50,0.8341536700615703
4,5,0.55,0.7687500327401546
4,5,0.60,0.8571158182868778
4,5,0.65,0.8779466293554197
4,5,0.70,0.8819540487604568
4,5,0.75,0.9022586913652684
4,5,0.80,0.9338267622362522
4,5,0.85,0.9233999890911367
4,5,0.90,0.927933447843757
4,5,0.95,0.942303238441377
4,6,0.05,-0.22031944210867627
4,6,0.10,0.9300472777980028
4,6,0.15,0.8582976535995062
4,6,0.20,0.5750021729496394
4,6,0.25,0.7521580546038138
4,6,0.30,0.5366125909722315
4,6,0.35,0.7813662750019715
4,6,0.40,0.8036724524529139
4,6,0.45,0.8208804554233835
4,6,0.50,0.8608142588726866
4,6,0.55,0.8443701061676362
4,6,0.60,0.9114405544171075
4,6,0.65,0.8445608640824094
4,6,0.70,0.8844147614792167
4,6,0.75,0.7859046493351614
4,6,0.80,0.5865236607693236
4,6,0.85,0.9429402860932257
4,6,0.90,0.9192804512841707
4,6,0.95,0.9139459013599713
4,7,0.05,0.3705307103959765
4,7,0.10,0.9259351922250325
4,7,0.15,0.7330844747695717
4,7,0.20,0.7958648344077304
4,7,0.25,0.832782182997003
4,7,0.30,0.883446611068324
4,7,0.35,0.7596533304736479
4,7,0.40,0.6738411279373984
4,7,0.45,0.8250897033271142
4,7,0.50,0.6692268529399602
4,7,0.55,0.8929729403219405
4,7,0.60,0.7527943959733074
4,7,0.65,0.9293614704334869
4,7,0.70,0.8865354900821522
4,7,0.75,0.9293543568636505
4,7,0.80,0.8858074607029367
4,7,0.85,0.8665159897883512
4,7,0.90,0.8588383750747287
4,7,0.95,0.8083850946871971
4,8,0.05,-0.6650738224008459
4,8,0.10,0.8177426980695031
4,8,0.15,0.728860900221868
4,8,0.20,0.7569244548574239
4,8,0.25,0.756812200457754
4,8,0.30,0.2653451700962599
4,8,0.35,0.9622635616606299
4,8,0.40,0.9565027839332414
4,8,0.45,0.6694636561266252
4,8,0.50,0.8166340589895047
4,8,0.55,0.8633939245697282
4,8,0.60,0.8138241874013491
4,8,0.65,0.9111800356043241
4,8,0.70,0.901251681152901
4,8,0.75,0.7933967689480947
4,8,0.80,0.8262520921386197
4,8,0.85,0.7832573981622072
4,8,0.90,0.8553354740078849
4,8,0.95,0.9027894873264477
4,9,0.05,0.7177772817949617
4,9,0.10,0.272893175799211
4,9,0.15,0.8846939910767215
4,9,0.20,0.8193477770392243
4,9,0.25,0.6973046975906496
4,9,0.30,0.768902954386672
4,9,0.35,0.8404641841629077
4,9,0.40,0.932001098513918
4,9,0.45,0.9194896163681618
4,9,0.50,0.8062177420147716
4,9,0.55,0.8530647052023033
4,9,0.60,0.8904271541503034
4,9,0.65,0.8850200099101289
4,9,0.70,0.8759489888192568
4,9,0.75,0.939930678685314
4,9,0.80,0.8772029949161526
4,9,0.85,0.8400185992373245
4,9,0.90,0.8926697034175776
4,9,0.95,0.9197959706474274
5,0,0.05,0.9721537494688278
5,0,0.10,0.8259676251019568
5,0,0.15,0.8160874315026476
5,0,0.20,0.8852274106180466
5,0,0.25,0.8715906313457779
5,0,0.30,0.8717483637151501
5,0,0.35,0.8046349487054143
5,0,0.40,0.9157690418366875
5,0,0.45,0.909190049177834
5,0,0.50,0.88346336975155
5,0,0.55,0.7993828089549943
5,0,0.60,0.8462693824167082
5,0,0.65,0.8303579461127913
5,0,0.70,0.8676220496338186
5,0,0.75,0.8640994190079738
5,0,0.80,0.8880010895676461
5,0,0.85,0.8679481530527557
5,0,0.90,0.8448830671489141
5,0,0.95,0.8669558168128623
5,1,0.05,0.9406338752842517
5,1,0.10,0.7810066424866511
5,1,0.15,0.620368407562655
5,1,0.20,0.9214415618179489
5,1,0.25,0.8598389896517973
5,1,0.30,0.8725770401365173
5,1,0.35,0.9192295370983129
5,1,0.40,0.9312450015939122
5,1,0.45,0.9002548701486208
5,1,0.50,0.8919734093484561
5,1,0.55,0.8564139583278907
5,1,0.60,0.8596037077607994
5,1,0.65,0.8270940371579492
5,1,0.70,0.7563784115741315
5,1,0.75,0.8553925766830335
5,1,0.80,0.8291683088311557
5,1,0.85,0.8756340933545425
5,1,0.90,0.9268314308205314
5,1,0.95,0.9308969047728086
5,2,0.05,0.7003750906508344
5,2,0.10,0.827060034749546
5,2,0.15,0.7939639472422244
5,2,0.20,0.9269879108796399
5,2,0.25,0.6847558966554491
5,2,0.30,0.7568058519967111
5,2,0.35,0.8727291653638962
5,2,0.40,0.9529264919409638
5,2,0.45,0.799648231592097
5,2,0.50,0.7902630657779127
5,2,0.55,0.8009873962911719
5,2,0.60,0.9346683276810415
5,2,0.65,0.9532082582067043
5,2,0.70,0.8639835272044766
5,2,0.75,0.8287445005064487
5,2,0.80,0.8165764923860964
5,2,0.85,0.8488109979543677
5,2,0.90,0.8718339932149151
5,2,0.95,0.8509692660150163
5,3,0.05,0.9084396521513916
5,3,0.10,0.8132957079004817
5,3,0.15,0.8369241705404851
5,3,0.20,0.843652824488551
5,3,0.25,0.6813241464225843
5,3,0.30,0.8625772535507275
5,3,0.35,0.8906974381044099
5,3,0.40,0.8540549662054264
5,3,0.45,0.8336116898618486
5,3,0.50,0.8914763599158773
5,3,0.55,0.8980558025711385
5,3,0.60,0.8321467192050551
5,3,0.65,0.9252755236043745
5,3,0.70,0.9238374625505077
5,3,0.75,0.9142011075133074
5,3,0.80,0.8404256049575911
5,3,0.85,0.9286463390315467
5,3,0.90,0.8987609380505219
5,3,0.95,0.8437350882548394
5,4,0.05,0.9796883867230998
5,4,0.10,0.7557327938780654
5,4,0.15,0.8201598723064271
5,4,0.20,0.894311895024366
5,4,0.25,0.8323033803649111
5,4,0.30,0.8506348833903571
5,4,0.35,0.8433493089611555
5,4,0.40,0.8889037062857087
5,4,0.45,0.8828016522626148
5,4,0.50,0.7744049617345632
5,4,0.55,0.9039817544342014
5,4,0.60,0.7818314805263494
5,4,0.65,0.8085425579076084
5,4,0.70,0.8813074523415867
5,4,0.75,0.8345788209943328
5,4,0.80,0.8420352209892416
5,4,0.85,0.8344881431165903
5,4,0.90,0.850195800994467
5,4,0.95,0.9369489136664191
5,5,0.05,0.6332735194572725
5,5,0.10,0.9732155760418182
5,5,0.15,0.8628577590112723
5,5,0.20,0.429968540232194
5,5,0.25,0.8771038199049146
5,5,0.30,0.7290717623231152
5,5,0.35,0.7767213914879739
5,5,0.40,0.8642824875925029
5,5,0.45,0.9410458996613256
5,5,0.50,0.8864723314918042
5,5,0.55,0.8938279011973206
5,5,0.60,0.8924897684628162
5,5,0.65,0.7383158209017706
5,5,0.70,0.7338817071670857
5,5,0.75,0.8602410877548342
5,5,0.80,0.8279701067673253
5,5,0.85,0.8788082383073648
5,5,0.90,0.9018373856151449
5,5,0.95,0.854800869862382
5,6,0.05,0.5027794150794666
5,6,0.10,0.53213101940295
5,6,0.15,0.9420167400446717
5,6,0.20,0.7934444848288659
5,6,0.25,0.8704303083078494
5,6,0.30,0.7369214884881439
5,6,0.35,0.8566524523516686
5,6,0.40,0.9020294220221543
5,6,0.45,0.7366727166194529
5,6,0.50,0.8696321441883916
5,6,0.55,0.9288262692063627
5,6,0.60,0.8332399469333013
5,6,0.65,0.9163769963267538
5,6,0.70,0.9022462150614373
5,6,0.75,0.8773389542400053
5,6,0.80,0.8902828971982715
5,6,0.85,0.9106256908104655
5,6,0.90,0.9317050393009692
5,6,0.95,0.8549618015400594
5,7,0.05,0.9074747849557077
5,7,0.10,0.4361404364068928
5,7,0.15,0.7691422102103391
5,7,0.20,0.8634068791974784
5,7,0.25,0.719882557247082
5,7,0.30,0.7899231937569603
5,7,0.35,0.7921149043185787
5,7,0.40,0.7943519019470935
5,7,0.45,0.9233295033598857
5,7,0.50,0.8418210095240004
5,7,0.55,0.8866882456624128
5,7,0.60,0.9325937221991818
5,7,0.65,0.7664485973343811
5,7,0.70,0.8459667575404307
5,7,0.75,0.865111435164245
5,7,0.80,0.930730078263218
5,7,0.85,0.9133243822098134
5,7,0.90,0.8563691178734867
5,7,0.95,0.7889338512698196
5,8,0.05,0.8672080497059941
5,8,0.10,0.9341370737492896
5,8,0.15,0.9564742443950746
5,8,0.20,0.9086519477798081
5,8,0.25,0.8503929184137651
5,8,0.30,0.9021794489118357
5,8,0.35,0.8299867312771331
5,8,0.40,0.7662950541620958
5,8,0.45,0.8225232663680764
5,8,0.50,0.8588481114458292
5,8,0.55,0.8991123510373954
5,8,0.60,0.8609616496625772
5,8,0.65,0.8503384861967465
5,8,0.70,0.8757669859108306
5,8,0.75,0.9031079256019348
5,8,0.80,0.8943316610078909
5,8,0.85,0.8528535417551704
5,8,0.90,0.8510287066228203
5,8,0.95,0.8135937875056889
5,9,0.05,0.4778976013871177
5,9,0.10,0.8110904147583788
5,9,0.15,0.8993470090201722
5,9,0.20,0.8339314062615284
5,9,0.25,0.8253669449510806
5,9,0.30,0.8365067659881271
5,9,0.35,0.8723470972065418
5,9,0.40,0.906284512061419
5,9,0.45,0.9346627574060717
5,9,0.50,0.889279514537467
5,9,0.55,0.8332496631572517
5,9,0.60,0.8558797052824179
5,9,0.65,0.9469207732584765
5,9,0.70,0.8649305247842635
5,9,0.75,0.7892807361265726
5,9,0.80,0.8539943091754147
5,9,0.85,0.9377165766437832
5,9,0.90,0.8726544884639603
5,9,0.95,0.9027309542319724
6,0,0.05,0.9245918007911662
6,0,0.10,0.3688687086678092
6,0,0.15,0.8874667070481371
6,0,0.20,0.6453640164515904
6,0,0.25,0.9303443260827217
6,0,0.30,0.9513100631175556
6,0,0.35,0.9295445650257951
6,0,0.40,0.9427611313391991
6,0,0.45,0.9229601482079612
6,0,0.50,0.8566366489462
6,0,0.55,0.9077287760706008
6,0,0.60,0.9243908560856118
6,0,0.65,0.9285116989655173
6,0,0.70,0.905786546009918
6,0,0.75,0.885027271705874
6,0,0.80,0.8148124000561057
6,0,0.85,0.9109162111131768
6,0,0.90,0.9147935612254944
6,0,0.95,0.8570060927016354
6,1,0.05,0.7159061970148501
6,1,0.10,0.6226497666996105
6,1,0.15,0.8622442746928873
6,1,0.20,0.7989190652899268
6,1,0.25,0.857840513386914
6,1,0.30,0.9557894964395601
6,1,0.35,0.744776179494559
6,1,0.40,0.8224894109652149
6,1,0.45,0.7960861422259279
6,1,0.50,0.8036041054035881
6,1,0.55,0.9447637897549617
6,1,0.60,0.9134329830842651
6,1,0.65,0.9280213988900519
6,1,0.70,0.852803705848357
6,1,0.75,0.9006610237401944
6,1,0.80,0.8672489300816963
6,1,0.85,0.8631136817406322
6,1,0.90,0.8565091138240757
6,1,0.95,0.8579321962303984
6,2,0.05,0.6258312819251521
6,2,0.10,0.6531622736864122
6,2,0.15,0.8286386159512263
6,2,0.20,0.9099291889807912
6,2,0.25,0.8512637557697681
6,2,0.30,0.7832350099838165
6,2,0.35,0.7530529447415937
6,2,0.40,0.6770720829989595
6,2,0.45,0.7186102141200983
6,2,0.50,0.7887712159494397
6,2,0.55,0.8385372014006427
6,2,0.60,0.838230894794038
6,2,0.65,0.8997541369922113
6,2,0.70,0.8968693541717031
6,2,0.75,0.8920359809816899
6,2,0.80,0.8707403904331168
6,2,0.85,0.9099467126965749
6,2,0.90,0.9129895386394856
6,2,0.95,0.9350269199756392
6,3,0.05,0.5859990306591527
6,3,0.10,0.9187912265586682
6,3,0.15,0.49047630159059896
6,3,0.20,0.7212345193272296
6,3,0.25,0.8592238174649325
6,3,0.30,0.8352361090967032
6,3,0.35,0.9060573524726723
6,3,0.40,0.7643244981468231
6,3,0.45,0.9050162803664744
6,3,0.50,0.7199118935479354
6,3,0.55,0.9245134218637793
6,3,0.60,0.9569765464969988
6,3,0.65,0.8753035168152944
6,3,0.70,0.8828471081677507
6,3,0.75,0.9041740712043691
6,3,0.80,0.820229085209749
6,3,0.85,0.8562866772867135
6,3,0.90,0.9121024501214174
6,3,0.95,0.8486608794725851
6,4,0.05,0.5554681731199733
6,4,0.10,0.9131901762641784
6,4,0.15,0.6749827810635092
6,4,0.20,0.8526566957236367
6,4,0.25,0.871537803272334
6,4,0.30,0.8790286346160653
6,4,0.35,0.9115837010908541
6,4,0.40,0.5549199464902208
6,4,0.45,0.8865912049826277
6,4,0.50,0.8558103929174132
6,4,0.55,0.9133430300776115
6,4,0.60,0.9563484144132955
6,4,0.65,0.8674052869974253
6,4,0.70,0.8671615210027409
6,4,0.75,0.8816400126878761
6,4,0.80,0.8644303047382618
6,4,0.85,0.9328208856752773
6,4,0.90,0.941347575184478
6,4,0.95,0.9172694059409476
6,5,0.05,0.619783129009511
6,5,0.10,0.9826341001481738
6,5,0.15,0.7425782312944682
6,5,0.20,0.9113053521729712
6,5,0.25,0.5898027902954983
6,5,0.30,0.8599955714167135
6,5,0.35,0.9024156452295254
6,5,0.40,0.7681481129372503
6,5,0.45,0.8690254391012491
6,5,0.50,0.696968669704912
6,5,0.55,0.9058318724501926
6,5,0.60,0.8942129381626608
6,5,0.65,0.8773088789695676
6,5,0.70,0.8652862184917641
6,5,0.75,0.9316006773938457
6,5,0.80,0.9027028412890895
6,5,0.85,0.9172554419567849
6,5,0.90,0.8803089297732102
6,5,0.95,0.9382242686576587
6,6,0.05,0.9358156224818198
6,6,0.10,0.5304011927527427
6,6,0.15,0.8767285257229464
6,6,0.20,0.9028638823594017
6,6,0.25,0.6237423439569125
6,6,0.30,0.8964702342486524
6,6,0.35,0.8722872350830743
6,6,0.40,0.8340956720127181
6,6,0.45,0.8975817797644033
6,6,0.50,0.810685060214704
6,6,0.55,0.8601119659639069
6,6,0.60,0.9261030880844993
6,6,0.65,0.8850508357861357
6,6,0.70,0.9032193144048193
6,6,0.75,0.7574985705055636
6,6,0.80,0.9361596400645069
6,6,0.85,0.9257111061445013
6,6,0.90,0.9249173380891941
6,6,0.95,0.9039043475728433
6,7,0.05,0.5142270987359561
6,7,0.10,0.7458661281943093
6,7,0.15,0.9526635860387787
6,7,0.20,0.8489529671762758
6,7,0.25,0.8929714658202836
6,7,0.30,0.859336663671003
6,7,0.35,0.9122112538673445
6,7,0.40,0.7441977121587002
6,7,0.45,0.9331243104039769
6,7,0.50,0.7471038976656696
6,7,0.55,0.8553679278298072
6,7,0.60,0.8608951691420973
6,7,0.65,0.8671827847471161
6,7,0.70,0.8916096833499277
6,7,0.75,0.8056639476569107
6,7,0.80,0.9029265833218241
6,7,0.85,0.9049622046569297
6,7,0.90,0.8692904974426995
6,7,0.95,0.9250326948361646
6,8,0.05,-3.159795091958525
6,8,0.10,0.8617320192160318
6,8,0.15,0.5404061643862204
6,8,0.20,0.9063714464758513
6,8,0.25,0.8888108401597998
6,8,0.30,0.8186612402622879
6,8,0.35,0.8891975971469177
6,8,0.40,0.7877710193778895
6,8,0.45,0.9511928052840087
6,8,0.50,0.8114537147347266
6,8,0.55,0.7163984041358611
6,8,0.60,0.8971929862261747
6,8,0.65,0.9132065233191673
6,8,0.70,0.8984160565151829
6,8,0.75,0.9123646462348646
6,8,0.80,0.9093462446846317
6,8,0.85,0.8873067027842589
6,8,0.90,0.8751817838331704
6,8,0.95,0.8623324150162373
6,9,0.05,0.6998969082709476
6,9,0.10,0.8623107036393558
6,9,0.15,0.6487683879664685
6,9,0.20,0.7899897086718514
6,9,0.25,0.9247900263877772
6,9,0.30,0.9228786871755197
6,9,0.35,0.9086679554661246
6,9,0.40,0.8751653998085022
6,9,0.45,0.9319659769865192
6,9,0.50,0.7863566998950875
6,9,0.55,0.8698617002251126
6,9,0.60,0.8823985561301464
6,9,0.65,0.881685635226901
6,9,0.70,0.952309011116515
6,9,0.75,0.9093732279180797
6,9,0.80,0.9352326281033352
6,9,0.85,0.8557317402292789
6,9,0.90,0.9336019638998346
6,9,0.95,0.7925295612203455
7,0,0.05,0.2434410654366188
7,0,0.10,0.8066434686065662
7,0,0.15,0.6800242848595057
7,0,0.20,0.6806429386034382
7,0,0.25,0.8843560165073521
7,0,0.30,0.7662562833618123
7,0,0.35,0.8051617428068784
7,0,0.40,0.8087943905888633
7,0,0.45,0.8962964375383891
7,0,0.50,0.8949658370281258
7,0,0.55,0.8069427155391831
7,0,0.60,0.9418826855034355
7,0,0.65,0.9053216354732523
7,0,0.70,0.9070345646526282
7,0,0.75,0.934136160721883
7,0,0.80,0.9267448901059101
7,0,0.85,0.9562098028253283
7,0,0.90,0.9467943523132353
7,0,0.95,0.8943362871499959
7,1,0.05,0.4839480425295334
7,1,0.10,0.7444315723495147
7,1,0.15,0.83730143314627
7,1,0.20,0.8851847915675248
7,1,0.25,0.870066469450772
7,1,0.30,0.776072722467458
7,1,0.35,0.9123867745181521
7,1,0.40,0.805427300883378
7,1,0.45,0.9127239986834994
7,1,0.50,0.7213511346207554
7,1,0.55,0.8582811279593368
7,1,0.60,0.8483819721658954
7,1,0.65,0.8847787227400125
7,1,0.70,0.9505746551183591
7,1,0.75,0.8531509049624011
7,1,0.80,0.9585361616970656
7,1,0.85,0.8853736021368339
7,1,0.90,0.8077868684039708
7,1,0.95,0.8675297075630931
7,2,0.05,0.10779795513352497
7,2,0.10,0.4514183911163935
7,2,0.15,0.8099041064580526
7,2,0.20,0.58612344304673
7,2,0.25,0.535265688658264
7,2,0.30,0.7904737549898577
7,2,0.35,0.8292518289963828
7,2,0.40,0.8907355770110347
7,2,0.45,0.8424953004278367
7,2,0.50,0.8499176659620904
7,2,0.55,0.9268434087971987
7,2,0.60,0.8539548276585374
7,2,0.65,0.9221324469911857
7,2,0.70,0.8040454329378915
7,2,0.75,0.9404866271774381
7,2,0.80,0.9435292830560905
7,2,0.85,0.8209755904751965
7,2,0.90,0.9298092908075143
7,2,0.95,0.852105390039706
7,3,0.05,-0.7322319263873527
7,3,0.10,0.6155794417177138
7,3,0.15,0.8606787069094299
7,3,0.20,0.7470731560253776
7,3,0.25,0.8654994791575386
7,3,0.30,0.8328217616228606
7,3,0.35,0.9411560755226208
7,3,0.40,0.8603599825687145
7,3,0.45,0.7814362713420118
7,3,0.50,0.8112442964631459
7,3,0.55,0.8396691898180381
7,3,0.60,0.9368041726850223
7,3,0.65,0.876285708748438
7,3,0.70,0.9051540803049978
7,3,0.75,0.9073091211362393
7,3,0.80,0.9282434355063207
7,3,0.85,0.8921523141990598
7,3,0.90,0.9511383317132429
7,3,0.95,0.8752247598609026
7,4,0.05,-2.4483302817317023
7,4,0.10,0.8496038131390659
7,4,0.15,0.4920374122415462
7,4,0.20,0.7627058955553238
7,4,0.25,0.7803018416488811
7,4,0.30,0.9387213334374912
7,4,0.35,0.9313106644805487
7,4,0.40,0.7566735528282913
7,4,0.45,0.8279579905544124
7,4,0.50,0.9006244220481009
7,4,0.55,0.8268840834099531
7,4,0.60,0.8803280167899851
7,4,0.65,0.9226413648301268
7,4,0.70,0.8600159810386665
7,4,0.75,0.9354698924674245
7,4,0.80,0.8992181473295269
7,4,0.85,0.8004985535556299
7,4,0.90,0.9046540488309283
7,4,0.95,0.9308383896538897
7,5,0.05,0.8723535118977618
7,5,0.10,0.20741883132174999
7,5,0.15,0.8595755208638292
7,5,0.20,0.6748393990318353
7,5,0.25,0.6812765779608596
7,5,0.30,0.6303285406463828
7,5,0.35,0.736660860684029
7,5,0.40,0.9076977058499864
7,5,0.45,0.6571919073852267
7,5,0.50,0.8733711717429435
7,5,0.55,0.846695933460611
7,5,0.60,0.8966044192558097
7,5,0.65,0.8350045036511637
7,5,0.70,0.793399712095137
7,5,0.75,0.9033310134503149
7,5,0.80,0.9322959541845175
7,5,0.85,0.8560362139965458
7,5,0.90,0.8027530443961776
7,5,0.95,0.8762982157161088
7,6,0.05,0.8863318080426679
7,6,0.10,0.21499535938310677
7,6,0.15,0.767157806253344
7,6,0.20,0.6413953674029607
7,6,0.25,0.7594188970313381
7,6,0.30,0.9174210577046573
7,6,0.35,0.9549012104446132
7,6,0.40,0.826211380608404
7,6,0.45,0.7803769047749544
7,6,0.50,0.8862313682363423
7,6,0.55,0.9080623204162198
7,6,0.60,0.858120104920132
7,6,0.65,0.8990330057395206
7,6,0.70,0.9416750602683214
7,6,0.75,0.8775317264693596
7,6,0.80,0.9254291135325576
7,6,0.85,0.8863221411245754
7,6,0.90,0.7945873932924757
7,6,0.95,0.8929418746002455
7,7,0.05,-2.2932468750916484
7,7,0.10,0.8490635030630643
7,7,0.15,0.15361483441039425
7,7,0.20,0.7541421597520348
7,7,0.25,0.9032395904375555
7,7,0.30,0.6386823471654901
7,7,0.35,0.7770982984882728
7,7,0.40,0.815898160705423
7,7,0.45,0.8808003672831277
7,7,0.50,0.8504658033181545
7,7,0.55,0.7351955383764472
7,7,0.60,0.9125366527817588
7,7,0.65,0.9202910188816449
7,7,0.70,0.9417127185139638
7,7,0.75,0.8698873730333542
7,7,0.80,0.8940628266927999
7,7,0.85,0.8890840156230514
7,7,0.90,0.8398821099316308
7,7,0.95,0.9049388148331827
7,8,0.05,0.8271489792372263
7,8,0.10,0.5989026084130972
7,8,0.15,0.9169005866439923
7,8,0.20,0.7309894186175097
7,8,0.25,0.5369292439619395
7,8,0.30,0.7374605721045984
7,8,0.35,0.8665612206707762
7,8,0.40,0.7730112988158182
7,8,0.45,0.8079724520744906
7,8,0.50,0.8547301113471149
7,8,0.55,0.8932248686403921
7,8,0.60,0.8123940977677792
7,8,0.65,0.8592752569879285
7,8,0.70,0.8322601753330278
7,8,0.75,0.8262541424039713
7,8,0.80,0.934748136591638
7,8,0.85,0.819517496389162
7,8,0.90,0.8583009998972231
7,8,0.95,0.8859728057567873
7,9,0.05,0.4239739871457556
7,9,0.10,0.7905399060794072
7,9,0.15,0.4033724809388807
7,9,0.20,0.6367150792622434
7,9,0.25,0.7915701804544388
7,9,0.30,0.8843050616802131
7,9,0.35,0.8514620171605274
7,9,0.40,0.8808797668465205
7,9,0.45,0.8682629189237266
7,9,0.50,0.9117228671758182
7,9,0.55,0.8595260523792112
7,9,0.60,0.8593628502600626
7,9,0.65,0.6479960674771448
7,9,0.70,0.9234503686553015
7,9,0.75,0.9013612996189666
7,9,0.80,0.8537081336542544
7,9,0.85,0.9117702172171032
7,9,0.90,0.8914927618512093
7,9,0.95,0.9105677940286727
8,0,0.05,0.5212682868330456
8,0,0.10,0.7352781401752986
8,0,0.15,0.37636079325985894
8,0,0.20,0.8212108753358044
8,0,0.25,0.7959011565991072
8,0,0.30,0.7630569738216917
8,0,0.35,0.7858561709839604
8,0,0.40,0.7072965189428542
8,0,0.45,0.8779133986435746
8,0,0.50,0.8877362016533026
8,0,0.55,0.7683477011714451
8,0,0.60,0.8168171809142946
8,0,0.65,0.8214874685462571
8,0,0.70,0.8360405683678337
8,0,0.75,0.9191997829520145
8,0,0.80,0.8387522055098403
8,0,0.85,0.8997280747259544
8,0,0.90,0.9289373208802263
8,0,0.95,0.9043257954190528
8,1,0.05,0.8043852994583132
8,1,0.10,0.24786450904437718
8,1,0.15,0.7673340286082007
8,1,0.20,0.6609257590597832
8,1,0.25,0.6097449486940568
8,1,0.30,0.7846731974583662
8,1,0.35,0.8191965509520877
8,1,0.40,0.7830324948885794
8,1,0.45,0.7539891618517571
8,1,0.50,0.7420069351548801
8,1,0.55,0.8688720538827462
8,1,0.60,0.8706498951620568
8,1,0.65,0.8517727728880999
8,1,0.70,0.8114445258741951
8,1,0.75,0.8155246716972222
8,1,0.80,0.8235104377762354
8,1,0.85,0.7818086868842579
8,1,0.90,0.8718463447884166
8,1,0.95,0.9263435166671675
8,2,0.05,0.797311745152731
8,2,0.10,0.7849401363531091
8,2,0.15,0.5996706085745942
8,2,0.20,0.6329092422609652
8,2,0.25,0.7517829167435629
8,2,0.30,0.666617174187424
8,2,0.35,0.7905838117089898
8,2,0.40,0.8728600995433055
8,2,0.45,0.9170865700005957
8,2,0.50,0.8724423908695212
8,2,0.55,0.6459735887611296
8,2,0.60,0.8450534025285651
8,2,0.65,0.8113751875698132
8,2,0.70,0.9283487341329358
8,2,0.75,0.8999171543993001
8,2,0.80,0.8626742976900545
8,2,0.85,0.8489905835059682
8,2,0.90,0.9503402053682453
8,2,0.95,0.9224388681122432
8,3,0.05,0.7483693981671087
8,3,0.10,0.13200010703167386
8,3,0.15,0.6603256423078954
8,3,0.20,0.3730059312147018
8,3,0.25,0.7715731095423851
8,3,0.30,0.8117980442771504
8,3,0.35,0.7929639492059727
8,3,0.40,0.7708451414804403
8,3,0.45,0.7662145108152683
8,3,0.50,0.845194731634453
8,3,0.55,0.7667543966082815
8,3,0.60,0.7513231871988983
8,3,0.65,0.7834377635743103
8,3,0.70,0.8481399972903002
8,3,0.75,0.8682265549219543
8,3,0.80,0.8766503971059459
8,3,0.85,0.8109150201363986
8,3,0.90,0.9202785560690754
8,3,0.95,0.911582817628951
8,4,0.05,-3.043042141663851
8,4,0.10,0.5548188953899297
8,4,0.15,0.3144991145936997
8,4,0.20,0.6048415739084749
8,4,0.25,0.8505576529691172
8,4,0.30,0.8300035316672966
8,4,0.35,0.8340441106600276
8,4,0.40,0.8265098545979359
8,4,0.45,0.5795447620395571
8,4,0.50,0.7585412429277535
8,4,0.55,0.8074163224710363
8,4,0.60,0.8941566690735085
8,4,0.65,0.8045240363649093
8,4,0.70,0.8467226370217527
8,4,0.75,0.852995621770545
8,4,0.80,0.8123307953511114
8,4,0.85,0.875903124583669
8,4,0.90,0.8439324681478071
8,4,0.95,0.934232896246342
8,5,0.05,0.26557859287334884
8,5,0.10,-0.4372392035511421
8,5,0.15,0.681179375431942
8,5,0.20,0.5442918068490221
8,5,0.25,0.8499127788336528
8,5,0.30,0.8342422128603201
8,5,0.35,0.7884467869525231
8,5,0.40,0.8518294599371383
8,5,0.45,0.8449418206979818
8,5,0.50,0.8421843060608757
8,5,0.55,0.8266342328927538
8,5,0.60,0.8027549499060166
8,5,0.65,0.86170074891777
8,5,0.70,0.7943771488496799
8,5,0.75,0.8412184045905033
8,5,0.80,0.8637727757155366
8,5,0.85,0.8967547214317061
8,5,0.90,0.8653157321819704
8,5,0.95,0.8601253885911578
8,6,0.05,0.0813447281204388
8,6,0.10,-0.001064421410923666
8,6,0.15,0.3469409045869658
8,6,0.20,0.7326673337377092
8,6,0.25,0.802800908071872
8,6,0.30,0.673463654078871
8,6,0.35,0.8722960812891738
8,6,0.40,0.6765311409909839
8,6,0.45,0.9065943372329205
8,6,0.50,0.7262668557426134
8,6,0.55,0.7384035722016802
8,6,0.60,0.6773441552852757
8,6,0.65,0.801517837270957
8,6,0.70,0.8472637699758532
8,6,0.75,0.7974555577454496
8,6,0.80,0.8074586327417413
8,6,0.85,0.8772031949928543
8,6,0.90,0.8973468954894792
8,6,0.95,0.8989328108989049
8,7,0.05,0.6666624963215599
8,7,0.10,0.3794155204266345
8,7,0.15,0.8704646156446996
8,7,0.20,0.8455829268813359
8,7,0.25,0.7893326327928903
8,7,0.30,0.7846480619306148
8,7,0.35,0.8582436794816151
8,7,0.40,0.9221286772503382
8,7,0.45,0.9174340084755124
8,7,0.50,0.8495092467120707
8,7,0.55,0.8495015464796114
8,7,0.60,0.7591766357741111
8,7,0.65,0.8339886139277282
8,7,0.70,0.9390700767903709
8,7,0.75,0.8647993031880412
8,7,0.80,0.841199959914871
8,7,0.85,0.9365306354146009
8,7,0.90,0.9135591519226143
8,7,0.95,0.8424440222151792
8,8,0.05,0.28995687514896074
8,8,0.10,0.6024221773780996
8,8,0.15,0.6981765542797941
8,8,0.20,0.5550385382549992
8,8,0.25,0.7580244046485641
8,8,0.30,0.8129187327639392
8,8,0.35,0.8400911651664096
8,8,0.40,0.7978555606470872
8,8,0.45,0.8085389245295556
8,8,0.50,0.9175451030533385
8,8,0.55,0.9019213564260864
8,8,0.60,0.9288165002611533
8,8,0.65,0.7707907230582147
8,8,0.70,0.9180649258964543
8,8,0.75,0.7936501532599283
8,8,0.80,0.8291259415963799
8,8,0.85,0.9233557959914365
8,8,0.90,0.8396772810601373
8,8,0.95,0.9076016232124335
8,9,0.05,0.75888213997271
8,9,0.10,-0.772692156804494
8,9,0.15,0.8666852480866599
8,9,0.20,0.11770515113299529
8,9,0.25,0.8884083748943555
8,9,0.30,0.858259187363332
8,9,0.35,0.7685443340496896
8,9,0.40,0.9013410992293731
8,9,0.45,0.8389100030186801
8,9,0.50,0.9439264755372978
8,9,0.55,0.8870267954842351
8,9,0.60,0.6765220668478407
8,9,0.65,0.8286255524078999
8,9,0.70,0.8947152486602947
8,9,0.75,0.8779990487919718
8,9,0.80,0.9505720294143689
8,9,0.85,0.8386215101742956
8,9,0.90,0.9147259217706157
8,9,0.95,0.8923482164811408
9,0,0.05,0.6599830147504813
9,0,0.10,0.798387189715955
9,0,0.15,0.912242259081774
9,0,0.20,0.2843332099693532
9,0,0.25,0.7664749256394581
9,0,0.30,0.8290975519135075
9,0,0.35,0.8486576601446225
9,0,0.40,0.8246503544632795
9,0,0.45,0.9418440763997905
9,0,0.50,0.8659142317529308
9,0,0.55,0.7995126127429779
9,0,0.60,0.8467671803888759
9,0,0.65,0.8543980983937419
9,0,0.70,0.8734803747032351
9,0,0.75,0.8972515369259864
9,0,0.80,0.8787611195307796
9,0,0.85,0.8175736332728925
9,0,0.90,0.8516784353948429
9,0,0.95,0.8636969500324767
9,1,0.05,0.20615543147976112
9,1,0.10,0.6347532463350254
9,1,0.15,0.9008067925564188
9,1,0.20,0.9246771541635096
9,1,0.25,0.7328647670609771
9,1,0.30,0.8007927708828346
9,1,0.35,0.9474733073127549
9,1,0.40,0.5512840776308616
9,1,0.45,0.8168544966812137
9,1,0.50,0.7681993733456952
9,1,0.55,0.8150149987815729
9,1,0.60,0.7103410979987239
9,1,0.65,0.8490723766972248
9,1,0.70,0.8614330404667246
9,1,0.75,0.8529241530173474
9,1,0.80,0.9448180916951381
9,1,0.85,0.9033105791107612
9,1,0.90,0.7981061591639349
9,1,0.95,0.9311084496035212
9,2,0.05,-0.03951824568397333
9,2,0.10,0.04754082579714647
9,2,0.15,0.8915906597229846
9,2,0.20,0.4518636938646401
9,2,0.25,0.6964995339461739
9,2,0.30,0.6842972635770297
9,2,0.35,0.7682879818344807
9,2,0.40,0.8449982081664754
9,2,0.45,0.7953363984123333
9,2,0.50,0.9592996633101806
9,2,0.55,0.864759924291721
9,2,0.60,0.7567777364471715
9,2,0.65,0.909156669701176
9,2,0.70,0.8271389611927598
9,2,0.75,0.878419057030661
9,2,0.80,0.9050915349536132
9,2,0.85,0.8351533047783057
9,2,0.90,0.9019905919162216
9,2,0.95,0.8458035606812464
9,3,0.05,-0.16183457169508952
9,3,0.10,0.7980482940743466
9,3,0.15,0.9508883859648429
9,3,0.20,0.6943265240549719
9,3,0.25,0.831298400907001
9,3,0.30,0.7749483327478777
9,3,0.35,0.8755713608040824
9,3,0.40,0.9369781849223195
9,3,0.45,0.9009296563238873
9,3,0.50,0.8295493308541875
9,3,0.55,0.8207788608826931
9,3,0.60,0.9089754876775282
9,3,0.65,0.8851096119250397
9,3,0.70,0.9022994783869854
9,3,0.75,0.9131176203407686
9,3,0.80,0.714946025006428
9,3,0.85,0.8743384433880377
9,3,0.90,0.897650037304047
9,3,0.95,0.9113465362247173
9,4,0.05,0.13702899007667924
9,4,0.10,0.8912414445091964
9,4,0.15,0.7845206712425402
9,4,0.20,0.9377313523962457
9,4,0.25,0.5612247303590822
9,4,0.30,0.7698898152735348
9,4,0.35,0.8597748794241049
9,4,0.40,0.8904322583956555
9,4,0.45,0.8138147278922905
9,4,0.50,0.8418576575569096
9,4,0.55,0.8802314703127445
9,4,0.60,0.8864292040366571
9,4,0.65,0.8334705777409007
9,4,0.70,0.888442232060552
9,4,0.75,0.8566720080417279
9,4,0.80,0.9137388678057327
9,4,0.85,0.906583549769863
9,4,0.90,0.8236439771152028
9,4,0.95,0.8333097666171452
9,5,0.05,0.027765560666919264
9,5,0.10,0.449439411765577
9,5,0.15,0.9501578402438426
9,5,0.20,0.9139143038957432
9,5,0.25,0.8423891497619547
9,5,0.30,0.7051497646217793
9,5,0.35,0.9139455098403972
9,5,0.40,0.9237393363148487
9,5,0.45,0.8466310484075139
9,5,0.50,0.909015956617836
9,5,0.55,0.7191332606329985
9,5,0.60,0.7615598926327503
9,5,0.65,0.8932028096391649
9,5,0.70,0.8069589658997377
9,5,0.75,0.8899048226296568
9,5,0.80,0.8093948203536397
9,5,0.85,0.8642491575795208
9,5,0.90,0.902937549023267
9,5,0.95,0.9361283826191457
9,6,0.05,0.3443942689687006
9,6,0.10,0.5829090246676933
9,6,0.15,0.9503781113608485
9,6,0.20,0.8879358287327952
9,6,0.25,0.6015924805890063
9,6,0.30,0.7309785141084384
9,6,0.35,0.6430876615220532
9,6,0.40,0.851555932770534
9,6,0.45,0.6335206819307652
9,6,0.50,0.6715467967396733
9,6,0.55,0.6939821196409606
9,6,0.60,0.6803454512498996
9,6,0.65,0.9124036597488245
9,6,0.70,0.895753822074006
9,6,0.75,0.7830503739095217
9,6,0.80,0.9217508655148149
9,6,0.85,0.9400524157535872
9,6,0.90,0.8403249504362926
9,6,0.95,0.8582740978227847
9,7,0.05,0.9440797179871507
9,7,0.10,0.43737505754314476
9,7,0.15,0.9600029769287701
9,7,0.20,0.7823487894261318
9,7,0.25,0.7577429708661679
9,7,0.30,0.8723488987701958
9,7,0.35,0.8314525234063869
9,7,0.40,0.9461790563528955
9,7,0.45,0.9312927220258487
9,7,0.50,0.8788190883242846
9,7,0.55,0.778445033400678
9,7,0.60,0.8830311567550073
9,7,0.65,0.9161001984740068
9,7,0.70,0.9473006175533456
9,7,0.75,0.9187706429649853
9,7,0.80,0.891889904038555
9,7,0.85,0.8385725883314199
9,7,0.90,0.8467174316235685
9,7,0.95,0.7279816866252863
9,8,0.05,-0.20361862907989003
9,8,0.10,-0.15565501084613098
9,8,0.15,0.8674498311128411
9,8,0.20,0.8873071173627615
9,8,0.25,0.7419265499831137
9,8,0.30,0.9276372375003458
9,8,0.35,0.8065727775390834
9,8,0.40,0.8774027654337766
9,8,0.45,0.7494941435219126
9,8,0.50,0.8425868075687988
9,8,0.55,0.7925894201251444
9,8,0.60,0.8675614235375226
9,8,0.65,0.8380019611729781
9,8,0.70,0.906955083916706
9,8,0.75,0.869108353049866
9,8,0.80,0.9052844091749866
9,8,0.85,0.9087432434753246
9,8,0.90,0.9447898407433285
9,8,0.95,0.8482464464416335
9,9,0.05,0.9377188137645424
9,9,0.10,0.8070086012929631
9,9,0.15,0.4853014830427448
9,9,0.20,0.8761337260313788
9,9,0.25,0.8368730165778575
9,9,0.30,0.8794705635190958
9,9,0.35,0.9349047181290062
9,9,0.40,0.8177576883208084
9,9,0.45,0.9254299377937992
9,9,0.50,0.9078227304546391
9,9,0.55,0.9289281511085854
9,9,0.60,0.875527617755303
9,9,0.65,0.7844629264813945
9,9,0.70,0.9013857123390498
9,9,0.75,0.898422473331485
9,9,0.80,0.816447632552578
9,9,0.85,0.9635389984093075
9,9,0.90,0.9050094997527898
9,9,0.95,0.9274810790799475
10,0,0.05,0.7276389529339671
10,0,0.10,0.5242205082346638
10,0,0.15,0.3894866906719934
10,0,0.20,0.8310174042797012
10,0,0.25,0.8388251716887984
10,0,0.30,0.6895897347737614
10,0,0.35,0.9054612095058452
10,0,0.40,0.8797263021728461
10,0,0.45,0.8769068080311182
10,0,0.50,0.9100371004079976
10,0,0.55,0.8715570071670131
10,0,0.60,0.7613576843286403
10,0,0.65,0.7746587674292742
10,0,0.70,0.7699629293742403
10,0,0.75,0.8296075345099451
10,0,0.80,0.8669343424946725
10,0,0.85,0.8639896482964997
10,0,0.90,0.9268795953150547
10,0,0.95,0.802685353955454
10,1,0.05,0.9866337943780756
10,1,0.10,0.9002365697790404
10,1,0.15,0.8402135527388886
10,1,0.20,0.8767853465375669
10,1,0.25,0.8713890413056836
10,1,0.30,0.7947176383213963
10,1,0.35,0.784086680155923
10,1,0.40,0.9096885469239111
10,1,0.45,0.8156975485135545
10,1,0.50,0.8573664970706625
10,1,0.55,0.756058236404925
10,1,0.60,0.8460064791269615
10,1,0.65,0.9223762529436916
10,1,0.70,0.7841301131902824
10,1,0.75,0.8169108429418528
10,1,0.80,0.9219433968195153
10,1,0.85,0.8412312992651072
10,1,0.90,0.8609500949871265
10,1,0.95,0.9103655602564111
10,2,0.05,0.6720825998059923
10,2,0.10,0.5567984222850703
10,2,0.15,0.8166358537200925
10,2,0.20,0.8775143048687604
10,2,0.25,0.8258250762799526
10,2,0.30,0.9254037210160706
10,2,0.35,0.9364635350419724
10,2,0.40,0.9403868524435031
10,2,0.45,0.823437741311413
10,2,0.50,0.7851671285959064
10,2,0.55,0.7783748316282613
10,2,0.60,0.812488570869485
10,2,0.65,0.856350801605636
10,2,0.70,0.8765237008061789
10,2,0.75,0.8199092335679475
10,2,0.80,0.9396711841302183
10,2,0.85,0.8306915311284295
10,2,0.90,0.826173347366921
10,2,0.95,0.9199817163586692
10,3,0.05,0.847271146564909
10,3,0.10,0.5438653399541525
10,3,0.15,0.9421961488003283
10,3,0.20,0.5904256903737172
10,3,0.25,0.8687211127848414
10,3,0.30,0.9274141499105668
10,3,0.35,0.7705751805007695
10,3,0.40,0.9222191678540872
10,3,0.45,0.8798412072221112
10,3,0.50,0.8906011074664689
10,3,0.55,0.7347680085951313
10,3,0.60,0.6713557768321812
10,3,0.65,0.8831842160652514
10,3,0.70,0.9531703658179913
10,3,0.75,0.9006236624433906
10,3,0.80,0.8870654372698785
10,3,0.85,0.8733514528296047
10,3,0.90,0.8598479974200638
10,3,0.95,0.8022636519265851
10,4,0.05,0.9630687411886808
10,4,0.10,0.24789390543792267
10,4,0.15,0.8673063750199949
10,4,0.20,0.8394524443888659
10,4,0.25,0.7980510770884697
10,4,0.30,0.927166751206494
10,4,0.35,0.9087000438859768
10,4,0.40,0.8159718398405635
10,4,0.45,0.6292559993378268
10,4,0.50,0.9001604977061307
10,4,0.55,0.8117808805488973
10,4,0.60,0.8161197985233725
10,4,0.65,0.8228321240005032
10,4,0.70,0.8598940769456231
10,4,0.75,0.9304555837926531
10,4,0.80,0.8469719292869351
10,4,0.85,0.8823954487834927
10,4,0.90,0.8909942364465462
10,4,0.95,0.8499260107651823
10,5,0.05,0.5520912397538622
10,5,0.10,0.6597295189323154
10,5,0.15,0.9674374056777658
10,5,0.20,0.8340362740818055
10,5,0.25,0.7343848596419418
10,5,0.30,0.8871817727196245
10,5,0.35,0.9364840271110721
10,5,0.40,0.8996342347794971
10,5,0.45,0.8817102948656376
10,5,0.50,0.9573004206690527
10,5,0.55,0.830324064028987
10,5,0.60,0.8643314085079685
10,5,0.65,0.8291633319320877
10,5,0.70,0.8721524771310742
10,5,0.75,0.8800091012406497
10,5,0.80,0.8369393064966992
10,5,0.85,0.8658317442526164
10,5,0.90,0.9283940467771639
10,5,0.95,0.9656744125416366
10,6,0.05,0.95912367857766
10,6,0.10,0.7566864058650439
10,6,0.15,0.8759884341429881
10,6,0.20,0.8408695358327585
10,6,0.25,0.8347382154107851
10,6,0.30,0.7023874466940845
10,6,0.35,0.889180058698216
10,6,0.40,0.8426432637088598
10,6,0.45,0.8737086061579764
10,6,0.50,0.7777505269801683
10,6,0.55,0.7910856015179478
10,6,0.60,0.9032167605082324
10,6,0.65,0.7709307200204433
10,6,0.70,0.9215553081305862
10,6,0.75,0.8741487551449296
10,6,0.80,0.8947416493939871
10,6,0.85,0.8663387434697312
10,6,0.90,0.8029143497474573
10,6,0.95,0.9094248271752423
10,7,0.05,-0.07185268694574831
10,7,0.10,0.28809267955499773
10,7,0.15,0.947848828096058
10,7,0.20,0.583366384999571
10,7,0.25,0.8412738309142066
10,7,0.30,0.9035357237750146
10,7,0.35,0.9597603453605298
10,7,0.40,0.8969951560386481
10,7,0.45,0.8810129442658238
10,7,0.50,0.8806224393783411
10,7,0.55,0.6411565508525292
10,7,0.60,0.8281455664882619
10,7,0.65,0.9109071208369484
10,7,0.70,0.8629117924935028
10,7,0.75,0.8912042893460168
10,7,0.80,0.8422223177119138
10,7,0.85,0.8404602002666599
10,7,0.90,0.9323461124330971
10,7,0.95,0.9178077205743991
10,8,0.05,0.6936836189640201
10,8,0.10,0.4407949850605811
10,8,0.15,0.8480060115742218
10,8,0.20,0.8898772920292835
10,8,0.25,0.9459144991153672
10,8,0.30,0.9567158217526649
10,8,0.35,0.8481639406342025
10,8,0.40,0.9538453431577509
10,8,0.45,0.7901640196892143
10,8,0.50,0.8371014785730638
10,8,0.55,0.8666674687441829
10,8,0.60,0.8470916570345146
10,8,0.65,0.9371325420058841
10,8,0.70,0.7718007082962253
10,8,0.75,0.9352505598624191
10,8,0.80,0.8401758981670661
10,8,0.85,0.8546903566519175
10,8,0.90,0.9079031155401728
10,8,0.95,0.888152429916064
10,9,0.05,0.9152541499080141
10,9,0.10,0.48842953040083337
10,9,0.15,0.9484444070272966
10,9,0.20,0.7814958564235002
10,9,0.25,0.7203155863735883
10,9,0.30,0.824391550713226
10,9,0.35,0.9118872081051885
10,9,0.40,0.7673156077544384
10,9,0.45,0.8966507452674606
10,9,0.50,0.9033560199171204
10,9,0.55,0.7187497433781136
10,9,0.60,0.8862086485143987
10,9,0.65,0.8891129701384217
10,9,0.70,0.9096323518739173
10,9,0.75,0.8207958146269783
10,9,0.80,0.9433507825667962
10,9,0.85,0.8970418775916419
10,9,0.90,0.8272533683473374
10,9,0.95,0.8768574514388595
11,0,0.05,0.8474353954761045
11,0,0.10,0.2862761639687734
11,0,0.15,0.22563991400856698
11,0,0.20,0.8556733334740539
11,0,0.25,0.9106265891390746
11,0,0.30,0.8174500327000164
11,0,0.35,0.7482055214352358
11,0,0.40,0.8411679195756079
11,0,0.45,0.8957636060603107
11,0,0.50,0.8743601632370016
11,0,0.55,0.8230850344482933
11,0,0.60,0.9125452099826057
11,0,0.65,0.9421381778394731
11,0,0.70,0.8899401255092727
11,0,0.75,0.8185943058280043
11,0,0.80,0.8226909805500178
11,0,0.85,0.7864624017506722
11,0,0.90,0.8346235195875036
11,0,0.95,0.9188183150110161
11,1,0.05,0.559944859193171
11,1,0.10,0.6362243050352134
11,1,0.15,0.8401626739309773
11,1,0.20,0.8965409647601904
11,1,0.25,0.8561047497445602
11,1,0.30,0.8276087898346263
11,1,0.35,0.8997937483646572
11,1,0.40,0.7233891218544057
11,1,0.45,0.8404850674501249
11,1,0.50,0.9138402541684493
11,1,0.55,0.881528502726393
11,1,0.60,0.8658787918482715
11,1,0.65,0.8172627214354761
11,1,0.70,0.8751364007494009
11,1,0.75,0.8932862868481315
11,1,0.80,0.9045562097832318
11,1,0.85,0.806675703923299
11,1,0.90,0.8849658677373875
11,1,0.95,0.8880712522686212
11,2,0.05,-0.39171404268308874
11,2,0.10,0.032547666596004166
11,2,0.15,0.8839826677742605
11,2,0.20,0.8013599497751859
11,2,0.25,0.9610679065007218
11,2,0.30,0.8849230065203547
11,2,0.35,0.7977000318306143
11,2,0.40,0.8441965458402891
11,2,0.45,0.8073117709707498
11,2,0.50,0.9015267402418659
11,2,0.55,0.8912560919027154
11,2,0.60,0.8431687906174992
11,2,0.65,0.939401123417746
11,2,0.70,0.892046116382105
11,2,0.75,0.8251066290348941
11,2,0.80,0.9469347363383068
11,2,0.85,0.872568058251456
11,2,0.90,0.8870017213798103
11,2,0.95,0.938552483951016
11,3,0.05,0.22011789390559566
11,3,0.10,0.6015275699399318
11,3,0.15,0.7681554357508706
11,3,0.20,0.7102989214680544
11,3,0.25,0.5479279600149664
11,3,0.30,0.9482076773720977
11,3,0.35,0.81288442879573
11,3,0.40,0.7919625815712452
11,3,0.45,0.8495765164479854
11,3,0.50,0.9140787361325063
11,3,0.55,0.8006572727158426
11,3,0.60,0.9295503160048315
11,3,0.65,0.9212912060440555
11,3,0.70,0.8448075073802577
11,3,0.75,0.9391109429003082
11,3,0.80,0.9105585964017937
11,3,0.85,0.913633529237896
11,3,0.90,0.903435483117554
11,3,0.95,0.9239184837779681
11,4,0.05,0.3392284463694799
11,4,0.10,0.727907721604826
11,4,0.15,0.12726034555359844
11,4,0.20,0.8670112591280262
11,4,0.25,0.8142141861830994
11,4,0.30,0.7944694489641722
11,4,0.35,0.8672505872905303
11,4,0.40,0.813999165757832
11,4,0.45,0.8656169532716851
11,4,0.50,0.8085623500438359
11,4,0.55,0.8233110496414545
11,4,0.60,0.8843049080626924
11,4,0.65,0.829446284587922
11,4,0.70,0.8884207551236804
11,4,0.75,0.9445139743159868
11,4,0.80,0.9186919780284062
11,4,0.85,0.8523252526518287
11,4,0.90,0.8984230692677063
11,4,0.95,0.8532122732557554
11,5,0.05,-16.81575455660486
11,5,0.10,0.6189684058193047
11,5,0.15,0.8028427664803848
11,5,0.20,0.8834609446497228
11,5,0.25,0.6743003054026228
11,5,0.30,0.8757761933586068
11,5,0.35,0.5886167406431201
11,5,0.40,0.8049972960503756
11,5,0.45,0.8045304522910095
11,5,0.50,0.857667233914793
11,5,0.55,0.8901176748847084
11,5,0.60,0.8294715260817598
11,5,0.65,0.8486930772866572
11,5,0.70,0.9340950350447293
11,5,0.75,0.9134165043487177
11,5,0.80,0.807331632844952
11,5,0.85,0.9188289809428043
11,5,0.90,0.7425329153684666
11,5,0.95,0.8979600804932606
11,6,0.05,0.19083693639694854
11,6,0.10,0.2018465618617683
11,6,0.15,0.6926949348035907
11,6,0.20,0.6742533390517864
11,6,0.25,0.6062010340483523
11,6,0.30,0.8722622458765752
11,6,0.35,0.8849329131039635
11,6,0.40,0.6760970537712695
11,6,0.45,0.7561269807322089
11,6,0.50,0.8022703708558686
11,6,0.55,0.9457089027806269
11,6,0.60,0.8852078094199871
11,6,0.65,0.9254211300129374
11,6,0.70,0.9301399074540277
11,6,0.75,0.9279083787427096
11,6,0.80,0.8217849873730045
11,6,0.85,0.930927786194541
11,6,0.90,0.8527117210735338
11,6,0.95,0.8401294204088269
11,7,0.05,-4.7318007870648
11,7,0.10,0.5014548124048184
11,7,0.15,0.3247140801155336
11,7,0.20,0.7672389614936329
11,7,0.25,0.9605815106255566
11,7,0.30,0.8030438415897153
11,7,0.35,0.7091930631796913
11,7,0.40,0.8527051879039895
11,7,0.45,0.8483667694706712
11,7,0.50,0.7791204111420704
11,7,0.55,0.9350750239811764
11,7,0.60,0.9308092921332668
11,7,0.65,0.8973398996450472
11,7,0.70,0.8816026488788953
11,7,0.75,0.9432865034027772
11,7,0.80,0.8643703914510746
11,7,0.85,0.835857117421761
11,7,0.90,0.8942425629036005
11,7,0.95,0.9055989147768044
11,8,0.05,-0.46126311315062085
11,8,0.10,0.5503722416230228
11,8,0.15,0.7514456915285127
11,8,0.20,0.6285611224975713
11,8,0.25,0.8682610834054154
11,8,0.30,0.9231609581837887
11,8,0.35,0.797431580382851
11,8,0.40,0.8088059497645508
11,8,0.45,0.9071952679730264
11,8,0.50,0.8093307338111481
11,8,0.55,0.9161532092904013
11,8,0.60,0.8265879180383832
11,8,0.65,0.8863601051365707
11,8,0.70,0.8660697667319507
11,8,0.75,0.9456270860519297
11,8,0.80,0.9379287081072969
11,8,0.85,0.9278885551022149
11,8,0.90,0.8336820752407361
11,8,0.95,0.9146008053129275
11,9,0.05,0.4160176505354982
11,9,0.10,-0.16106777318166254
11,9,0.15,0.748272419523009
11,9,0.20,0.848665275003061
11,9,0.25,0.7214174247006
11,9,0.30,0.8728802083360563
11,9,0.35,0.8307019238546575
11,9,0.40,0.8550737756878047
11,9,0.45,0.8097542660868273
11,9,0.50,0.8379780722548921
11,9,0.55,0.7217527638254362
11,9,0.60,0.8773722207884178
11,9,0.65,0.9360490935711715
11,9,0.70,0.9119755884217716
11,9,0.75,0.8733170346782893
11,9,0.80,0.9618138200042168
11,9,0.85,0.8551291964025247
11,9,0.90,0.8963016248357698
11,9,0.95,0.8897766554177763
12,0,0.05,-0.9500237754043914
12,0,0.10,-0.10395098614757559
12,0,0.15,0.8029226246670838
12,0,0.20,0.8666230762886955
12,0,0.25,0.7696966204808249
12,0,0.30,0.8499977255867781
12,0,0.35,0.7974888710842937
12,0,0.40,0.8542469918971556
12,0,0.45,0.820894399375435
12,0,0.50,0.8681885880616679
12,0,0.55,0.8656311617700657
12,0,0.60,0.905179485987999
12,0,0.65,0.8790388701837561
12,0,0.70,0.9225407412733929
12,0,0.75,0.9306669070096917
12,0,0.80,0.8936545127277289
12,0,0.85,0.9230241938284113
12,0,0.90,0.8133452316662817
12,0,0.95,0.8933511789463109
12,1,0.05,0.41393057313909365
12,1,0.10,0.7828164184082076
12,1,0.15,0.4643335644660076
12,1,0.20,0.7665401366374457
12,1,0.25,0.7452428124846882
12,1,0.30,0.7221405853491691
12,1,0.35,0.945931489272676
12,1,0.40,0.8573524389259481
12,1,0.45,0.928924807698995
12,1,0.50,0.8845812877629464
12,1,0.55,0.8436156600397279
12,1,0.60,0.9004004853607523
12,1,0.65,0.942921938963005
12,1,0.70,0.9178786247859604
12,1,0.75,0.8707887340055475
12,1,0.80,0.8927679783259761
12,1,0.85,0.8586301321765551
12,1,0.90,0.9403091861529354
12,1,0.95,0.902580894076665
12,2,0.05,0.20839583387148253
12,2,0.10,0.1984050752036839
12,2,0.15,0.5914869679931107
12,2,0.20,0.7325385706201526
12,2,0.25,0.892644305994086
12,2,0.30,0.8496529626164211
12,2,0.35,0.9173601044618289
12,2,0.40,0.814016105016919
12,2,0.45,0.8890959926422225
12,2,0.50,0.8996368848855871
12,2,0.55,0.798885028381281
12,2,0.60,0.9183233868303197
12,2,0.65,0.8610782386439693
12,2,0.70,0.8466704488461688
12,2,0.75,0.922853613713061
12,2,0.80,0.8323331700730789
12,2,0.85,0.8103981015653775
12,2,0.90,0.8113618848815999
12,2,0.95,0.8470247336399338
12,3,0.05,0.9890212673720868
12,3,0.10,0.2594474744418912
12,3,0.15,0.835803349337119
12,3,0.20,0.7887761165464539
12,3,0.25,0.46600678095864945
12,3,0.30,0.830413714591791
12,3,0.35,0.9577458127737899
12,3,0.40,0.8894691650928568
12,3,0.45,0.7863679886326018
12,3,0.50,0.9272062304029649
12,3,0.55,0.9081527191647135
12,3,0.60,0.9207993432162624
12,3,0.65,0.8308081974321232
12,3,0.70,0.933326369471881
12,3,0.75,0.9308061651533551
12,3,0.80,0.9115009210287988
12,3,0.85,0.8497530635496537
12,3,0.90,0.8503701394175485
12,3,0.95,0.9358549038203279
12,4,0.05,0.29645078922940127
12,4,0.10,-0.2107030431872916
12,4,0.15,0.6540583263105617
12,4,0.20,0.920021474097918
12,4,0.25,0.8985170468410534
12,4,0.30,0.805862687459284
12,4,0.35,0.8815129831495179
12,4,0.40,0.8264802915995436
12,4,0.45,0.8199230202652751
12,4,0.50,0.927695009267301
12,4,0.55,0.9180226146331637
12,4,0.60,0.9386977454549172
12,4,0.65,0.9184859080211646
12,4,0.70,0.8739424817826833
12,4,0.75,0.9239410179262364
12,4,0.80,0.8504375320199271
12,4,0.85,0.9053786081816056
12,4,0.90,0.90039516706875
12,4,0.95,0.8604082943556572
12,5,0.05,0.17847314121463131
12,5,0.10,0.9038456088426192
12,5,0.15,0.5253045331599404
12,5,0.20,0.8574563759189
12,5,0.25,0.8612368984990524
12,5,0.30,0.8124549580266128
12,5,0.35,0.7534967100836523
12,5,0.40,0.8898420178866107
12,5,0.45,0.832805226281842
12,5,0.50,0.9078550048124765
12,5,0.55,0.9216039873006232
12,5,0.60,0.7823145836520584
12,5,0.65,0.914218866015981
12,5,0.70,0.8584732173065439
12,5,0.75,0.8978851957944265
12,5,0.80,0.9308608416125979
12,5,0.85,0.9274551322569385
12,5,0.90,0.9333783378423831
12,5,0.95,0.8747444758174595
12,6,0.05,-0.12073252058661188
12,6,0.10,0.7291334016257631
12,6,0.15,0.757619608171605
12,6,0.20,0.9242967578445528
12,6,0.25,0.8529477906164001
12,6,0.30,0.9536844631215734
12,6,0.35,0.9038017094929522
12,6,0.40,0.8005662123437717
12,6,0.45,0.8822120920865998
12,6,0.50,0.9322616679808081
12,6,0.55,0.8789776686204109
12,6,0.60,0.7746275328295168
12,6,0.65,0.8482074784564302
12,6,0.70,0.8819339758878849
12,6,0.75,0.9320095457393401
12,6,0.80,0.8039770604059946
12,6,0.85,0.8624139683421942
12,6,0.90,0.9516170774293853
12,6,0.95,0.8639465964559718
12,7,0.05,-0.9318326881477847
12,7,0.10,0.07171812851545767
12,7,0.15,0.7285988675372376
12,7,0.20,0.810874739154191
12,7,0.25,0.8463631768476504
12,7,0.30,0.9393525223246982
12,7,0.35,0.72541407771772
12,7,0.40,0.7700115325265313
12,7,0.45,0.8617160105425395
12,7,0.50,0.9002186757262988
12,7,0.55,0.804516661140058
12,7,0.60,0.8933492673683644
12,7,0.65,0.8901349085800614
12,7,0.70,0.8615632948683651
12,7,0.75,0.8888679484874121
12,7,0.80,0.8264900486520751
12,7,0.85,0.8745969894348644
12,7,0.90,0.860621532202295
12,7,0.95,0.8894929420168398
12,8,0.05,0.201770169935645
12,8,0.10,0.6797274214964506
12,8,0.15,0.5125923489343429
12,8,0.20,0.6544046580664575
12,8,0.25,0.907840603752488
12,8,0.30,0.9086932766608524
12,8,0.35,0.9325208916431575
12,8,0.40,0.9496012654318156
12,8,0.45,0.9221535580268737
12,8,0.50,0.912061936461654
12,8,0.55,0.8860482097906531
12,8,0.60,0.8910352244649268
12,8,0.65,0.9310469849535051
12,8,0.70,0.9144351036765873
12,8,0.75,0.936055507114299
12,8,0.80,0.879253907301506
12,8,0.85,0.9172553885876402
12,8,0.90,0.9128672965699476
12,8,0.95,0.9339968793152801
12,9,0.05,-0.5065538172924615
12,9,0.10,0.11056231869556954
12,9,0.15,0.7228268819067465
12,9,0.20,0.8570160553747179
12,9,0.25,0.7195734898035919
12,9,0.30,0.7989002946720876
12,9,0.35,0.8944712369425499
12,9,0.40,0.8793028904021515
12,9,0.45,0.8442832985104651
12,9,0.50,0.9036914715262576
12,9,0.55,0.7566691397963564
12,9,0.60,0.8892171969370319
12,9,0.65,0.8994077972812948
12,9,0.70,0.9237498233771761
12,9,0.75,0.9136732579968879
12,9,0.80,0.9285064820215018
12,9,0.85,0.7939491701417811
12,9,0.90,0.9120081341268519
12,9,0.95,0.8451544814667333
13,0,0.05,0.5266651201712613
13,0,0.10,0.4709000652479305
13,0,0.15,0.7751883731283258
13,0,0.20,0.9663660312504699
13,0,0.25,0.9302095540857378
13,0,0.30,0.9235921737241645
13,0,0.35,0.8645046729378557
13,0,0.40,0.8893840554479091
13,0,0.45,0.9299726407595756
13,0,0.50,0.84351905179957
13,0,0.55,0.8666808434276103
13,0,0.60,0.8132104458412793
13,0,0.65,0.8566845913586553
13,0,0.70,0.8630785311611929
13,0,0.75,0.8695216837389182
13,0,0.80,0.8662763394850255
13,0,0.85,0.9100423815217801
13,0,0.90,0.8887360691555573
13,0,0.95,0.8853085134648353
13,1,0.05,0.6374333241632184
13,1,0.10,0.5476050432787458
13,1,0.15,0.4800905432096373
13,1,0.20,0.9711275186849171
13,1,0.25,0.8139890311947906
13,1,0.30,0.9201782893677699
13,1,0.35,0.9274841668276514
13,1,0.40,0.8697145749344017
13,1,0.45,0.9440519323792529
13,1,0.50,0.9004115010410956
13,1,0.55,0.9330368953986669
13,1,0.60,0.8679163764392576
13,1,0.65,0.8440853417931298
13,1,0.70,0.9080516673735654
13,1,0.75,0.8190388386999673
13,1,0.80,0.9032859756278052
13,1,0.85,0.8062609587651817
13,1,0.90,0.9168462545329995
13,1,0.95,0.8767218064281548
13,2,0.05,0.9118478404472701
13,2,0.10,0.8017335058124222
13,2,0.15,0.3515058533412354
13,2,0.20,0.4842239422596438
13,2,0.25,0.8923745565277207
13,2,0.30,0.4827391081676865
13,2,0.35,0.814597639350696
13,2,0.40,0.8005118224067397
13,2,0.45,0.827942052535577
13,2,0.50,0.8590389203497671
13,2,0.55,0.868302549343888
13,2,0.60,0.873781082265306
13,2,0.65,0.8308972455383579
13,2,0.70,0.9030277250417394
13,2,0.75,0.8805107722173168
13,2,0.80,0.933730894244298
13,2,0.85,0.9148235708675024
13,2,0.90,0.8853973400073143
13,2,0.95,0.9306224050861007
13,3,0.05,0.035278294025134826
13,3,0.10,0.9618001708941184
13,3,0.15,0.9444575758162715
13,3,0.20,0.5842001075279103
13,3,0.25,0.8124670147723322
13,3,0.30,0.6821778903745963
13,3,0.35,0.5182454320913549
13,3,0.40,0.9168231949020618
13,3,0.45,0.8612921161817297
13,3,0.50,0.9078348237922023
13,3,0.55,0.83275898007102
13,3,0.60,0.8983473773456928
13,3,0.65,0.7952242577969562
13,3,0.70,0.8730458757698667
13,3,0.75,0.7400436410875664
13,3,0.80,0.929151576743077
13,3,0.85,0.835538382431594
13,3,0.90,0.894352387056874
13,3,0.95,0.8869773661441478
13,4,0.05,0.9955079662247047
13,4,0.10,0.8053767988754967
13,4,0.15,0.7232097682222938
13,4,0.20,0.843215672483894
13,4,0.25,0.7874889535968994
13,4,0.30,0.6778814013715386
13,4,0.35,0.7599031790688622
13,4,0.40,0.7442392493844003
13,4,0.45,0.8949839063679136
13,4,0.50,0.8954007731271051
13,4,0.55,0.8463324612771007
13,4,0.60,0.8617777406403142
13,4,0.65,0.7687090629448579
13,4,0.70,0.9403720696401446
13,4,0.75,0.8970773706301152
13,4,0.80,0.8243963383939379
13,4,0.85,0.899733254710289
13,4,0.90,0.8914098400847315
13,4,0.95,0.8822404065291267
13,5,0.05,-0.36345472765976194
13,5,0.10,0.23901293121482614
13,5,0.15,0.25655341228324224
13,5,0.20,0.4852863431232469
13,5,0.25,0.7601728324864526
13,5,0.30,0.7912374751205513
13,5,0.35,0.8987583292713623
13,5,0.40,0.939520628139312
13,5,0.45,0.9235406834856416
13,5,0.50,0.885337335437268
13,5,0.55,0.8639286713039022
13,5,0.60,0.9386380928113321
13,5,0.65,0.7924099854053098
13,5,0.70,0.9396067638508327
13,5,0.75,0.928893677414572
13,5,0.80,0.9308485987581513
13,5,0.85,0.8862612349257288
13,5,0.90,0.8996616716503045
13,5,0.95,0.816581505066941
13,6,0.05,0.4056130846909244
13,6,0.10,0.8597344432095293
13,6,0.15,0.6146691840882015
13,6,0.20,0.4738127638505888
13,6,0.25,0.853438444106271
13,6,0.30,0.8896690553829147
13,6,0.35,0.9457767624313567
13,6,0.40,0.913460634068926
13,6,0.45,0.9167512327095376
13,6,0.50,0.9411086140548748
13,6,0.55,0.8044081479935964
13,6,0.60,0.8252957893310806
13,6,0.65,0.8778346114642631
13,6,0.70,0.7728252324936147
13,6,0.75,0.9220099887829201
13,6,0.80,0.9040516144455799
13,6,0.85,0.8418356012317973
13,6,0.90,0.8626017734473698
13,6,0.95,0.8827899596491783
13,7,0.05,-0.19179085514931216
13,7,0.10,0.7617533601656734
13,7,0.15,0.9141734948799807
13,7,0.20,0.9191040668892689
13,7,0.25,0.9207713075499812
13,7,0.30,0.7440952979259111
13,7,0.35,0.8951300555781146
13,7,0.40,0.9050393746460672
13,7,0.45,0.8550670620589823
13,7,0.50,0.9333013773222945
13,7,0.55,0.8466147643224169
13,7,0.60,0.8949159499077961
13,7,0.65,0.9344564518916814
13,7,0.70,0.921153262604544
13,7,0.75,0.8322312921562206
13,7,0.80,0.8951434354491115
13,7,0.85,0.8768032886863332
13,7,0.90,0.8923374559374619
13,7,0.95,0.8767479511452727
13,8,0.05,0.8293001549778231
13,8,0.10,0.49423999917426154
13,8,0.15,0.5720877325564295
13,8,0.20,0.9340897826971326
13,8,0.25,0.8530204869523439
13,8,0.30,0.38972757894242105
13,8,0.35,0.928875304525091
13,8,0.40,0.9131212480666382
13,8,0.45,0.9160926216560871
13,8,0.50,0.9199837659644459
13,8,0.55,0.9399014880671734
13,8,0.60,0.8466194408509781
13,8,0.65,0.8725547130513456
13,8,0.70,0.8329229222663871
13,8,0.75,0.9420585281478506
13,8,0.80,0.8166408393971166
13,8,0.85,0.8932002588321728
13,8,0.90,0.9149403999518876
13,8,0.95,0.8533807616730233
13,9,0.05,0.15685952124559688
13,9,0.10,0.1385162089993034
13,9,0.15,0.7327420210052351
13,9,0.20,0.8740877586400916
13,9,0.25,0.8629150692353647
13,9,0.30,0.8929631506128161
13,9,0.35,0.9159889736519725
13,9,0.40,0.8619878842668844
13,9,0.45,0.9372021358925596
13,9,0.50,0.9276078362628184
13,9,0.55,0.8252084241501092
13,9,0.60,0.7058781848567409
13,9,0.65,0.8707043725902308
13,9,0.70,0.9148537595703542
13,9,0.75,0.9402243985827408
13,9,0.80,0.9031101109262083
13,9,0.85,0.9369489479877021
13,9,0.90,0.8657978660321124
13,9,0.95,0.7774840881845326
14,0,0.05,-0.1420269307292399
14,0,0.10,0.7908161854763978
14,0,0.15,0.9632649837920808
14,0,0.20,0.524334469907191
14,0,0.25,0.9265477227232677
14,0,0.30,0.7919717978383783
14,0,0.35,0.9586261285519494
14,0,0.40,0.8737828290994286
14,0,0.45,0.8514252635865946
14,0,0.50,0.7664609606577278
14,0,0.55,0.8738059813585838
14,0,0.60,0.8914701666035397
14,0,0.65,0.9252485534689651
14,0,0.70,0.864741821030024
14,0,0.75,0.8006806045324235
14,0,0.80,0.9075205926682873
14,0,0.85,0.8188589849602801
14,0,0.90,0.9001128197680618
14,0,0.95,0.8851210265704159
14,1,0.05,0.22489842803872995
14,1,0.10,0.47166882169318936
14,1,0.15,0.8771707254029426
14,1,0.20,0.8380194617636197
14,1,0.25,0.6281645530830969
14,1,0.30,0.8762887592661818
14,1,0.35,0.8110374401243294
14,1,0.40,0.7839198829345887
14,1,0.45,0.9313413116373027
14,1,0.50,0.9103384117460943
14,1,0.55,0.8599752931721873
14,1,0.60,0.842845981031391
14,1,0.65,0.8195184101828965
14,1,0.70,0.864849799763244
14,1,0.75,0.9574721082926605
14,1,0.80,0.9278230795234021
14,1,0.85,0.9332471796116325
14,1,0.90,0.8972269382730848
14,1,0.95,0.8928479667770245
14,2,0.05,0.645639985452187
14,2,0.10,0.9214612503182852
14,2,0.15,0.7988749157203779
14,2,0.20,0.6913632321369216
14,2,0.25,0.945400366466645
14,2,0.30,0.9196224348671326
14,2,0.35,0.9587672167530101
14,2,0.40,0.9266890295360779
14,2,0.45,0.7529198371245629
14,2,0.50,0.885896861305539
14,2,0.55,0.7857312479641361
14,2,0.60,0.9110275762549594
14,2,0.65,0.8914602423372067
14,2,0.70,0.8012595260033517
14,2,0.75,0.8335548861133115
14,2,0.80,0.8558854655178594
14,2,0.85,0.9286134887239883
14,2,0.90,0.9485883332282928
14,2,0.95,0.8916352831153156
14,3,0.05,0.2761578855078244
14,3,0.10,0.7004194201567021
14,3,0.15,0.8443304336730951
14,3,0.20,0.905654768313118
14,3,0.25,0.7172736867293137
14,3,0.30,0.9344431493003271
14,3,0.35,0.8152702708319838
14,3,0.40,0.7829805695428749
14,3,0.45,0.8982273343223212
14,3,0.50,0.9432647890923995
14,3,0.55,0.9325966151679916
14,3,0.60,0.9070179573570146
14,3,0.65,0.8442673098996631
14,3,0.70,0.8857541033845377
14,3,0.75,0.7480568030650898
14,3,0.80,0.8859992139852796
14,3,0.85,0.8690898800124655
14,3,0.90,0.8812197571206806
14,3,0.95,0.8164614127891489
14,4,0.05,-2.2645773952869095
14,4,0.10,0.8923220301134013
14,4,0.15,0.6870294978381288
14,4,0.20,0.880045017648823
14,4,0.25,0.9642571239629061
14,4,0.30,0.9421184420531141
14,4,0.35,0.8445877306420554
14,4,0.40,0.8326641389915485
14,4,0.45,0.8923778489544298
14,4,0.50,0.8956740036927842
14,4,0.55,0.9205883243833778
14,4,0.60,0.9128003969221641
14,4,0.65,0.9178950132665796
14,4,0.70,0.8956247032134967
14,4,0.75,0.8520750884385337
14,4,0.80,0.8064957099677917
14,4,0.85,0.9429357259213176
14,4,0.90,0.8312955355898362
14,4,0.95,0.862530816336136
14,5,0.05,0.6522031293875776
14,5,0.10,0.7255150898963689
14,5,0.15,0.7495988076249973
14,5,0.20,0.9375359350852439
14,5,0.25,0.9129547704322012
14,5,0.30,0.9156416350995994
14,5,0.35,0.9025517532599736
14,5,0.40,0.8271565302486731
14,5,0.45,0.8204865108275354
14,5,0.50,0.8537340230194671
14,5,0.55,0.9310387718065241
14,5,0.60,0.8645053049788967
14,5,0.65,0.8905097122019588
14,5,0.70,0.8618273786668471
14,5,0.75,0.9086527687621021
14,5,0.80,0.8841712473918817
14,5,0.85,0.9153561453420964
14,5,0.90,0.8145157357780096
14,5,0.95,0.9224621296589564
14,6,0.05,0.6249015386700716
14,6,0.10,0.8056394016927962
14,6,0.15,0.8444094926565282
14,6,0.20,0.9126022595259647
14,6,0.25,0.9461688922210818
14,6,0.30,0.9260628603480159
14,6,0.35,0.8256506834269048
14,6,0.40,0.8977947703115896
14,6,0.45,0.9011931425980753
14,6,0.50,0.9073291313803954
14,6,0.55,0.9167318476309056
14,6,0.60,0.9499381692917778
14,6,0.65,0.86555568442203
14,6,0.70,0.9329462171095919
14,6,0.75,0.8549673658241805
14,6,0.80,0.8707194901151654
14,6,0.85,0.9497273740713564
14,6,0.90,0.797835970415854
14,6,0.95,0.8613992582363915
14,7,0.05,0.9509538457537443
14,7,0.10,0.8747367717531419
14,7,0.15,0.9469946756898195
14,7,0.20,0.7715382771256064
14,7,0.25,0.7379389755559864
14,7,0.30,0.9016407721437938
14,7,0.35,0.9594760669134736
14,7,0.40,0.9358598449129731
14,7,0.45,0.9065957674823711
14,7,0.50,0.7077750070034099
14,7,0.55,0.9168202860863566
14,7,0.60,0.9191510344151347
14,7,0.65,0.8452252673511814
14,7,0.70,0.9321064273362695
14,7,0.75,0.8293096568271678
14,7,0.80,0.9201034044943518
14,7,0.85,0.8422005204570324
14,7,0.90,0.9484044257227533
14,7,0.95,0.950590055308929
14,8,0.05,-1.0169050576884904
14,8,0.10,0.8792394165155828
14,8,0.15,0.9207795956480076
14,8,0.20,0.9631530363923922
14,8,0.25,0.8145754198534572
14,8,0.30,0.9550957976758516
14,8,0.35,0.899845840703396
14,8,0.40,0.8604612181869377
14,8,0.45,0.8641786270336224
14,8,0.50,0.8939110724728412
14,8,0.55,0.9073926096454211
14,8,0.60,0.8388882060494909
14,8,0.65,0.8710720534122074
14,8,0.70,0.8980717460344356
14,8,0.75,0.8841287150560214
14,8,0.80,0.8994616151849173
14,8,0.85,0.934085138149618
14,8,0.90,0.8520770282257688
14,8,0.95,0.9030276583577662
14,9,0.05,0.8464795902603128
14,9,0.10,0.9690086420771648
14,9,0.15,0.5814426439786822
14,9,0.20,0.8411088460513683
14,9,0.25,0.9228293989659213
14,9,0.30,0.891054765229164
14,9,0.35,0.8619675537964242
14,9,0.40,0.8169116378443311
14,9,0.45,0.9415010334127435
14,9,0.50,0.8766463629243222
14,9,0.55,0.7942984731795637
14,9,0.60,0.910032705661431
14,9,0.65,0.9013396018822637
14,9,0.70,0.9190422805542526
14,9,0.75,0.9060904356933107
14,9,0.80,0.9046323551047001
14,9,0.85,0.8315478250210316
14,9,0.90,0.8798368397612677
14,9,0.95,0.9122575036582644
15,0,0.05,0.8058363776195442
15,0,0.10,0.8275336649826174
15,0,0.15,0.8790250609111716
15,0,0.20,0.8874213638332822
15,0,0.25,0.8411139619082729
15,0,0.30,0.8946117067101608
15,0,0.35,0.8146442167963661
15,0,0.40,0.9713900461797959
15,0,0.45,0.7631139387781191
15,0,0.50,0.8777714950258666
15,0,0.55,0.8593321923674546
15,0,0.60,0.810169530626161
15,0,0.65,0.8234450679830458
15,0,0.70,0.8922513961864987
15,0,0.75,0.8370081995730052
15,0,0.80,0.8821642563274363
15,0,0.85,0.9258745661954982
15,0,0.90,0.8868887991277126
15,0,0.95,0.9218501111241793
15,1,0.05,0.5394307705151166
15,1,0.10,0.7115280394760717
15,1,0.15,0.9597248150248264
15,1,0.20,0.9380931478694424
15,1,0.25,0.661018858200914
15,1,0.30,0.865601216553707
15,1,0.35,0.8756302875391487
15,1,0.40,0.9040337704997683
15,1,0.45,0.8757715156663499
15,1,0.50,0.6520188788064003
15,1,0.55,0.8168687533719539
15,1,0.60,0.9251115147403495
15,1,0.65,0.9020119548384173
15,1,0.70,0.9210080323456722
15,1,0.75,0.9123037789973296
15,1,0.80,0.8531315750377539
15,1,0.85,0.8700257461003804
15,1,0.90,0.8432229188785734
15,1,0.95,0.9026379584596321
15,2,0.05,0.6405273236038914
15,2,0.10,0.7202757724857278
15,2,0.15,0.9405569725813219
15,2,0.20,0.8744697901522105
15,2,0.25,0.9293716669361903
15,2,0.30,0.9240411076222788
15,2,0.35,0.9386417869043074
15,2,0.40,0.8571052551992538
15,2,0.45,0.9017987441224071
15,2,0.50,0.9559974021534001
15,2,0.55,0.856707904025334
15,2,0.60,0.911223831282621
15,2,0.65,0.9527675731859206
15,2,0.70,0.8504854943439154
15,2,0.75,0.8234814455392784
15,2,0.80,0.9282556294950265
15,2,0.85,0.9501869133829692
15,2,0.90,0.8546866313112906
15,2,0.95,0.8888825333288725
15,3,0.05,0.855645238208258
15,3,0.10,0.9132235085206799
15,3,0.15,0.7208507559680652
15,3,0.20,0.9556124291389073
15,3,0.25,0.9139741891583493
15,3,0.30,0.8645669939313378
15,3,0.35,0.913314855346645
15,3,0.40,0.9289870006576255
15,3,0.45,0.6876714324958826
15,3,0.50,0.8450185365902595
15,3,0.55,0.8886074946450149
15,3,0.60,0.8801741093429358
15,3,0.65,0.9099145350383556
15,3,0.70,0.8598337852938582
15,3,0.75,0.7953990771853577
15,3,0.80,0.9245457041933649
15,3,0.85,0.9030582002999972
15,3,0.90,0.8591180089587106
15,3,0.95,0.8754170486297441
15,4,0.05,0.8166338394696546
15,4,0.10,0.9575423121500484
15,4,0.15,0.935808956509235
15,4,0.20,0.7428682868337584
15,4,0.25,0.6362886448311762
15,4,0.30,0.9144428625564573
15,4,0.35,0.8895586771957181
15,4,0.40,0.7532539032334313
15,4,0.45,0.8263503302829192
15,4,0.50,0.8390919067798572
15,4,0.55,0.7757115333731818
15,4,0.60,0.8339544049129167
15,4,0.65,0.9402378304481787
15,4,0.70,0.8550629590838974
15,4,0.75,0.8714228328260684
15,4,0.80,0.8559548139552864
15,4,0.85,0.9278569121683656
15,4,0.90,0.8836998079703138
15,4,0.95,0.829320235353338
15,5,0.05,0.5996816766367188
15,5,0.10,0.8866619398480184
15,5,0.15,0.8453201958646936
15,5,0.20,0.8903579151140899
15,5,0.25,0.917419928055391
15,5,0.30,0.8904126651820469
15,5,0.35,0.8748125597352362
15,5,0.40,0.6844998404480807
15,5,0.45,0.884808667088379
15,5,0.50,0.8393267294346767
15,5,0.55,0.9094952935635655
15,5,0.60,0.8939297274946314
15,5,0.65,0.9311307959195447
15,5,0.70,0.8548891796976991
15,5,0.75,0.7015249884256732
15,5,0.80,0.9187084936823616
15,5,0.85,0.9147704229340359
15,5,0.90,0.930197067150514
15,5,0.95,0.9486179743997079
15,6,0.05,0.6958795027261567
15,6,0.10,0.5367664815075543
15,6,0.15,0.7973537546644045
15,6,0.20,0.8635158917088172
15,6,0.25,0.9146758036464449
15,6,0.30,0.4775857798163148
15,6,0.35,0.891585225753527
15,6,0.40,0.8423955381801577
15,6,0.45,0.819569845414917
15,6,0.50,0.7627507175831187
15,6,0.55,0.8538274868507097
15,6,0.60,0.9548659992444782
15,6,0.65,0.9510189071827383
15,6,0.70,0.8455872998605156
15,6,0.75,0.9174580341263261
15,6,0.80,0.8438741106800141
15,6,0.85,0.8633171302609184
15,6,0.90,0.8569318736391883
15,6,0.95,0.8583335951470734
15,7,0.05,-0.29533046965346377
15,7,0.10,0.3669584679914146
15,7,0.15,0.9121212032950302
15,7,0.20,0.657484780286232
15,7,0.25,0.908688311026449
15,7,0.30,0.9468530962209956
15,7,0.35,0.834421387772532
15,7,0.40,0.8619499310810923
15,7,0.45,0.9294071088287011
15,7,0.50,0.8170087330856761
15,7,0.55,0.8492431343847615
15,7,0.60,0.7417170838583171
15,7,0.65,0.945867060901739
15,7,0.70,0.9343125451045734
15,7,0.75,0.8550846729800806
15,7,0.80,0.727663300400301
15,7,0.85,0.8749237805195467
15,7,0.90,0.8136486769138754
15,7,0.95,0.8462916665408846
15,8,0.05,0.63992924054043
15,8,0.10,0.8987126550346554
15,8,0.15,0.9768410921842786
15,8,0.20,0.6009824430699757
15,8,0.25,0.9260346030480147
15,8,0.30,0.9142112449151009
15,8,0.35,0.5287701900404423
15,8,0.40,0.7909407268793018
15,8,0.45,0.8624134065817364
15,8,0.50,0.9582705535313781
15,8,0.55,0.87959445912601
15,8,0.60,0.8375170707622358
15,8,0.65,0.8601552245089301
15,8,0.70,0.8595006155436102
15,8,0.75,0.9033462062558003
15,8,0.80,0.8754083919442057
15,8,0.85,0.9165657574876075
15,8,0.90,0.9134106172224701
15,8,0.95,0.8612943798333561
15,9,0.05,0.5709625526850902
15,9,0.10,0.8866703580519393
15,9,0.15,0.6407587820085979
15,9,0.20,0.9318584711294478
15,9,0.25,0.9076390098370393
15,9,0.30,0.6794503054604313
15,9,0.35,0.9307685357474264
15,9,0.40,0.9258790543151048
15,9,0.45,0.6082262379069723
15,9,0.50,0.8778922877445172
15,9,0.55,0.8618886991524638
15,9,0.60,0.8348435477162214
15,9,0.65,0.9151907032785365
15,9,0.70,0.8358143247584391
15,9,0.75,0.7868669362749445
15,9,0.80,0.8740856644239305
15,9,0.85,0.8470056598074396
15,9,0.90,0.8547641413105146
15,9,0.95,0.8904612252996162
16,0,0.05,0.0617854932188332
16,0,0.10,0.18383063769848929
16,0,0.15,0.7835746383169557
16,0,0.20,0.9580432957483089
16,0,0.25,0.9558319714670147
16,0,0.30,0.9051500758616351
16,0,0.35,0.8937700230693673
16,0,0.40,0.9367189928028604
16,0,0.45,0.8886401298963265
16,0,0.50,0.8576314108871088
16,0,0.55,0.836028944836076
16,0,0.60,0.8317152352771129
16,0,0.65,0.8412421265646572
16,0,0.70,0.9206783024344941
16,0,0.75,0.9164111086656737
16,0,0.80,0.931405675828041
16,0,0.85,0.8741841541998385
16,0,0.90,0.8159511617011974
16,0,0.95,0.9174608684342761
16,1,0.05,-0.20227726899562115
16,1,0.10,0.6510932381108602
16,1,0.15,0.27456422949122483
16,1,0.20,0.9357697756235206
16,1,0.25,0.8776451819342365
16,1,0.30,0.8206422795964441
16,1,0.35,0.8996840051309605
16,1,0.40,0.8389157028846664
16,1,0.45,0.8658574223848416
16,1,0.50,0.7761141905990002
16,1,0.55,0.8550524379907172
16,1,0.60,0.943138466274406
16,1,0.65,0.9076427695811466
16,1,0.70,0.9204701649333322
16,1,0.75,0.9585516261691487
16,1,0.80,0.8928566497790478
16,1,0.85,0.8745574883527727
16,1,0.90,0.9349778973129521
16,1,0.95,0.8491213306183172
16,2,0.05,0.4315338615325055
16,2,0.10,0.7847777395662394
16,2,0.15,0.7987252398404161
16,2,0.20,0.9742552788433668
16,2,0.25,0.7788068256189876
16,2,0.30,0.7819806812471187
16,2,0.35,0.9048200780249407
16,2,0.40,0.9271972323009688
16,2,0.45,0.8544104344887453
16,2,0.50,0.8882640787185946
16,2,0.55,0.9206919895468667
16,2,0.60,0.9054494003046641
16,2,0.65,0.8314413299755388
16,2,0.70,0.9216583739158934
16,2,0.75,0.890310883811503
16,2,0.80,0.8893948548771903
16,2,0.85,0.9040064875699028
16,2,0.90,0.8820944354773964
16,2,0.95,0.8928764164539214
16,3,0.05,-0.9335445550201054
16,3,0.10,0.8893620265448484
16,3,0.15,0.9573657229835439
16,3,0.20,0.9245100996549277
16,3,0.25,0.9007741597780858
16,3,0.30,0.8719309651916503
16,3,0.35,0.9237067230250535
16,3,0.40,0.8663612644708212
16,3,0.45,0.8247633932849431
16,3,0.50,0.9373158259387059
16,3,0.55,0.8321048855504416
16,3,0.60,0.9305048577489854
16,3,0.65,0.9027382397688882
16,3,0.70,0.8885377871504455
16,3,0.75,0.8235565612754039
16,3,0.80,0.8620132594410554
16,3,0.85,0.8937030849047307
16,3,0.90,0.8836781275537983
16,3,0.95,0.8541413247598382
16,4,0.05,0.9851986289778326
16,4,0.10,0.9357867405485939
16,4,0.15,0.7872716213928639
16,4,0.20,0.9422801737307016
16,4,0.25,0.8901327320483188
16,4,0.30,0.7878651605171485
16,4,0.35,0.9127718613939291
16,4,0.40,0.9691838163030344
16,4,0.45,0.957627634704811
16,4,0.50,0.9533316341851583
16,4,0.55,0.9123119278186214
16,4,0.60,0.9007622250697862
16,4,0.65,0.889563427889592
16,4,0.70,0.8470801564391656
16,4,0.75,0.9386496479042347
16,4,0.80,0.9261020190577991
16,4,0.85,0.8914760802288911
16,4,0.90,0.9210334009835188
16,4,0.95,0.9550736853989282
16,5,0.05,-0.03821847570772707
16,5,0.10,0.5314867296705806
16,5,0.15,0.7464862031652217
16,5,0.20,0.9292313744719326
16,5,0.25,0.7504038088219969
16,5,0.30,0.5857836315713071
16,5,0.35,0.9028314278925353
16,5,0.40,0.9128454581898656
16,5,0.45,0.8659722292062495
16,5,0.50,0.8749861478811469
16,5,0.55,0.9144942926531947
16,5,0.60,0.8981085769942387
16,5,0.65,0.9139234215955678
16,5,0.70,0.8795721386237515
16,5,0.75,0.9322091129752522
16,5,0.80,0.9181387248718551
16,5,0.85,0.9100094029949848
16,5,0.90,0.8918997782519892
16,5,0.95,0.9074626712251369
16,6,0.05,0.06605737287397218
16,6,0.10,0.9335002099662943
16,6,0.15,0.8993145587069098
16,6,0.20,0.9192787333002047
16,6,0.25,0.8979248893902604
16,6,0.30,0.8734930435011348
16,6,0.35,0.9051407649100668
16,6,0.40,0.7798707611665835
16,6,0.45,0.8471005936241809
16,6,0.50,0.9180208141996509
16,6,0.55,0.9336794728789407
16,6,0.60,0.7629706877392025
16,6,0.65,0.8362287680353561
16,6,0.70,0.9474018365262891
16,6,0.75,0.856799316776072
16,6,0.80,0.8751856375468494
16,6,0.85,0.9546763034461118
16,6,0.90,0.9051407449587301
16,6,0.95,0.8888563240684558
16,7,0.05,-0.30529358976657295
16,7,0.10,0.8266195831024792
16,7,0.15,0.8928548971445002
16,7,0.20,0.9473236462691736
16,7,0.25,0.909318745052456
16,7,0.30,0.8684890940335491
16,7,0.35,0.6520171988117514
16,7,0.40,0.8953408971977462
16,7,0.45,0.8782816677289289
16,7,0.50,0.9367630995214677
16,7,0.55,0.8948539633020376
16,7,0.60,0.9224781864490377
16,7,0.65,0.8781655255621167
16,7,0.70,0.8870831830211726
16,7,0.75,0.8728880576183498
16,7,0.80,0.8744492600608251
16,7,0.85,0.7638045752003191
16,7,0.90,0.8832482300689409
16,7,0.95,0.9430331553010048
16,8,0.05,-17.677962399662537
16,8,0.10,0.8012062717650643
16,8,0.15,0.4013776010555088
16,8,0.20,0.9413299533465596
16,8,0.25,0.8696298206735191
16,8,0.30,0.9385874400104178
16,8,0.35,0.7261640214224778
16,8,0.40,0.686837178116027
16,8,0.45,0.9466242570600829
16,8,0.50,0.895661534627865
16,8,0.55,0.936410959850425
16,8,0.60,0.8671060591725476
16,8,0.65,0.8292444799332601
16,8,0.70,0.8995255594948967
16,8,0.75,0.9182860149570445
16,8,0.80,0.9517619261778938
16,8,0.85,0.9142219056614143
16,8,0.90,0.8770475317211502
16,8,0.95,0.8372877300200354
16,9,0.05,-0.030852875868583984
16,9,0.10,0.9315987037656795
16,9,0.15,0.8620795008880912
16,9,0.20,0.9040972343483575
16,9,0.25,0.8547805954938328
16,9,0.30,0.8919120363245312
16,9,0.35,0.9315496537631682
16,9,0.40,0.8049613095601358
16,9,0.45,0.9263648985913973
16,9,0.50,0.9313385544288307
16,9,0.55,0.7804845962576412
16,9,0.60,0.9023213619532011
16,9,0.65,0.9165061315216089
16,9,0.70,0.9268554049285482
16,9,0.75,0.8595200790774955
16,9,0.80,0.8722444062166994
16,9,0.85,0.8896927957250625
16,9,0.90,0.9427802779338637
16,9,0.95,0.8868096600287452
17,0,0.05,0.6524413835244751
17,0,0.10,0.6816235410406365
17,0,0.15,0.7734554586143786
17,0,0.20,0.8648234373277532
17,0,0.25,0.8280167676686031
17,0,0.30,0.9165777135204326
17,0,0.35,0.7382789586298133
17,0,0.40,0.8543718982137302
17,0,0.45,0.8010608852029959
17,0,0.50,0.7655909346278714
17,0,0.55,0.8932520822024299
17,0,0.60,0.918473106439701
17,0,0.65,0.9010884343367949
17,0,0.70,0.9195707244502025
17,0,0.75,0.897479353658437
17,0,0.80,0.921470293565124
17,0,0.85,0.9489104457565977
17,0,0.90,0.8995371583862479
17,0,0.95,0.8334624435797466
17,1,0.05,0.3806056403894451
17,1,0.10,0.835617445847342
17,1,0.15,0.5367921226308768
17,1,0.20,0.9071194455885124
17,1,0.25,0.7982009417740353
17,1,0.30,0.7672939068785003
17,1,0.35,0.810034367600384
17,1,0.40,0.8680804775523415
17,1,0.45,0.946586052981198
17,1,0.50,0.8972427823875372
17,1,0.55,0.8598533325487961
17,1,0.60,0.8769023015642173
17,1,0.65,0.944692775446742
17,1,0.70,0.8916447439494491
17,1,0.75,0.88999238469651
17,1,0.80,0.9648174882785155
17,1,0.85,0.8663471877104308
17,1,0.90,0.9197424885473863
17,1,0.95,0.9255358999478144
17,2,0.05,0.8694997401979386
17,2,0.10,0.736896701063765
17,2,0.15,0.8293249019063678
17,2,0.20,0.7125369809152324
17,2,0.25,0.6223332658776337
17,2,0.30,0.688209285799092
17,2,0.35,0.7211568212711248
17,2,0.40,0.8008603226423088
17,2,0.45,0.9163124020507154
17,2,0.50,0.9181497348853211
17,2,0.55,0.9410877120558704
17,2,0.60,0.8515007326476578
17,2,0.65,0.9011137961603221
17,2,0.70,0.8725490944218701
17,2,0.75,0.8550771721959856
17,2,0.80,0.906565795327018
17,2,0.85,0.8818087670557259
17,2,0.90,0.9112487904095764
17,2,0.95,0.8588590401688647
17,3,0.05,0.963713602314418
17,3,0.10,0.8355720633357547
17,3,0.15,0.9234295977958398
17,3,0.20,0.8506402284258896
17,3,0.25,0.8414179135488834
17,3,0.30,0.771450454290053
17,3,0.35,0.7935710603289463
17,3,0.40,0.8511293483532298
17,3,0.45,0.7376535577400147
17,3,0.50,0.8982884889266616
17,3,0.55,0.9368549820457386
17,3,0.60,0.9141223138023884
17,3,0.65,0.8780711325987364
17,3,0.70,0.9216643109969757
17,3,0.75,0.8902229303713507
17,3,0.80,0.9397080233087487
17,3,0.85,0.9025906290089268
17,3,0.90,0.9247945218683608
17,3,0.95,0.8490391668852528
17,4,0.05,0.9160833502611082
17,4,0.10,0.8554167455584512
17,4,0.15,0.8984419412132005
17,4,0.20,0.6363177298225763
17,4,0.25,0.6912630467337585
17,4,0.30,0.8469833643947244
17,4,0.35,0.841471114062248
17,4,0.40,0.8683670135367357
17,4,0.45,0.9356306855244189
17,4,0.50,0.8374423719492206
17,4,0.55,0.9531571851017707
17,4,0.60,0.7881582106812207
17,4,0.65,0.8758824003089016
17,4,0.70,0.8441042778821259
17,4,0.75,0.9526191808257388
17,4,0.80,0.9283610337240249
17,4,0.85,0.7821195303903269
17,4,0.90,0.9522547646815348
17,4,0.95,0.8840371564581893
17,5,0.05,0.6455076031304361
17,5,0.10,0.971750211662028
17,5,0.15,0.769692842987372
17,5,0.20,0.9247293010498743
17,5,0.25,0.7714032142405227
17,5,0.30,0.8006792037647968
17,5,0.35,0.5848351268282834
17,5,0.40,0.7522350310973587
17,5,0.45,0.8054983730470654
17,5,0.50,0.7717070896414873
17,5,0.55,0.7792526745640078
17,5,0.60,0.793237909167405
17,5,0.65,0.8728106882588992
17,5,0.70,0.9394050894586875
17,5,0.75,0.8440632966585944
17,5,0.80,0.8986136395856199
17,5,0.85,0.8880913438911182
17,5,0.90,0.9032411100494111
17,5,0.95,0.94553795201591
17,6,0.05,0.1820422539328148
17,6,0.10,0.769390089612991
17,6,0.15,0.7977537657374306
17,6,0.20,0.8464526625355722
17,6,0.25,0.9063288728569137
17,6,0.30,0.7607146231120349
17,6,0.35,0.7425419017902949
17,6,0.40,0.7198603348157719
17,6,0.45,0.9214812103705564
17,6,0.50,0.8529112694949678
17,6,0.55,0.9013525962734872
17,6,0.60,0.8886023586437902
17,6,0.65,0.8233453637656833
17,6,0.70,0.8582731309830642
17,6,0.75,0.8524547019815185
17,6,0.80,0.8159792414502157
17,6,0.85,0.9074407240841578
17,6,0.90,0.9273887291915237
17,6,0.95,0.91765522498362
17,7,0.05,0.19795561816519514
17,7,0.10,0.5482309323473236
17,7,0.15,0.8760356896407447
17,7,0.20,0.83604111327278
17,7,0.25,0.6971085486718086
17,7,0.30,0.8442948021932838
17,7,0.35,0.8689833806645024
17,7,0.40,0.9198335655095361
17,7,0.45,0.8400884074327649
17,7,0.50,0.9147744337351031
17,7,0.55,0.8961353539281878
17,7,0.60,0.9068767146332115
17,7,0.65,0.9368162705966993
17,7,0.70,0.9173380882419812
17,7,0.75,0.9111183011607769
17,7,0.80,0.9505495986525044
17,7,0.85,0.8996152007169238
17,7,0.90,0.8796273919927593
17,7,0.95,0.8611910880242114
17,8,0.05,-0.5557577698331988
17,8,0.10,0.7535825912685337
17,8,0.15,0.7639710294622669
17,8,0.20,0.8745095921565518
17,8,0.25,0.8602353756114128
17,8,0.30,0.9042477875364873
17,8,0.35,0.8207478323180953
17,8,0.40,0.8957201790687239
17,8,0.45,0.8989559106289543
17,8,0.50,0.8476892846954018
17,8,0.55,0.9381907786189518
17,8,0.60,0.8962464673236371
17,8,0.65,0.8213376329206806
17,8,0.70,0.9201343305693359
17,8,0.75,0.8386096458239228
17,8,0.80,0.9073948613391847
17,8,0.85,0.8169442620732846
17,8,0.90,0.9057790670808232
17,8,0.95,0.8479743359288904
17,9,0.05,0.852775748620145
17,9,0.10,0.9344034609050881
17,9,0.15,0.6048943935757933
17,9,0.20,0.8525256495195264
17,9,0.25,0.7454300419721411
17,9,0.30,0.7592880056391139
17,9,0.35,0.9146892233833778
17,9,0.40,0.8364730247294849
17,9,0.45,0.8040638557866265
17,9,0.50,0.8064118003808307
17,9,0.55,0.8886365466471257
17,9,0.60,0.8902959726479907
17,9,0.65,0.897531780103612
17,9,0.70,0.8218198748918294
17,9,0.75,0.9033201122235633
17,9,0.80,0.9128772558073331
17,9,0.85,0.8500030200102717
17,9,0.90,0.8636501974815388
17,9,0.95,0.8676354128908699
18,0,0.05,0.45851503504632607
18,0,0.10,0.3577625915374191
18,0,0.15,0.7634990823076746
18,0,0.20,0.6029827080376451
18,0,0.25,0.7511503254218679
18,0,0.30,0.9197831583521869
18,0,0.35,0.8483802803202649
18,0,0.40,0.8643125227215896
18,0,0.45,0.9198507338687646
18,0,0.50,0.8864163340498709
18,0,0.55,0.8454048135942143
18,0,0.60,0.8582527588618214
18,0,0.65,0.8933201138046003
18,0,0.70,0.9127405116404319
18,0,0.75,0.8875097824988344
18,0,0.80,0.8619724735628506
18,0,0.85,0.901625322077488
18,0,0.90,0.87274402053454
18,0,0.95,0.8830133447274087
18,1,0.05,0.15029633152582889
18,1,0.10,0.8949209694733379
18,1,0.15,0.9307896259167809
18,1,0.20,0.7574490577053368
18,1,0.25,0.7821685330522803
18,1,0.30,0.8185087982435781
18,1,0.35,0.8197482975282501
18,1,0.40,0.8348813117330987
18,1,0.45,0.9603991918273931
18,1,0.50,0.7845404590896244
18,1,0.55,0.9608280659601465
18,1,0.60,0.88454144531183
18,1,0.65,0.9275302174008202
18,1,0.70,0.9076253722236012
18,1,0.75,0.919476528503099
18,1,0.80,0.9256182100664313
18,1,0.85,0.8787583666777509
18,1,0.90,0.9026242023322653
18,1,0.95,0.9195612539698726
18,2,0.05,0.9755560089147072
18,2,0.10,0.8827046205336286
18,2,0.15,0.8984095239552974
18,2,0.20,0.8806784065198682
18,2,0.25,0.8317853651784464
18,2,0.30,0.9180238935441979
18,2,0.35,0.9145310728248957
18,2,0.40,0.8044068088902177
18,2,0.45,0.7908241801232542
18,2,0.50,0.9187563892754889
18,2,0.55,0.8452054732202646
18,2,0.60,0.902346645909014
18,2,0.65,0.9180640179437329
18,2,0.70,0.8655878662883201
18,2,0.75,0.93150067238485
18,2,0.80,0.8759530893172284
18,2,0.85,0.879712059602615
18,2,0.90,0.8853792496899626
18,2,0.95,0.87260838275743
18,3,0.05,0.4047443174928036
18,3,0.10,0.9482106205019458
18,3,0.15,0.9648223709113406
18,3,0.20,0.9085244488897766
18,3,0.25,0.6812565046440581
18,3,0.30,0.9242534988789848
18,3,0.35,0.8960516333824943
18,3,0.40,0.9107622691191039
18,3,0.45,0.9291768213907283
18,3,0.50,0.7928662852450052
18,3,0.55,0.8640910479829413
18,3,0.60,0.8438737355123797
18,3,0.65,0.8869358774407832
18,3,0.70,0.9046191231372391
18,3,0.75,0.9103428776971627
18,3,0.80,0.9520457739793808
18,3,0.85,0.9232038906479239
18,3,0.90,0.8079168959531249
18,3,0.95,0.8605928679163506
18,4,0.05,0.397949148632073
18,4,0.10,0.6573078721446908
18,4,0.15,0.8488757114460128
18,4,0.20,0.8294416363145696
18,4,0.25,0.821593257538599
18,4,0.30,0.7868775491165346
18,4,0.35,0.9228940042746446
18,4,0.40,0.8446730775435034
18,4,0.45,0.8999386487444296
18,4,0.50,0.8826665259528288
18,4,0.55,0.9575224007032823
18,4,0.60,0.7377474913134461
18,4,0.65,0.908717004976563
18,4,0.70,0.8750005233839121
18,4,0.75,0.8799993590780764
18,4,0.80,0.9063956141771574
18,4,0.85,0.9023531941990984
18,4,0.90,0.8948951535245527
18,4,0.95,0.8925029100730988
18,5,0.05,0.37250417392277146
18,5,0.10,0.9349767850638353
18,5,0.15,0.6153837026158917
18,5,0.20,0.9174185678159866
18,5,0.25,0.9097054559573696
18,5,0.30,0.8316349652287962
18,5,0.35,0.7698691956910022
18,5,0.40,0.8019730861077313
18,5,0.45,0.9147313442333538
18,5,0.50,0.9458210802330846
18,5,0.55,0.8730025891163897
18,5,0.60,0.8604431176952334
18,5,0.65,0.882735662132234
18,5,0.70,0.7963002567965981
18,5,0.75,0.8898825646074692
18,5,0.80,0.9060317080814644
18,5,0.85,0.9197519706621484
18,5,0.90,0.8519049061410418
18,5,0.95,0.866622713204664
18,6,0.05,0.2891375182977627
18,6,0.10,0.9190387233607776
18,6,0.15,0.7858020686084533
18,6,0.20,0.7945765450670189
18,6,0.25,0.6632255609686025
18,6,0.30,0.8908704378167288
18,6,0.35,0.9095811882432271
18,6,0.40,0.8843399181229662
18,6,0.45,0.9034450776987443
18,6,0.50,0.8958177333442313
18,6,0.55,0.8818105219410224
18,6,0.60,0.9290166669318587
18,6,0.65,0.8539028638106304
18,6,0.70,0.8545281404215
18,6,0.75,0.7574246734563873
18,6,0.80,0.8347236342000989
18,6,0.85,0.8775755846886213
18,6,0.90,0.9068565234518364
18,6,0.95,0.8643692481144796
18,7,0.05,0.23705591273620186
18,7,0.10,0.9144857076446549
18,7,0.15,0.6931114369816577
18,7,0.20,0.7876236291692417
18,7,0.25,0.8780954207910593
18,7,0.30,0.8748145009068891
18,7,0.35,0.7791450589215858
18,7,0.40,0.9404514516341461
18,7,0.45,0.9401903259341431
18,7,0.50,0.9129151352140342
18,7,0.55,0.8691736923538592
18,7,0.60,0.8202316643625911
18,7,0.65,0.8619303819686318
18,7,0.70,0.8238407633810716
18,7,0.75,0.8240471508645508
18,7,0.80,0.8859262123803586
18,7,0.85,0.945405804191648
18,7,0.90,0.9206425685346029
18,7,0.95,0.8197358993318156
18,8,0.05,0.6152653200996949
18,8,0.10,0.9393464970322477
18,8,0.15,0.8735489669580595
18,8,0.20,0.8080593896137613
18,8,0.25,0.8588803837512533
18,8,0.30,0.8411516155496487
18,8,0.35,0.8603808623156437
18,8,0.40,0.901731628310376
18,8,0.45,0.9236338475696096
18,8,0.50,0.8892734256680128
18,8,0.55,0.8646041125649823
18,8,0.60,0.9460511450928857
18,8,0.65,0.8979742537421223
18,8,0.70,0.8481621889072279
18,8,0.75,0.887092582456909
18,8,0.80,0.8277312492581509
18,8,0.85,0.8131950096887983
18,8,0.90,0.8823249260429925
18,8,0.95,0.8018565032015771
18,9,0.05,0.024826234796649804
18,9,0.10,-0.04059415922743015
18,9,0.15,0.645490582396005
18,9,0.20,0.9169461392965812
18,9,0.25,0.9067545425033092
18,9,0.30,0.8388823661056947
18,9,0.35,0.8679275057690078
18,9,0.40,0.9447476148317278
18,9,0.45,0.8756287866752295
18,9,0.50,0.8788686196676809
18,9,0.55,0.91786195869211
18,9,0.60,0.944671792880442
18,9,0.65,0.7276858832991748
18,9,0.70,0.8872490084869161
18,9,0.75,0.9339172853949077
18,9,0.80,0.8996578386314733
18,9,0.85,0.9387681089997689
18,9,0.90,0.8908804982987277
18,9,0.95,0.8824879131604969
19,0,0.05,0.5917386511356424
19,0,0.10,0.6436689883615452
19,0,0.15,0.5763967452890306
19,0,0.20,0.7765510125760509
19,0,0.25,0.8451913952355756
19,0,0.30,0.8835840104756143
19,0,0.35,0.8828316429058605
19,0,0.40,0.841745046569917
19,0,0.45,0.8791479551791265
19,0,0.50,0.9486963221707351
19,0,0.55,0.9226969091900533
19,0,0.60,0.8662675779768383
19,0,0.65,0.8261649407623651
19,0,0.70,0.9538130054353918
19,0,0.75,0.8585017852387379
19,0,0.80,0.8351574377452227
19,0,0.85,0.9144632285082666
19,0,0.90,0.9317908619380012
19,0,0.95,0.9226437524778602
19,1,0.05,0.8079361863637109
19,1,0.10,0.6956389682861994
19,1,0.15,0.5840442426725784
19,1,0.20,0.8935061450997227
19,1,0.25,0.8264381598480198
19,1,0.30,0.8909490655652597
19,1,0.35,0.8501318695294159
19,1,0.40,0.9020433910719926
19,1,0.45,0.8353913394860721
19,1,0.50,0.8319099021888366
19,1,0.55,0.9421765430704049
19,1,0.60,0.8479990516059629
19,1,0.65,0.9152556309711928
19,1,0.70,0.9329140402629426
19,1,0.75,0.8774903823152855
19,1,0.80,0.8740296755634537
19,1,0.85,0.8746417794186833
19,1,0.90,0.8965320628391806
19,1,0.95,0.8848578203991373
19,2,0.05,0.20183092480680587
19,2,0.10,0.5047723971204581
19,2,0.15,0.8169909938534985
19,2,0.20,0.846133825575741
19,2,0.25,0.9121098818354316
19,2,0.30,0.8445161408720128
19,2,0.35,0.8968862207550199
19,2,0.40,0.8956498855990048
19,2,0.45,0.7279535421303314
19,2,0.50,0.7747553105133619
19,2,0.55,0.8837395099711612
19,2,0.60,0.8953222441430785
19,2,0.65,0.8572131114361399
19,2,0.70,0.9070466488395674
19,2,0.75,0.9377308687396582
19,2,0.80,0.8879482908788019
19,2,0.85,0.8711878122604106
19,2,0.90,0.8217304574758033
19,2,0.95,0.9408644161384384
19,3,0.05,0.7146126527247945
19,3,0.10,0.6813102905865266
19,3,0.15,0.7520680911530537
19,3,0.20,0.671311403420241
19,3,0.25,0.7467405765947507
19,3,0.30,0.9255324202724164
19,3,0.35,0.9143059026052239
19,3,0.40,0.8565045850297208
19,3,0.45,0.921855547469657
19,3,0.50,0.7785037786748956
19,3,0.55,0.7820622608796496
19,3,0.60,0.7322478808737116
19,3,0.65,0.888164554162423
19,3,0.70,0.8494605266117431
19,3,0.75,0.9222928773878597
19,3,0.80,0.9151328117060452
19,3,0.85,0.9089949129423913
19,3,0.90,0.8585979692509482
19,3,0.95,0.9278219067053314
19,4,0.05,0.5784388484366965
19,4,0.10,0.6759722117636052
19,4,0.15,0.8972110193803041
19,4,0.20,0.9062661857194465
19,4,0.25,0.857461722819737
19,4,0.30,0.8786232873288154
19,4,0.35,0.9223752721958783
19,4,0.40,0.9020548215523222
19,4,0.45,0.8577007820608371
19,4,0.50,0.8754041624081853
19,4,0.55,0.9187646191409019
19,4,0.60,0.82921164135615
19,4,0.65,0.9404275980070991
19,4,0.70,0.9333998325361685
19,4,0.75,0.9415683741454762
19,4,0.80,0.9197531734027905
19,4,0.85,0.839156731624759
19,4,0.90,0.7987365813819063
19,4,0.95,0.8698863043717608
19,5,0.05,0.9281949032282552
19,5,0.10,0.6569934945349163
19,5,0.15,0.6482201285068516
19,5,0.20,0.7689773527276506
19,5,0.25,0.8867286851516174
19,5,0.30,0.8280411297242842
19,5,0.35,0.9110602280081121
19,5,0.40,0.8317079965458762
19,5,0.45,0.7007922162865665
19,5,0.50,0.9016848358908757
19,5,0.55,0.9246545903198514
19,5,0.60,0.9226346286676187
19,5,0.65,0.8824297679107196
19,5,0.70,0.8748727060118133
19,5,0.75,0.9212338845996689
19,5,0.80,0.9090322211764162
19,5,0.85,0.9016255106776444
19,5,0.90,0.9153874435961493
19,5,0.95,0.8709678513834761
19,6,0.05,0.8192141551168726
19,6,0.10,0.6017273447977038
19,6,0.15,0.8207385631555104
19,6,0.20,0.939325706302385
19,6,0.25,0.8878452773262362
19,6,0.30,0.866854129041851
19,6,0.35,0.7577604027879079
19,6,0.40,0.9286692895755575
19,6,0.45,0.8097576846536321
19,6,0.50,0.8904627146657089
19,6,0.55,0.8792623825023113
19,6,0.60,0.7025541521122962
19,6,0.65,0.9203104363253921
19,6,0.70,0.850724501917897
19,6,0.75,0.9135333753659832
19,6,0.80,0.8473762699608731
19,6,0.85,0.8139335449041704
19,6,0.90,0.8057737999940859
19,6,0.95,0.830341593079061
19,7,0.05,0.5039067626760503
19,7,0.10,0.22701759363462215
19,7,0.15,0.6231097500696787
19,7,0.20,0.7924556640461207
19,7,0.25,0.9387969604361729
19,7,0.30,0.8984958843977723
19,7,0.35,0.8503272572757933
19,7,0.40,0.890142974093525
19,7,0.45,0.8505721578762981
19,7,0.50,0.9027919211296594
19,7,0.55,0.9119869843667228
19,7,0.60,0.8530742835060212
19,7,0.65,0.8738714368348788
19,7,0.70,0.9249141311457842
19,7,0.75,0.9099181413141402
19,7,0.80,0.8956771821330402
19,7,0.85,0.9093517361030294
19,7,0.90,0.8895083753994418
19,7,0.95,0.9365850519438657
19,8,0.05,0.40444796855525
19,8,0.10,0.1001820669056559
19,8,0.15,0.21696793560404326
19,8,0.20,0.9062858698636688
19,8,0.25,0.8149030401739252
19,8,0.30,0.7917023232861551
19,8,0.35,0.8752403522894268
19,8,0.40,0.9504718378305518
19,8,0.45,0.8847581966903647
19,8,0.50,0.8307504592714383
19,8,0.55,0.8907550479508634
19,8,0.60,0.8934741367921133
19,8,0.65,0.8654326254461064
19,8,0.70,0.9000319062967959
19,8,0.75,0.8717306156856659
19,8,0.80,0.8749858042427948
19,8,0.85,0.8367876293812062
19,8,0.90,0.8304374918124555
19,8,0.95,0.9041685106747004
19,9,0.05,0.5936803659541541
19,9,0.10,0.4816871094347358
19,9,0.15,0.12895513926413793
19,9,0.20,0.9147802176554752
19,9,0.25,0.891089800047434
19,9,0.30,0.8999386987764567
19,9,0.35,0.7950265625515383
19,9,0.40,0.9358458218358504
19,9,0.45,0.8928521916001049
19,9,0.50,0.8871080140771561
19,9,0.55,0.8706390612236464
19,9,0.60,0.8843770079204866
19,9,0.65,0.8407756763579664
19,9,0.70,0.9024125583968005
19,9,0.75,0.7981734450454279
19,9,0.80,0.8763113810020575
19,9,0.85,0.9324580749121532
19,9,0.90,0.9209965578151275
19,9,0.95,0.8844429316016668
20,0,0.05,-1.260175051476335
20,0,0.10,0.27720066663648113
20,0,0.15,0.7945998713837581
20,0,0.20,0.9207022931315955
20,0,0.25,0.7696903357231102
20,0,0.30,0.7588495403446742
20,0,0.35,0.8340613495667333
20,0,0.40,0.9509644252548027
20,0,0.45,0.7832653497767983
20,0,0.50,0.8677062520877499
20,0,0.55,0.9074776612480394
20,0,0.60,0.6683660100841782
20,0,0.65,0.8511323084515408
20,0,0.70,0.8663359058992824
20,0,0.75,0.925907455238528
20,0,0.80,0.8933914486445542
20,0,0.85,0.8555952790157255
20,0,0.90,0.8396606718449451
20,0,0.95,0.8136014207976856
20,1,0.05,0.7934164853092796
20,1,0.10,0.38723746685706206
20,1,0.15,0.7003092868634315
20,1,0.20,0.8500938337516022
20,1,0.25,0.4753948324306838
20,1,0.30,0.8641835379977187
20,1,0.35,0.8720847324705511
20,1,0.40,0.8418070656678772
20,1,0.45,0.8137486730647698
20,1,0.50,0.7808375949834419
20,1,0.55,0.821465766961428
20,1,0.60,0.7961243396003075
20,1,0.65,0.7959465565694483
20,1,0.70,0.7896195180404223
20,1,0.75,0.9115718588741798
20,1,0.80,0.8588669421784114
20,1,0.85,0.9424633914346169
20,1,0.90,0.9313144308511111
20,1,0.95,0.7603430556226604
20,2,0.05,-0.5265030596482099
20,2,0.10,0.7534356352004598
20,2,0.15,0.7906916467463247
20,2,0.20,0.8082996527072114
20,2,0.25,0.709292501992913
20,2,0.30,0.5612682781764036
20,2,0.35,0.9201617069658579
20,2,0.40,0.8175718438811804
20,2,0.45,0.8763708447867011
20,2,0.50,0.8809801098424374
20,2,0.55,0.8607802609204946
20,2,0.60,0.741333030549634
20,2,0.65,0.8639127815089787
20,2,0.70,0.8165165693512474
20,2,0.75,0.8655864694725037
20,2,0.80,0.8928586100846605
20,2,0.85,0.8771978584008555
20,2,0.90,0.8546557272223301
20,2,0.95,0.8304905555589736
20,3,0.05,0.9738983380554572
20,3,0.10,0.7571426970170481
20,3,0.15,0.8478588139386598
20,3,0.20,0.6537458140658056
20,3,0.25,0.291634613249628
20,3,0.30,0.5145648131425653
20,3,0.35,0.9112984990096834
20,3,0.40,0.795470357961061
20,3,0.45,0.8390203327265908
20,3,0.50,0.8486198604097225
20,3,0.55,0.789685815537849
20,3,0.60,0.8335257435652821
20,3,0.65,0.7416349181780821
20,3,0.70,0.7662318881306901
20,3,0.75,0.895792450591678
20,3,0.80,0.8570191934482744
20,3,0.85,0.9326174397701725
20,3,0.90,0.8405858853577961
20,3,0.95,0.8459459841697825
20,4,0.05,0.562609538992002
20,4,0.10,0.1546920728974146
20,4,0.15,0.4624512691099507
20,4,0.20,0.9342362202842004
20,4,0.25,0.8041492647844847
20,4,0.30,0.7439388179772715
20,4,0.35,0.8605828808985272
20,4,0.40,0.7952340724908935
20,4,0.45,0.9238537290282117
20,4,0.50,0.8965013935611862
20,4,0.55,0.8717590148709695
20,4,0.60,0.7593600155856558
20,4,0.65,0.7068898830510382
20,4,0.70,0.9231195486256565
20,4,0.75,0.8382080952624722
20,4,0.80,0.8914426279498032
20,4,0.85,0.8564082103946096
20,4,0.90,0.8882506988220472
20,4,0.95,0.8940124864878731
20,5,0.05,0.18596143843592472
20,5,0.10,0.8242877783607878
20,5,0.15,0.8895652396843924
20,5,0.20,0.9250746810471066
20,5,0.25,0.8122659283204874
20,5,0.30,0.833251287056662
20,5,0.35,0.8348701255324856
20,5,0.40,0.9192344444470003
20,5,0.45,0.7181691249275766
20,5,0.50,0.742722387259033
20,5,0.55,0.8914073346171179
20,5,0.60,0.8214694057135615
20,5,0.65,0.799909744870145
20,5,0.70,0.8363443478288313
20,5,0.75,0.9339314306066385
20,5,0.80,0.8501726538335702
20,5,0.85,0.8748690984291003
20,5,0.90,0.8890673655605453
20,5,0.95,0.9014322706453286
20,6,0.05,-1.2454729215305496
20,6,0.10,0.7175886511352945
20,6,0.15,0.7685271490235416
20,6,0.20,0.801797188707375
20,6,0.25,0.44009157489669937
20,6,0.30,0.8898488482513927
20,6,0.35,0.8731232593430702
20,6,0.40,0.8307506805796112
20,6,0.45,0.7847331467094334
20,6,0.50,0.8669536947610057
20,6,0.55,0.8110387456776347
20,6,0.60,0.7804176205641706
20,6,0.65,0.8037927799762548
20,6,0.70,0.8604841622857609
20,6,0.75,0.8066842769209552
20,6,0.80,0.9361499223434031
20,6,0.85,0.858635785064448
20,6,0.90,0.9009992772841009
20,6,0.95,0.7590403703681099
20,7,0.05,-2.19917837143187
20,7,0.10,0.3409628286394186
20,7,0.15,0.7002831391802045
20,7,0.20,0.8817289589915644
20,7,0.25,0.6755169747761741
20,7,0.30,0.6057503911723159
20,7,0.35,0.887203978680813
20,7,0.40,0.681081790347571
20,7,0.45,0.718508639780159
20,7,0.50,0.8728439432316701
20,7,0.55,0.9213990817914874
20,7,0.60,0.8909289164703345
20,7,0.65,0.8156211526374102
20,7,0.70,0.8410929235688782
20,7,0.75,0.9062553213308899
20,7,0.80,0.8402576412193715
20,7,0.85,0.9289374618179693
20,7,0.90,0.8661526714268901
20,7,0.95,0.866221042748146
20,8,0.05,0.0007505567052168427
20,8,0.10,0.44736449758994057
20,8,0.15,0.9627609220729867
20,8,0.20,0.7566707795436027
20,8,0.25,0.5304205330121008
20,8,0.30,0.7602703019892567
20,8,0.35,0.840815215816227
20,8,0.40,0.9206785572106441
20,8,0.45,0.8694182130834076
20,8,0.50,0.6960763771059375
20,8,0.55,0.9239351018092237
20,8,0.60,0.8158245417393596
20,8,0.65,0.900770874687537
20,8,0.70,0.7415340579691165
20,8,0.75,0.8939355022762446
20,8,0.80,0.8777099239192334
20,8,0.85,0.9354856781907123
20,8,0.90,0.9019272850703529
20,8,0.95,0.8661764534516752
20,9,0.05,0.622246116639931
20,9,0.10,0.11228421377814679
20,9,0.15,0.8546796223990858
20,9,0.20,0.90226603632343
20,9,0.25,0.7808631754139315
20,9,0.30,0.9129041134200573
20,9,0.35,0.8838421284694309
20,9,0.40,0.7500065464653991
20,9,0.45,0.8428120706755198
20,9,0.50,0.9077088004014483
20,9,0.55,0.9135561751408906
20,9,0.60,0.7324097997635473
20,9,0.65,0.7910017767862123
20,9,0.70,0.8191198325839896
20,9,0.75,0.8449313022363614
20,9,0.80,0.9182783904645246
20,9,0.85,0.9147682365804012
20,9,0.90,0.9163979564639215
20,9,0.95,0.9002811387296242
21,0,0.05,-1.3462397126220051
21,0,0.10,0.5174158753817761
21,0,0.15,0.6901533180248793
21,0,0.20,0.9110204789913907
21,0,0.25,0.871464979371251
21,0,0.30,0.8667761398112189
21,0,0.35,0.9204786164858685
21,0,0.40,0.9237490687566582
21,0,0.45,0.8299377471861097
21,0,0.50,0.8810544342074033
21,0,0.55,0.8461933845846523
21,0,0.60,0.9368928975992035
21,0,0.65,0.8660831000155195
21,0,0.70,0.8752924396960188
21,0,0.75,0.9286267293351517
21,0,0.80,0.9502339706483648
21,0,0.85,0.9061304778657542
21,0,0.90,0.8479422395197316
21,0,0.95,0.8864092415057533
21,1,0.05,-0.6325750753296293
21,1,0.10,0.4397304450791215
21,1,0.15,0.8511542600181661
21,1,0.20,0.9029920223710521
21,1,0.25,0.8133246341260891
21,1,0.30,0.9152620061745499
21,1,0.35,0.8399778136780713
21,1,0.40,0.8111723530257173
21,1,0.45,0.8973140558463828
21,1,0.50,0.4746542513696871
21,1,0.55,0.8655969227048869
21,1,0.60,0.9144834770650971
21,1,0.65,0.8730465819004437
21,1,0.70,0.8480894424486192
21,1,0.75,0.9156873102925374
21,1,0.80,0.7916678174621248
21,1,0.85,0.9077787366705646
21,1,0.90,0.8539224648714563
21,1,0.95,0.9092215828660484
21,2,0.05,0.42898228601801225
21,2,0.10,0.8873436838907607
21,2,0.15,0.9387695091464797
21,2,0.20,0.9202138613248749
21,2,0.25,0.9047145725494506
21,2,0.30,0.8623000145104878
21,2,0.35,0.8884944972143394
21,2,0.40,0.7371038491300743
21,2,0.45,0.7952493419161948
21,2,0.50,0.9215900827763894
21,2,0.55,0.8016918093813106
21,2,0.60,0.7591826445337423
21,2,0.65,0.9164023044053649
21,2,0.70,0.9103057146470057
21,2,0.75,0.8875865189496779
21,2,0.80,0.8668165190907795
21,2,0.85,0.8670340181343921
21,2,0.90,0.7955558966138185
21,2,0.95,0.8850912905378316
21,3,0.05,0.8708850918809337
21,3,0.10,0.6582690482818987
21,3,0.15,0.8164869324049157
21,3,0.20,0.8671363444604577
21,3,0.25,0.914377547078815
21,3,0.30,0.7594717685486665
21,3,0.35,0.900772437371085
21,3,0.40,0.830660349054372
21,3,0.45,0.7682925992191221
21,3,0.50,0.8458904728937676
21,3,0.55,0.8408340864391831
21,3,0.60,0.9137487264346189
21,3,0.65,0.8766476521306535
21,3,0.70,0.9248626848544524
21,3,0.75,0.8888453039787317
21,3,0.80,0.9198759744665598
21,3,0.85,0.9051453613753587
21,3,0.90,0.9191398011864982
21,3,0.95,0.8910993321192662
21,4,0.05,0.8398082915347308
21,4,0.10,0.20631952554862576
21,4,0.15,0.47046709265505626
21,4,0.20,0.865641552454735
21,4,0.25,0.9305169338834928
21,4,0.30,0.9293440466202842
21,4,0.35,0.9017996259801642
21,4,0.40,0.7877199069488103
21,4,0.45,0.886158077863203
21,4,0.50,0.7528925225413544
21,4,0.55,0.9194428342335756
21,4,0.60,0.9448285174520112
21,4,0.65,0.8944225902928907
21,4,0.70,0.9303131254462692
21,4,0.75,0.8391893521571885
21,4,0.80,0.9130828431494586
21,4,0.85,0.9318268087201146
21,4,0.90,0.8663215589411662
21,4,0.95,0.9042929999865812
21,5,0.05,0.14174837103189797
21,5,0.10,0.6863883277905585
21,5,0.15,0.9042381943410414
21,5,0.20,0.7372621896490321
21,5,0.25,0.7825890071992573
21,5,0.30,0.8700012471620536
21,5,0.35,0.914772207926356
21,5,0.40,0.8937988575888025
21,5,0.45,0.770811043075776
21,5,0.50,0.909865367426958
21,5,0.55,0.9250675093860481
21,5,0.60,0.9420294186774969
21,5,0.65,0.863644541219128
21,5,0.70,0.9336205516162437
21,5,0.75,0.8957613734318853
21,5,0.80,0.9070734991151074
21,5,0.85,0.9093759265815654
21,5,0.90,0.9031103312643151
21,5,0.95,0.8875168525560986
21,6,0.05,0.6685020817213301
21,6,0.10,0.6707759527447628
21,6,0.15,0.617855319949095
21,6,0.20,0.825281388730777
21,6,0.25,0.747297750764914
21,6,0.30,0.8489411663427711
21,6,0.35,0.8542649539126566
21,6,0.40,0.8256703926000389
21,6,0.45,0.6933254833667025
21,6,0.50,0.7178088561297953
21,6,0.55,0.9138422681984167
21,6,0.60,0.8665927344082711
21,6,0.65,0.8149658086136311
21,6,0.70,0.9093649533064255
21,6,0.75,0.8961276319107414
21,6,0.80,0.9337248697248344
21,6,0.85,0.9515627942728692
21,6,0.90,0.9140168383504748
21,6,0.95,0.9690603007561455
21,7,0.05,0.4811264640745251
21,7,0.10,0.6357708251237258
21,7,0.15,0.8896253774062063
21,7,0.20,0.8719134268938575
21,7,0.25,0.8818457225644096
21,7,0.30,0.9103818840080259
21,7,0.35,0.8863401331663625
21,7,0.40,0.7550741282543807
21,7,0.45,0.9042492899064872
21,7,0.50,0.877187838055091
21,7,0.55,0.840968217912023
21,7,0.60,0.8932474885225559
21,7,0.65,0.9098913399783701
21,7,0.70,0.9235128301905636
21,7,0.75,0.8882472943763557
21,7,0.80,0.9477577124519835
21,7,0.85,0.9112292223682531
21,7,0.90,0.8883316529385289
21,7,0.95,0.9244831948446648
21,8,0.05,0.6702584092548665
21,8,0.10,0.9332139224727678
21,8,0.15,0.846623844307213
21,8,0.20,0.7912729877169125
21,8,0.25,0.6882123240952369
21,8,0.30,0.7047697628813939
21,8,0.35,0.7982051689597196
21,8,0.40,0.8563779269765647
21,8,0.45,0.8885699609394171
21,8,0.50,0.9124646495503287
21,8,0.55,0.900186472192676
21,8,0.60,0.8361113641729391
21,8,0.65,0.8627675497287149
21,8,0.70,0.8748572197447919
21,8,0.75,0.8428960654011537
21,8,0.80,0.9268913899563277
21,8,0.85,0.8492814850911565
21,8,0.90,0.8740892804195072
21,8,0.95,0.7785919740658896
21,9,0.05,0.612722560468379
21,9,0.10,0.5167919256681277
21,9,0.15,0.5462879282814193
21,9,0.20,0.7927505444482342
21,9,0.25,0.9302204349236901
21,9,0.30,0.8446198688657183
21,9,0.35,0.8868318145566473
21,9,0.40,0.9101494072648293
21,9,0.45,0.9660364700916604
21,9,0.50,0.9152297325329057
21,9,0.55,0.941677717629336
21,9,0.60,0.8753651584170661
21,9,0.65,0.9115866457944577
21,9,0.70,0.867450077269914
21,9,0.75,0.9207893536183455
21,9,0.80,0.8338198930251748
21,9,0.85,0.9262753327467016
21,9,0.90,0.8968204788340264
21,9,0.95,0.924684634860574
22,0,0.05,0.06926415467126779
22,0,0.10,0.4187400439819433
22,0,0.15,0.8462359768005334
22,0,0.20,0.6893820533383636
22,0,0.25,0.6636971889835442
22,0,0.30,0.7793820444097033
22,0,0.35,0.8811095490479237
22,0,0.40,0.8789651894624951
22,0,0.45,0.7682687967460855
22,0,0.50,0.935237353184126
22,0,0.55,0.8608730042018339
22,0,0.60,0.9109582041332915
22,0,0.65,0.8116167978911258
22,0,0.70,0.8537591869202454
22,0,0.75,0.7744961781787563
22,0,0.80,0.9460007833513152
22,0,0.85,0.829133313077836
22,0,0.90,0.8489929224392652
22,0,0.95,0.9144812318953989
22,1,0.05,0.05342937896052746
22,1,0.10,0.3609175476131403
22,1,0.15,0.610705380229538
22,1,0.20,0.8817212829720895
22,1,0.25,0.6993014968784831
22,1,0.30,0.5879886763492681
22,1,0.35,0.8107882843004086
22,1,0.40,0.8581458894566079
22,1,0.45,0.9054590308712961
22,1,0.50,0.8224709326246169
22,1,0.55,0.9234113082804216
22,1,0.60,0.9037077916777319
22,1,0.65,0.9492975421867315
22,1,0.70,0.876193209113438
22,1,0.75,0.8788071341657054
22,1,0.80,0.8648440578715709
22,1,0.85,0.8606791233830539
22,1,0.90,0.7758585693736042
22,1,0.95,0.8425708990418416
22,2,0.05,0.06937416927393592
22,2,0.10,0.8414383318936274
22,2,0.15,0.29294693882556133
22,2,0.20,0.6545269433829703
22,2,0.25,0.7705643582351008
22,2,0.30,0.6181750449903411
22,2,0.35,0.8029967075318727
22,2,0.40,0.8189130701821908
22,2,0.45,0.8135379603015758
22,2,0.50,0.8861308526075324
22,2,0.55,0.8749316467329088
22,2,0.60,0.6986880149003558
22,2,0.65,0.8809333933314039
22,2,0.70,0.9513645303006362
22,2,0.75,0.8627995485170719
22,2,0.80,0.8806595568969302
22,2,0.85,0.914716155729178
22,2,0.90,0.8808119399429892
22,2,0.95,0.8347920080392303
22,3,0.05,-1.4448451221925103
22,3,0.10,0.34308658789597524
22,3,0.15,0.9006216880248368
22,3,0.20,0.6363278098725462
22,3,0.25,0.9312051014440752
22,3,0.30,0.5746029621071005
22,3,0.35,0.7500033552682209
22,3,0.40,0.7653221065361853
22,3,0.45,0.8586155687948457
22,3,0.50,0.8181579540904709
22,3,0.55,0.89047397104859
22,3,0.60,0.8869542029382615
22,3,0.65,0.8869703087514123
22,3,0.70,0.7373410712060817
22,3,0.75,0.7377967125709339
22,3,0.80,0.8759718161571578
22,3,0.85,0.930302894052941
22,3,0.90,0.9408946389885843
22,3,0.95,0.7985008301915357
22,4,0.05,0.10555649349329799
22,4,0.10,0.8910934327057021
22,4,0.15,0.7486308797199879
22,4,0.20,0.5089228138303232
22,4,0.25,0.7031787024623724
22,4,0.30,0.7361992177245595
22,4,0.35,0.9496485751278253
22,4,0.40,0.8374586083006097
22,4,0.45,0.7521421702668232
22,4,0.50,0.881854024830541
22,4,0.55,0.8420526665470762
22,4,0.60,0.8628816774524454
22,4,0.65,0.8914326783997948
22,4,0.70,0.8772571985866503
22,4,0.75,0.8554822278102658
22,4,0.80,0.9171618287472444
22,4,0.85,0.8369760208728239
22,4,0.90,0.9434253623137656
22,4,0.95,0.8641181604178934
22,5,0.05,0.035826803796652484
22,5,0.10,-0.10703033100515813
22,5,0.15,0.4441345132157396
22,5,0.20,0.44513220659843744
22,5,0.25,0.7644956296893366
22,5,0.30,0.8746001614466099
22,5,0.35,0.7477827973919569
22,5,0.40,0.7403974581635016
22,5,0.45,0.7814517802606766
22,5,0.50,0.840846825152774
22,5,0.55,0.9243744039337214
22,5,0.60,0.8142747518598261
22,5,0.65,0.7919691571876983
22,5,0.70,0.7128865482039468
22,5,0.75,0.8337370579666576
22,5,0.80,0.9474574377410591
22,5,0.85,0.8839044752392867
22,5,0.90,0.8840254438509612
22,5,0.95,0.8855100574577027
22,6,0.05,-0.07952531237732852
22,6,0.10,0.46673736989618264
22,6,0.15,0.8857157786852994
22,6,0.20,0.4490483199511732
22,6,0.25,0.7963170363987789
22,6,0.30,0.794470938945791
22,6,0.35,0.7988832882722836
22,6,0.40,0.9322350514838333
22,6,0.45,0.8389028297489907
22,6,0.50,0.7909383212431034
22,6,0.55,0.8561775495037018
22,6,0.60,0.942484671698368
22,6,0.65,0.839879755409347
22,6,0.70,0.8823926926082905
22,6,0.75,0.8463084362470741
22,6,0.80,0.8760562965236021
22,6,0.85,0.888983081865363
22,6,0.90,0.946943089138513
22,6,0.95,0.9373847784353984
22,7,0.05,0.8489413046563128
22,7,0.10,0.6809928065392012
22,7,0.15,0.8959735876882228
22,7,0.20,0.5162445150284536
22,7,0.25,0.9261886454621727
22,7,0.30,0.8765872683892989
22,7,0.35,0.8233794663879308
22,7,0.40,0.7664229445128727
22,7,0.45,0.9392666253965963
22,7,0.50,0.9098142657705603
22,7,0.55,0.9185434748467575
22,7,0.60,0.8726025851033189
22,7,0.65,0.8737085628086562
22,7,0.70,0.7597385534808851
22,7,0.75,0.8094784334500544
22,7,0.80,0.9099658985490018
22,7,0.85,0.9195288811333756
22,7,0.90,0.7902544447867937
22,7,0.95,0.9026862056262122
22,8,0.05,0.4112377929767751
22,8,0.10,0.9504473210729585
22,8,0.15,0.8372057147176022
22,8,0.20,0.7549054358287806
22,8,0.25,0.9106118395839711
22,8,0.30,0.859429551226806
22,8,0.35,0.7157706959173755
22,8,0.40,0.7114990040848923
22,8,0.45,0.8989021810524919
22,8,0.50,0.8682781948441999
22,8,0.55,0.7772831465429207
22,8,0.60,0.7588557452131564
22,8,0.65,0.881702816858231
22,8,0.70,0.8312086594760756
22,8,0.75,0.8400911765202772
22,8,0.80,0.825920660744552
22,8,0.85,0.8724867156136139
22,8,0.90,0.8896052731862858
22,8,0.95,0.8938980450111637
22,9,0.05,-0.9014396867986587
22,9,0.10,0.4336680842733681
22,9,0.15,0.5650098034886586
22,9,0.20,0.1767381708439546
22,9,0.25,0.731760262016383
22,9,0.30,0.7503810404518378
22,9,0.35,0.700334762520248
22,9,0.40,0.7654750316588901
22,9,0.45,0.7298007236278392
22,9,0.50,0.8201542299081004
22,9,0.55,0.7983073709059954
22,9,0.60,0.8398798096668718
22,9,0.65,0.8243038020580586
22,9,0.70,0.8660354680535067
22,9,0.75,0.8850747837723645
22,9,0.80,0.9253975279177479
22,9,0.85,0.8598105024815068
22,9,0.90,0.8909789314018997
22,9,0.95,0.8844128914680143
23,0,0.05,0.8814524306022684
23,0,0.10,0.8822972063308296
23,0,0.15,0.8203264894036977
23,0,0.20,0.8317944581860246
23,0,0.25,0.9370123390332021
23,0,0.30,0.6631702810352049
23,0,0.35,0.8930053462784054
23,0,0.40,0.857166845063354
23,0,0.45,0.873381378882703
23,0,0.50,0.8329017725896037
23,0,0.55,0.8161160892801114
23,0,0.60,0.8642207659253964
23,0,0.65,0.9352542181841373
23,0,0.70,0.8843455803941852
23,0,0.75,0.9225914964749611
23,0,0.80,0.8365728090462988
23,0,0.85,0.9036029000071321
23,0,0.90,0.8006641371171946
23,0,0.95,0.8806392777554458
23,1,0.05,0.9183701136681139
23,1,0.10,0.9186029915517695
23,1,0.15,0.7990092993214793
23,1,0.20,0.8560231486428065
23,1,0.25,0.8866228553454476
23,1,0.30,0.8976744480010193
23,1,0.35,0.8396505620872983
23,1,0.40,0.7394828758213021
23,1,0.45,0.8447022650168996
23,1,0.50,0.8697172223590758
23,1,0.55,0.8034732290050532
23,1,0.60,0.934604493029711
23,1,0.65,0.8531611885121592
23,1,0.70,0.8508700620942916
23,1,0.75,0.8622654188069988
23,1,0.80,0.8303476770388256
23,1,0.85,0.9359773227392585
23,1,0.90,0.920575715043928
23,1,0.95,0.931363594961434
23,2,0.05,0.7463410587042592
23,2,0.10,0.8711186585181082
23,2,0.15,0.9597735377300054
23,2,0.20,0.8984903450694854
23,2,0.25,0.9106469741139152
23,2,0.30,0.7706801563201331
23,2,0.35,0.9290534005445326
23,2,0.40,0.7551382882845348
23,2,0.45,0.8909307630105493
23,2,0.50,0.8110443319572417
23,2,0.55,0.8400389722781864
23,2,0.60,0.8504427652981121
23,2,0.65,0.9249117953490722
23,2,0.70,0.8894712590158457
23,2,0.75,0.8725262453170888
23,2,0.80,0.8984889669535814
23,2,0.85,0.8580800386082099
23,2,0.90,0.893326571437365
23,2,0.95,0.8371391723161477
23,3,0.05,-0.5642717873458969
23,3,0.10,0.3934387671091879
23,3,0.15,0.6868877062827996
23,3,0.20,0.5422937464763915
23,3,0.25,0.36983922952296244
23,3,0.30,0.6722867643358615
23,3,0.35,0.8337881029810308
23,3,0.40,0.8206667789141361
23,3,0.45,0.9625323292773891
23,3,0.50,0.8480555462143197
23,3,0.55,0.7684386654160771
23,3,0.60,0.7329014683972177
23,3,0.65,0.8809970129893837
23,3,0.70,0.9212187952810651
23,3,0.75,0.897209055257459
23,3,0.80,0.8781220655419616
23,3,0.85,0.9158210514809556
23,3,0.90,0.8552514914045779
23,3,0.95,0.9286277895246886
23,4,0.05,0.7061054094346908
23,4,0.10,0.019643193904282708
23,4,0.15,0.37511863608796014
23,4,0.20,0.8530350512042293
23,4,0.25,0.7009904177281097
23,4,0.30,0.6857501426401882
23,4,0.35,0.8106709791477364
23,4,0.40,0.7897782360237153
23,4,0.45,0.8820168591808062
23,4,0.50,0.7600227216922459
23,4,0.55,0.826269516575086
23,4,0.60,0.8098660163650957
23,4,0.65,0.8895439193810049
23,4,0.70,0.9379434756961564
23,4,0.75,0.8832531035450994
23,4,0.80,0.9067366225462589
23,4,0.85,0.8965927845390791
23,4,0.90,0.8917368886155662
23,4,0.95,0.898544047469922
23,5,0.05,0.5228798116977829
23,5,0.10,0.7974929984107085
23,5,0.15,0.8873545618975606
23,5,0.20,0.60157769577207
23,5,0.25,0.882688239938208
23,5,0.30,0.7810760728209071
23,5,0.35,0.8888873457827072
23,5,0.40,0.804839610589583
23,5,0.45,0.733350546711931
23,5,0.50,0.8581484362144273
23,5,0.55,0.786401755682526
23,5,0.60,0.9623039684899506
23,5,0.65,0.8371483746422463
23,5,0.70,0.868001378911865
23,5,0.75,0.8423070128281972
23,5,0.80,0.8665558085661219
23,5,0.85,0.8509038767567175
23,5,0.90,0.8532730279600832
23,5,0.95,0.8856228235823778
23,6,0.05,-0.02047417039727195
23,6,0.10,0.9648974825256146
23,6,0.15,0.9212083063088354
23,6,0.20,0.811316772176736
23,6,0.25,0.8944750446016873
23,6,0.30,0.6853730195932458
23,6,0.35,0.8091370911862616
23,6,0.40,0.9231533803473422
23,6,0.45,0.8691676791721796
23,6,0.50,0.8118232867648096
23,6,0.55,0.8355865434914166
23,6,0.60,0.8715522126109482
23,6,0.65,0.8456668273014385
23,6,0.70,0.904682231212945
23,6,0.75,0.9411358804129081
23,6,0.80,0.8997595670167559
23,6,0.85,0.9455362801226547
23,6,0.90,0.9363460303268767
23,6,0.95,0.913553203713282
23,7,0.05,0.7170032774664689
23,7,0.10,0.7895050851831152
23,7,0.15,0.6871226366656824
23,7,0.20,0.7010829543061272
23,7,0.25,0.8524214034711179
23,7,0.30,0.6917933117049337
23,7,0.35,0.7912533946505933
23,7,0.40,0.8489458540109247
23,7,0.45,0.9314950279196685
23,7,0.50,0.829340024286391
23,7,0.55,0.8303345213035376
23,7,0.60,0.8306939906445986
23,7,0.65,0.9150608274322892
23,7,0.70,0.9026976372868222
23,7,0.75,0.8630954387619445
23,7,0.80,0.8068727378796993
23,7,0.85,0.8658321517123277
23,7,0.90,0.9614522292394475
23,7,0.95,0.8862386018012217
23,8,0.05,0.6710734061956984
23,8,0.10,0.688174566391085
23,8,0.15,0.9677873572687739
23,8,0.20,0.7329522268849191
23,8,0.25,0.9420025348541998
23,8,0.30,0.9515300526524675
23,8,0.35,0.8112304248282256
23,8,0.40,0.8102786458198152
23,8,0.45,0.8217290379251706
23,8,0.50,0.8689330977904003
23,8,0.55,0.882620904051951
23,8,0.60,0.9110424092266961
23,8,0.65,0.9264226046569255
23,8,0.70,0.8779856628735629
23,8,0.75,0.8668714791977099
23,8,0.80,0.9070122844253444
23,8,0.85,0.8973661252955019
23,8,0.90,0.8674091820752914
23,8,0.95,0.9017540910790466
23,9,0.05,-0.6434334559918196
23,9,0.10,0.5333780268806285
23,9,0.15,0.28179746373714576
23,9,0.20,0.7198712481082479
23,9,0.25,0.7360397307903274
23,9,0.30,0.9451831966117896
23,9,0.35,0.9523206258307995
23,9,0.40,0.7095145631919585
23,9,0.45,0.649534061363731
23,9,0.50,0.8308801914250287
23,9,0.55,0.9222667497072038
23,9,0.60,0.8240115186846634
23,9,0.65,0.9337887031343047
23,9,0.70,0.8667157788545584
23,9,0.75,0.8670485747478305
23,9,0.80,0.8972033650446956
23,9,0.85,0.8873242740096874
23,9,0.90,0.7954499333266913
23,9,0.95,0.931083668544525
24,0,0.05,0.8376763374952179
24,0,0.10,0.8651229657045441
24,0,0.15,0.8070195500815768
24,0,0.20,0.7337906115890671
24,0,0.25,0.9153189289192167
24,0,0.30,0.9440615927883377
24,0,0.35,0.8248057853189753
24,0,0.40,0.9192967981852196
24,0,0.45,0.8039658144022083
24,0,0.50,0.7946601488915882
24,0,0.55,0.9206654878957796
24,0,0.60,0.838304628717123
24,0,0.65,0.844056116758948
24,0,0.70,0.8772872679704034
24,0,0.75,0.9344843395667398
24,0,0.80,0.8671052339693892
24,0,0.85,0.8833434932670599
24,0,0.90,0.8704389807792191
24,0,0.95,0.9035217844880381
24,1,0.05,0.17698432303127665
24,1,0.10,0.8399394088329579
24,1,0.15,0.8089529436009075
24,1,0.20,0.8063057791710556
24,1,0.25,0.8610084237862974
24,1,0.30,0.9018320413766483
24,1,0.35,0.8991197355937163
24,1,0.40,0.5987274367255736
24,1,0.45,0.7620752032518952
24,1,0.50,0.8754513330387804
24,1,0.55,0.8907321977157683
24,1,0.60,0.8274782867744765
24,1,0.65,0.8852862601551494
24,1,0.70,0.8609737525769459
24,1,0.75,0.8115452627894928
24,1,0.80,0.79546348685989
24,1,0.85,0.8573956889376909
24,1,0.90,0.9054099342776741
24,1,0.95,0.9326860170656703
24,2,0.05,0.7566329539223521
24,2,0.10,0.2843419086831397
24,2,0.15,0.9543205181182131
24,2,0.20,0.5397168012079844
24,2,0.25,0.5476325941971492
24,2,0.30,0.7331292253665203
24,2,0.35,0.8041141903050242
24,2,0.40,0.7685818370275461
24,2,0.45,0.9220200341824623
24,2,0.50,0.7754598047206215
24,2,0.55,0.8282820967108795
24,2,0.60,0.9205579883321517
24,2,0.65,0.791859773327658
24,2,0.70,0.895689330511963
24,2,0.75,0.8921136880247149
24,2,0.80,0.7529461157163188
24,2,0.85,0.7887806069765864
24,2,0.90,0.939734669237924
24,2,0.95,0.8817105555890179
24,3,0.05,0.2500692546786434
24,3,0.10,0.6141001642946766
24,3,0.15,0.5992964330327932
24,3,0.20,0.7949096766057135
24,3,0.25,0.6892149280973021
24,3,0.30,0.6082263183519466
24,3,0.35,0.659418879986085
24,3,0.40,0.8110046331045015
24,3,0.45,0.8628661669751325
24,3,0.50,0.8148602855799438
24,3,0.55,0.8338074534374829
24,3,0.60,0.863771839440685
24,3,0.65,0.8194457906982019
24,3,0.70,0.8254183197494518
24,3,0.75,0.8795269091314
24,3,0.80,0.8964136425033594
24,3,0.85,0.8471334719645851
24,3,0.90,0.8486193595189564
24,3,0.95,0.8535101470234948
24,4,0.05,0.5079868942589023
24,4,0.10,-0.014894230918929274
24,4,0.15,0.9018343776056577
24,4,0.20,0.8045130682668098
24,4,0.25,0.7671049795500676
24,4,0.30,0.8381693930869253
24,4,0.35,0.5576026663237288
24,4,0.40,0.8142758437748331
24,4,0.45,0.8625934307381673
24,4,0.50,0.7802794848818106
24,4,0.55,0.8094022237221042
24,4,0.60,0.8221528824498417
24,4,0.65,0.8570653896557217
24,4,0.70,0.8677155880068324
24,4,0.75,0.8607488357305467
24,4,0.80,0.9026990932686902
24,4,0.85,0.8178364396725539
24,4,0.90,0.8313451704271133
24,4,0.95,0.9218957189425958
24,5,0.05,0.6469471107258883
24,5,0.10,0.6817225799113373
24,5,0.15,0.6969049337789561
24,5,0.20,0.7843221667177013
24,5,0.25,0.8156937178468402
24,5,0.30,0.7926647729124182
24,5,0.35,0.8676822940930256
24,5,0.40,0.6965175007080651
24,5,0.45,0.8978589092645592
24,5,0.50,0.8242089014583367
24,5,0.55,0.7708225572242279
24,5,0.60,0.7083613553201982
24,5,0.65,0.7247885088064192
24,5,0.70,0.8454394174477379
24,5,0.75,0.8987911888194112
24,5,0.80,0.9165360455516816
24,5,0.85,0.9124085135984976
24,5,0.90,0.8872502462691185
24,5,0.95,0.876688815402027
24,6,0.05,0.3971012023003574
24,6,0.10,-0.15107726328930937
24,6,0.15,0.6128651713532252
24,6,0.20,0.812541023377643
24,6,0.25,0.8486906998696423
24,6,0.30,0.838330340389346
24,6,0.35,0.4640541572322394
24,6,0.40,0.6354256514722
24,6,0.45,0.8288426909821696
24,6,0.50,0.884834754681933
24,6,0.55,0.7345435917632404
24,6,0.60,0.7177050492522603
24,6,0.65,0.7364800361974606
24,6,0.70,0.9035285955375931
24,6,0.75,0.8757284257807171
24,6,0.80,0.8394568879442126
24,6,0.85,0.8351668970248762
24,6,0.90,0.8999951703857276
24,6,0.95,0.827207954114759
24,7,0.05,0.8645229108811956
24,7,0.10,0.6071222777982281
24,7,0.15,0.5623220969628875
24,7,0.20,0.6992986383178375
24,7,0.25,0.8450425218982034
24,7,0.30,0.9306321591127829
24,7,0.35,0.8054359599804267
24,7,0.40,0.8916832326527712
24,7,0.45,0.6411762110747179
24,7,0.50,0.9337984551497308
24,7,0.55,0.8973691583162962
24,7,0.60,0.8698984182095428
24,7,0.65,0.7781578450192044
24,7,0.70,0.7671992778746173
24,7,0.75,0.9397689253254794
24,7,0.80,0.8562732963802624
24,7,0.85,0.9351281924837733
24,7,0.90,0.850682447723543
24,7,0.95,0.8727409642358344
24,8,0.05,0.4393604433315278
24,8,0.10,0.6121316254053452
24,8,0.15,0.35441159555713275
24,8,0.20,0.8103208811672462
24,8,0.25,0.8106128399987758
24,8,0.30,0.6160443485930432
24,8,0.35,0.48742646222511843
24,8,0.40,0.7870699489167436
24,8,0.45,0.9034044659773901
24,8,0.50,0.8415934906972233
24,8,0.55,0.803478245137636
24,8,0.60,0.8725903875959482
24,8,0.65,0.7841076773801351
24,8,0.70,0.8841538290384345
24,8,0.75,0.8876855568900887
24,8,0.80,0.844934255016057
24,8,0.85,0.8089507335376533
24,8,0.90,0.8536093953182192
24,8,0.95,0.9079641303809969
24,9,0.05,0.7424934679232795
24,9,0.10,0.7630184307898351
24,9,0.15,0.7988010955795631
24,9,0.20,0.9064171501279455
24,9,0.25,0.8620929093680134
24,9,0.30,0.4400790862375813
24,9,0.35,0.6475367609312027
24,9,0.40,0.6624527064005223
24,9,0.45,0.9099584530338363
24,9,0.50,0.8850861916303684
24,9,0.55,0.9112985592696381
24,9,0.60,0.9245130641259152
24,9,0.65,0.9443938833005433
24,9,0.70,0.8158492283953298
24,9,0.75,0.927877362022563
24,9,0.80,0.8770015970340892
24,9,0.85,0.8412838270295605
24,9,0.90,0.9470589383084785
24,9,0.95,0.8482556018841982
25,0,0.05,0.7990980954171619
25,0,0.10,0.9654910381014615
25,0,0.15,0.8059971016086415
25,0,0.20,0.9183611319637056
25,0,0.25,0.6915393553186383
25,0,0.30,0.8847307377561634
25,0,0.35,0.9107514300196586
25,0,0.40,0.873027493188493
25,0,0.45,0.952841852490375
25,0,0.50,0.9165046628371132
25,0,0.55,0.8690675868681766
25,0,0.60,0.8643558976841295
25,0,0.65,0.7945413604570098
25,0,0.70,0.781003173872471
25,0,0.75,0.9030115110973115
25,0,0.80,0.9416699552025882
25,0,0.85,0.8691605908752831
25,0,0.90,0.9172293977927032
25,0,0.95,0.8982155650852681
25,1,0.05,0.342221385124603
25,1,0.10,0.7278083088885355
25,1,0.15,0.8986125215902172
25,1,0.20,0.9502307085641954
25,1,0.25,0.8871357021186987
25,1,0.30,0.9210127763454695
25,1,0.35,0.7116745035637526
25,1,0.40,0.9115744631256207
25,1,0.45,0.9213617547493217
25,1,0.50,0.8484426102147805
25,1,0.55,0.9343349516535142
25,1,0.60,0.778182211814591
25,1,0.65,0.8613344527244388
25,1,0.70,0.8131600598949702
25,1,0.75,0.9157659834966209
25,1,0.80,0.8604105177776149
25,1,0.85,0.9193466971458809
25,1,0.90,0.8250614857991577
25,1,0.95,0.795354595549456
25,2,0.05,0.2917289937329631
25,2,0.10,0.7418848422397701
25,2,0.15,0.9196133600973583
25,2,0.20,0.8678380468288409
25,2,0.25,0.8110905496707864
25,2,0.30,0.8102902689397401
25,2,0.35,0.8466329298099659
25,2,0.40,0.945423767777742
25,2,0.45,0.9321737921905171
25,2,0.50,0.9302461877272318
25,2,0.55,0.9297795065464391
25,2,0.60,0.7581856252337215
25,2,0.65,0.8227362008664753
25,2,0.70,0.8693174849027202
25,2,0.75,0.9172848923114438
25,2,0.80,0.9385724016293259
25,2,0.85,0.8640933599289902
25,2,0.90,0.7900660241930072
25,2,0.95,0.8422079078716853
25,3,0.05,0.6413038640489249
25,3,0.10,0.960624016966947
25,3,0.15,0.915041061326804
25,3,0.20,0.7858446005541775
25,3,0.25,0.7672745623235164
25,3,0.30,0.7144774388991624
25,3,0.35,0.9457958096641376
25,3,0.40,0.872117225886838
25,3,0.45,0.9091743097911609
25,3,0.50,0.8414437543941439
25,3,0.55,0.9484351928234587
25,3,0.60,0.8461047773944157
25,3,0.65,0.9044573124020521
25,3,0.70,0.9025937753736385
25,3,0.75,0.8325292720950271
25,3,0.80,0.8508901913843816
25,3,0.85,0.8405936785159513
25,3,0.90,0.8405646894527875
25,3,0.95,0.890327142127504
25,4,0.05,0.33180825731126506
25,4,0.10,0.784227274319854
25,4,0.15,0.7841003030618288
25,4,0.20,0.7562003792513107
25,4,0.25,0.8694857185588936
25,4,0.30,0.8897747551048648
25,4,0.35,0.8313367330043737
25,4,0.40,0.8628648684073137
25,4,0.45,0.8210104078950559
25,4,0.50,0.9175863454444859
25,4,0.55,0.9143217049181234
25,4,0.60,0.8228373636182672
25,4,0.65,0.8976431160851379
25,4,0.70,0.9456272922680214
25,4,0.75,0.8807671953728012
25,4,0.80,0.8506975261051536
25,4,0.85,0.8712818820662867
25,4,0.90,0.8095737322340985
25,4,0.95,0.8714188264821927
25,5,0.05,0.30097037790752235
25,5,0.10,0.8539391941900946
25,5,0.15,0.7936764874312995
25,5,0.20,0.8394799318891988
25,5,0.25,0.8929047762104243
25,5,0.30,0.8235916456240072
25,5,0.35,0.8633055599105148
25,5,0.40,0.8630678080703899
25,5,0.45,0.8881983536027905
25,5,0.50,0.8957898814035931
25,5,0.55,0.9339747451037066
25,5,0.60,0.8868333827463073
25,5,0.65,0.8746429083317796
25,5,0.70,0.9408167949049692
25,5,0.75,0.8493310983719723
25,5,0.80,0.8247241157616576
25,5,0.85,0.8182662755623805
25,5,0.90,0.9191430007942551
25,5,0.95,0.8540437285061764
25,6,0.05,-0.23157773347536925
25,6,0.10,0.9053465482872771
25,6,0.15,0.5668323967770319
25,6,0.20,0.6944434986064363
25,6,0.25,0.8257054559354077
25,6,0.30,0.7944339239133004
25,6,0.35,0.8607721742141637
25,6,0.40,0.8103604264880669
25,6,0.45,0.9243640390465914
25,6,0.50,0.9018009233838649
25,6,0.55,0.920705401049959
25,6,0.60,0.9637874670911545
25,6,0.65,0.8582746763569329
25,6,0.70,0.8379966051244399
25,6,0.75,0.8530204196862589
25,6,0.80,0.8814632336810677
25,6,0.85,0.8324898314980216
25,6,0.90,0.8985267288886795
25,6,0.95,0.8321296304332889
25,7,0.05,0.8323601398932066
25,7,0.10,0.6777008766839585
25,7,0.15,0.8316735330196984
25,7,0.20,0.8580476962270214
25,7,0.25,0.780903886537865
25,7,0.30,0.8659648053827363
25,7,0.35,0.8982040016978506
25,7,0.40,0.923156454130832
25,7,0.45,0.9258795235131776
25,7,0.50,0.9290635296868512
25,7,0.55,0.838933638896078
25,7,0.60,0.7825361088174352
25,7,0.65,0.790760753901963
25,7,0.70,0.8300183660790131
25,7,0.75,0.9390293924394236
25,7,0.80,0.8881214544013449
25,7,0.85,0.9327365409062743
25,7,0.90,0.8930640427494669
25,7,0.95,0.936327304433137
25,8,0.05,-2.2714148779058108
25,8,0.10,0.21824897305562407
25,8,0.15,0.7879227136725812
25,8,0.20,0.843362431362553
25,8,0.25,0.6836458049788003
25,8,0.30,0.8432084018768731
25,8,0.35,0.9026839947966089
25,8,0.40,0.9027702021609283
25,8,0.45,0.9584452858189652
25,8,0.50,0.8639366206853658
25,8,0.55,0.9112344545865083
25,8,0.60,0.7840562793197764
25,8,0.65,0.8569228251654588
25,8,0.70,0.7941132355110412
25,8,0.75,0.9109508506542712
25,8,0.80,0.8691449595930588
25,8,0.85,0.8930377830466617
25,8,0.90,0.9254779087920801
25,8,0.95,0.9454028886626924
25,9,0.05,0.7331653593504645
25,9,0.10,0.7195282622369475
25,9,0.15,0.8995700523437573
25,9,0.20,0.7979633959711364
25,9,0.25,0.8594681521111402
25,9,0.30,0.8759267367249893
25,9,0.35,0.8688544667409164
25,9,0.40,0.910605627726741
25,9,0.45,0.9347900801189074
25,9,0.50,0.8408500515581533
25,9,0.55,0.8930676164604453
25,9,0.60,0.8545941575567009
25,9,0.65,0.8606594897099628
25,9,0.70,0.8341790714050004
25,9,0.75,0.8677687633102973
25,9,0.80,0.9209813393211141
25,9,0.85,0.870830602717968
25,9,0.90,0.9124365857819459
25,9,0.95,0.8871385877175201
26,0,0.05,-0.05481396322858689
26,0,0.10,0.9010087397189886
26,0,0.15,0.8761710797179243
26,0,0.20,0.86524215463679
26,0,0.25,0.9108759557396772
26,0,0.30,0.8141067274728867
26,0,0.35,0.787345097239794
26,0,0.40,0.885534413156012
26,0,0.45,0.7000742306149099
26,0,0.50,0.6244194984396003
26,0,0.55,0.8132580709706497
26,0,0.60,0.826948297084161
26,0,0.65,0.7704538206518509
26,0,0.70,0.8960012367922795
26,0,0.75,0.9244698997662409
26,0,0.80,0.7058064523230642
26,0,0.85,0.8716815331169196
26,0,0.90,0.791516937196886
26,0,0.95,0.8687251798104327
26,1,0.05,0.3953935361723545
26,1,0.10,0.908908052721838
26,1,0.15,0.9329029238717272
26,1,0.20,0.8045702771645911
26,1,0.25,0.8482487969355517
26,1,0.30,0.8022354981479053
26,1,0.35,0.8705892054172211
26,1,0.40,0.8849400450776613
26,1,0.45,0.8037697894835013
26,1,0.50,0.8678000059085657
26,1,0.55,0.803680517447061
26,1,0.60,0.8445584129318131
26,1,0.65,0.8871935965600872
26,1,0.70,0.921054441696171
26,1,0.75,0.8714189053777621
26,1,0.80,0.9160074820373215
26,1,0.85,0.9619000863891082
26,1,0.90,0.856275460818974
26,1,0.95,0.8833422676057765
26,2,0.05,0.44772509377141745
26,2,0.10,0.8409140955041186
26,2,0.15,0.8871835275164071
26,2,0.20,0.7995393540276047
26,2,0.25,0.7855002940311121
26,2,0.30,0.9225649731586496
26,2,0.35,0.8975578835656305
26,2,0.40,0.7186822705754385
26,2,0.45,0.8785295472622453
26,2,0.50,0.8374698606293544
26,2,0.55,0.8535652693066155
26,2,0.60,0.7405867206018988
26,2,0.65,0.8154449391239298
26,2,0.70,0.936212959101661
26,2,0.75,0.9195670985401904
26,2,0.80,0.8748236496109631
26,2,0.85,0.8737936598447992
26,2,0.90,0.8664660216905719
26,2,0.95,0.9354962329927092
26,3,0.05,0.3158878857619877
26,3,0.10,0.7057101482159396
26,3,0.15,0.7806353956772429
26,3,0.20,0.41099305955769705
26,3,0.25,0.8150894200885578
26,3,0.30,0.8676275480097773
26,3,0.35,0.7688628786828458
26,3,0.40,0.7581305482200563
26,3,0.45,0.8414991579878704
26,3,0.50,0.9138327724986625
26,3,0.55,0.8165927907434775
26,3,0.60,0.8889134104301375
26,3,0.65,0.9328148933852131
26,3,0.70,0.808217363494054
26,3,0.75,0.8097005045668941
26,3,0.80,0.9136854345910702
26,3,0.85,0.9041838044558791
26,3,0.90,0.8949805681861223
26,3,0.95,0.7976052530517269
26,4,0.05,0.4467249614231569
26,4,0.10,0.9554806898875624
26,4,0.15,0.8774215840208247
26,4,0.20,0.8311425304617039
26,4,0.25,0.8226629710176078
26,4,0.30,0.8689419210009497
26,4,0.35,0.8319423676099615
26,4,0.40,0.8622067035269212
26,4,0.45,0.776018500707188
26,4,0.50,0.805355551102348
26,4,0.55,0.8844007570523258
26,4,0.60,0.9150713773737761
26,4,0.65,0.854595123237861
26,4,0.70,0.917178660669456
26,4,0.75,0.8924610047381707
26,4,0.80,0.8892891490369156
26,4,0.85,0.8642834547200187
26,4,0.90,0.9470903450770125
26,4,0.95,0.921434568657998
26,5,0.05,0.03618623472603011
26,5,0.10,0.8569159413480306
26,5,0.15,0.8300006525951081
26,5,0.20,0.5198445529781306
26,5,0.25,0.9106833445352653
26,5,0.30,0.8169543173311927
26,5,0.35,0.5367933689355462
26,5,0.40,0.6397609768252239
26,5,0.45,0.889979807564485
26,5,0.50,0.8693613138962251
26,5,0.55,0.9284304129165009
26,5,0.60,0.7916454500231439
26,5,0.65,0.8960189066764727
26,5,0.70,0.8877826964227946
26,5,0.75,0.716464485985213
26,5,0.80,0.8292127797663796
26,5,0.85,0.911882148262206
26,5,0.90,0.791790437545457
26,5,0.95,0.879136394055011
26,6,0.05,0.632988714062522
26,6,0.10,0.9410512588782777
26,6,0.15,0.8798729155995271
26,6,0.20,0.8035618881575102
26,6,0.25,0.8631526762913099
26,6,0.30,0.8965275944308665
26,6,0.35,0.9411592258682239
26,6,0.40,0.8119970043387672
26,6,0.45,0.9539066774075777
26,6,0.50,0.8192624043819141
26,6,0.55,0.7932204417872671
26,6,0.60,0.8063618490729054
26,6,0.65,0.9254633981291484
26,6,0.70,0.8652060705178287
26,6,0.75,0.878341428407867
26,6,0.80,0.9164141558038972
26,6,0.85,0.865929721460637
26,6,0.90,0.8651747008497419
26,6,0.95,0.8433425630798808
26,7,0.05,0.9907326254543618
26,7,0.10,0.7746819703945637
26,7,0.15,0.8064573078267409
26,7,0.20,0.6506257134949542
26,7,0.25,0.8191661434428081
26,7,0.30,0.7498735695690442
26,7,0.35,0.9289530806193218
26,7,0.40,0.7705979664747786
26,7,0.45,0.7663530512030435
26,7,0.50,0.8526209741566987
26,7,0.55,0.8530803080757505
26,7,0.60,0.8720151500720172
26,7,0.65,0.9151155740161759
26,7,0.70,0.8381786025046489
26,7,0.75,0.9199130192851496
26,7,0.80,0.7733590700137746
26,7,0.85,0.8520436707151283
26,7,0.90,0.9526823287228422
26,7,0.95,0.8631496972549912
26,8,0.05,0.49664898362720233
26,8,0.10,0.9086505551421077
26,8,0.15,0.8857071927142787
26,8,0.20,0.646016867166127
26,8,0.25,0.6644713047762439
26,8,0.30,0.9352312150487798
26,8,0.35,0.8241734363320357
26,8,0.40,0.8843111570433915
26,8,0.45,0.8520448535702732
26,8,0.50,0.9200606994640381
26,8,0.55,0.764987768569009
26,8,0.60,0.8948334772572674
26,8,0.65,0.816924511575544
26,8,0.70,0.8105774513489385
26,8,0.75,0.8802167002530062
26,8,0.80,0.8826748414375426
26,8,0.85,0.9118440271135427
26,8,0.90,0.8954597163352188
26,8,0.95,0.8285474427328076
26,9,0.05,0.5011239965721641
26,9,0.10,0.8371475405568224
26,9,0.15,0.9769328296929662
26,9,0.20,0.8270324800296461
26,9,0.25,0.7319817389557227
26,9,0.30,0.8270651806684846
26,9,0.35,0.7044985759491692
26,9,0.40,0.881200046519146
26,9,0.45,0.7756796935591692
26,9,0.50,0.8928516713601602
26,9,0.55,0.8938361393844767
26,9,0.60,0.7976674985042405
26,9,0.65,0.8252686535472442
26,9,0.70,0.9514586973140432
26,9,0.75,0.8686501640389326
26,9,0.80,0.8113982023303088
26,9,0.85,0.8220109607351853
26,9,0.90,0.883866447836355
26,9,0.95,0.9195156432339902
27,0,0.05,-0.9220674130986988
27,0,0.10,0.7176375861410661
27,0,0.15,0.8606614535681781
27,0,0.20,0.9086062884862617
27,0,0.25,0.7110111677691924
27,0,0.30,0.5492074447797574
27,0,0.35,0.9093485924939739
27,0,0.40,0.774210535401056
27,0,0.45,0.8614291602388672
27,0,0.50,0.8521366942029898
27,0,0.55,0.9347626170944813
27,0,0.60,0.7166718759883719
27,0,0.65,0.8501749289668439
27,0,0.70,0.9063343821456937
27,0,0.75,0.9454364559428349
27,0,0.80,0.9250691476453774
27,0,0.85,0.7703463051303896
27,0,0.90,0.8685579107970807
27,0,0.95,0.8266847951360791
27,1,0.05,0.479529678563523
27,1,0.10,0.4571772927681099
27,1,0.15,0.9269063773805383
27,1,0.20,0.9176112317944984
27,1,0.25,0.9128798999327672
27,1,0.30,0.7846345885916919
27,1,0.35,0.8881591159234355
27,1,0.40,0.8754230939232488
27,1,0.45,0.9267313902533373
27,1,0.50,0.9298952919459097
27,1,0.55,0.8496425919271979
27,1,0.60,0.8689851678846454
27,1,0.65,0.8263420138684733
27,1,0.70,0.8987868827483193
27,1,0.75,0.9117447940998369
27,1,0.80,0.9258890051034878
27,1,0.85,0.9137109548809749
27,1,0.90,0.9040810001393798
27,1,0.95,0.919737349099009
27,2,0.05,0.9274043986527811
27,2,0.10,0.8736938673474467
27,2,0.15,0.8725186831345997
27,2,0.20,0.8798696752778246
27,2,0.25,0.956770367454928
27,2,0.30,0.9098781045566303
27,2,0.35,0.8147264442809915
27,2,0.40,0.9571000618754615
27,2,0.45,0.9194070334517309
27,2,0.50,0.9519735060363048
27,2,0.55,0.7728852879089977
27,2,0.60,0.9142326674937618
27,2,0.65,0.9296063858697343
27,2,0.70,0.851579179628775
27,2,0.75,0.8996026982057728
27,2,0.80,0.9248401815407079
27,2,0.85,0.9217139285741452
27,2,0.90,0.8527729865970848
27,2,0.95,0.9077576763498952
27,3,0.05,0.7324198269344311
27,3,0.10,0.8370706404090191
27,3,0.15,0.7251747895630387
27,3,0.20,0.7591990895925119
27,3,0.25,0.846812859029446
27,3,0.30,0.8916173243687084
27,3,0.35,0.8555392252315175
27,3,0.40,0.8589626745350359
27,3,0.45,0.93430016388677
27,3,0.50,0.859637014621909
27,3,0.55,0.8853403857122196
27,3,0.60,0.8312731326897949
27,3,0.65,0.9111373507813576
27,3,0.70,0.9165506285994429
27,3,0.75,0.9448502553837975
27,3,0.80,0.8946574385870678
27,3,0.85,0.8405954366455297
27,3,0.90,0.8767372275160347
27,3,0.95,0.833770135848547
27,4,0.05,0.9625560155086703
27,4,0.10,0.7037073637133477
27,4,0.15,0.724551772039246
27,4,0.20,0.8393795092261123
27,4,0.25,0.7648374882800655
27,4,0.30,0.7922427005330558
27,4,0.35,0.9287384709782127
27,4,0.40,0.8954287253539063
27,4,0.45,0.9392427000952783
27,4,0.50,0.8565368708431077
27,4,0.55,0.9271644942837806
27,4,0.60,0.8637206893917629
27,4,0.65,0.8600425936147638
27,4,0.70,0.8569014169571266
27,4,0.75,0.8026084698828544
27,4,0.80,0.9027230004051876
27,4,0.85,0.8193894526421064
27,4,0.90,0.8210318398392058
27,4,0.95,0.9094696677221997
27,5,0.05,0.5609743820147293
27,5,0.10,0.8179613549530914
27,5,0.15,0.8981924053502084
27,5,0.20,0.9116604096455487
27,5,0.25,0.6461386684261706
27,5,0.30,0.9453299978007661
27,5,0.35,0.7975772524689888
27,5,0.40,0.8289189317192983
27,5,0.45,0.9268137189302648
27,5,0.50,0.7189009367833354
27,5,0.55,0.796292814370963
27,5,0.60,0.8948034806869504
27,5,0.65,0.926813998999725
27,5,0.70,0.885824621082292
27,5,0.75,0.8815054165354425
27,5,0.80,0.9255327330326372
27,5,0.85,0.8675929865082358
27,5,0.90,0.877144248815868
27,5,0.95,0.9020628944493401
27,6,0.05,0.9047443457189035
27,6,0.10,0.8688258107691623
27,6,0.15,0.8458408771175534
27,6,0.20,0.8278786190290969
27,6,0.25,0.7322555952437455
27,6,0.30,0.7396265333525323
27,6,0.35,0.9319424248105583
27,6,0.40,0.887277827149585
27,6,0.45,0.8495852050373545
27,6,0.50,0.8941122309873124
27,6,0.55,0.6728410083659213
27,6,0.60,0.8725680335018359
27,6,0.65,0.9048378291268777
27,6,0.70,0.9225059436373658
27,6,0.75,0.8918502995341616
27,6,0.80,0.9402779847305017
27,6,0.85,0.7925045538006562
27,6,0.90,0.9226623761242043
27,6,0.95,0.9268848691137523
27,7,0.05,0.6236593818065508
27,7,0.10,0.4533942394678875
27,7,0.15,0.8481778701792655
27,7,0.20,0.7308741274616706
27,7,0.25,0.9254844971817086
27,7,0.30,0.7429832382017146
27,7,0.35,0.9054843945977006
27,7,0.40,0.8511835025269997
27,7,0.45,0.9038139617622384
27,7,0.50,0.9246367940306662
27,7,0.55,0.8258747056872155
27,7,0.60,0.8352390286245042
27,7,0.65,0.9277210002465474
27,7,0.70,0.915847668666358
27,7,0.75,0.9316309183111089
27,7,0.80,0.917293553635585
27,7,0.85,0.8726739673079996
27,7,0.90,0.8957136079397428
27,7,0.95,0.9041192100690657
27,8,0.05,0.16778121832072967
27,8,0.10,0.7808282403971784
27,8,0.15,0.9127441724288947
27,8,0.20,0.8741171772414915
27,8,0.25,0.6029712996385967
27,8,0.30,0.8239468247637686
27,8,0.35,0.8599354870222188
27,8,0.40,0.9032936108879426
27,8,0.45,0.9259317621894065
27,8,0.50,0.9427963035458082
27,8,0.55,0.8674451953549009
27,8,0.60,0.835258976240497
27,8,0.65,0.9417699727701241
27,8,0.70,0.8640187907826977
27,8,0.75,0.8926231248410962
27,8,0.80,0.8882790371734326
27,8,0.85,0.919145205980091
27,8,0.90,0.9345051813808372
27,8,0.95,0.9158160509021366
27,9,0.05,0.35067691225456155
27,9,0.10,0.7221962746468077
27,9,0.15,0.8493329044525657
27,9,0.20,0.73558970954959
27,9,0.25,0.9319422093177651
27,9,0.30,0.6763702010372519
27,9,0.35,0.9010652999543995
27,9,0.40,0.8421006701640372
27,9,0.45,0.762814396638806
27,9,0.50,0.8071774714415272
27,9,0.55,0.9363570734007691
27,9,0.60,0.8584389445663917
27,9,0.65,0.8915286039477281
27,9,0.70,0.8978735072571756
27,9,0.75,0.9041218268349868
27,9,0.80,0.8884539077556747
27,9,0.85,0.8517545274779377
27,9,0.90,0.8693687088275557
27,9,0.95,0.9369783777852769
28,0,0.05,0.37367641223971504
28,0,0.10,0.6521647880557456
28,0,0.15,0.8852550683366346
28,0,0.20,0.7238283917349839
28,0,0.25,0.7105912013053459
28,0,0.30,0.7360681979773699
28,0,0.35,0.8959693352150314
28,0,0.40,0.7604983099552102
28,0,0.45,0.7568964814459089
28,0,0.50,0.7752723707028357
28,0,0.55,0.8897292254311875
28,0,0.60,0.9141788245483526
28,0,0.65,0.8831254163445057
28,0,0.70,0.8490449522831751
28,0,0.75,0.8054917431793462
28,0,0.80,0.7900185154037249
28,0,0.85,0.8844893516505485
28,0,0.90,0.909762159188263
28,0,0.95,0.8737327105889816
28,1,0.05,0.4384920593526179
28,1,0.10,0.704537000602856
28,1,0.15,0.8149379585500077
28,1,0.20,0.8227384853843727
28,1,0.25,0.3601101301516283
28,1,0.30,0.8193842494877341
28,1,0.35,0.8459603740344759
28,1,0.40,0.6591106422374217
28,1,0.45,0.9226405766207864
28,1,0.50,0.8457799450752356
28,1,0.55,0.9087192109618463
28,1,0.60,0.9206973278148528
28,1,0.65,0.80879446385057
28,1,0.70,0.895224063594816
28,1,0.75,0.9251199728644359
28,1,0.80,0.8415795669852986
28,1,0.85,0.8532756048991087
28,1,0.90,0.8567668805554692
28,1,0.95,0.9106311429024327
28,2,0.05,0.7026103106455226
28,2,0.10,0.9552441474202854
28,2,0.15,0.7030682558288417
28,2,0.20,0.7479082884783486
28,2,0.25,0.8397811956513969
28,2,0.30,0.8148760033390637
28,2,0.35,0.9207089614656652
28,2,0.40,0.8545573717862376
28,2,0.45,0.8450494351672617
28,2,0.50,0.8368068603230696
28,2,0.55,0.8332273544552237
28,2,0.60,0.8513532689713635
28,2,0.65,0.9147559678163628
28,2,0.70,0.893689953312025
28,2,0.75,0.8939638814537515
28,2,0.80,0.9310917775901599
28,2,0.85,0.8690125149431365
28,2,0.90,0.8934879519172445
28,2,0.95,0.9187045634527459
28,3,0.05,0.7488674367637949
28,3,0.10,0.8969632242249015
28,3,0.15,0.8877165798103137
28,3,0.20,0.8549709395316764
28,3,0.25,0.6374564817420503
28,3,0.30,0.4480048068551521
28,3,0.35,0.9462571586127618
28,3,0.40,0.8527246528928663
28,3,0.45,0.875032069189058
28,3,0.50,0.9433655569147522
28,3,0.55,0.8075421107843852
28,3,0.60,0.9298697546496694
28,3,0.65,0.8736504860249688
28,3,0.70,0.8238279382899766
28,3,0.75,0.8772246970930393
28,3,0.80,0.8039447643427096
28,3,0.85,0.8290265272452034
28,3,0.90,0.8706096215906536
28,3,0.95,0.8423892358560573
28,4,0.05,0.925641934497516
28,4,0.10,0.8496078129813001
28,4,0.15,0.7728523303943842
28,4,0.20,0.7997540125210009
28,4,0.25,0.5289712298731528
28,4,0.30,0.8608918782448254
28,4,0.35,0.8568185184210326
28,4,0.40,0.8484771633627805
28,4,0.45,0.8793503189726931
28,4,0.50,0.8893736912127742
28,4,0.55,0.928769408743794
28,4,0.60,0.91952143441887
28,4,0.65,0.9163108920968477
28,4,0.70,0.9133854482858479
28,4,0.75,0.9047623332667958
28,4,0.80,0.8519650401182469
28,4,0.85,0.8721403019094913
28,4,0.90,0.8896584926760738
28,4,0.95,0.9461088001922985
28,5,0.05,0.37022925722262623
28,5,0.10,0.8675518078414497
28,5,0.15,0.8084468899589072
28,5,0.20,0.903501909774751
28,5,0.25,0.9092057778192908
28,5,0.30,0.8035026544766023
28,5,0.35,0.9320437213999692
28,5,0.40,0.7936953116598514
28,5,0.45,0.8542266747739149
28,5,0.50,0.8830156966244121
28,5,0.55,0.9062795341852219
28,5,0.60,0.8800740519268141
28,5,0.65,0.8710186242719218
28,5,0.70,0.8960603983043103
28,5,0.75,0.8547453540752497
28,5,0.80,0.9058133261853338
28,5,0.85,0.9043609640377701
28,5,0.90,0.8532861924984927
28,5,0.95,0.850073727380535
28,6,0.05,0.48619637870253507
28,6,0.10,0.6467306165095151
28,6,0.15,0.7992021121390613
28,6,0.20,0.692976587830533
28,6,0.25,0.4569416617239457
28,6,0.30,0.7227560085913668
28,6,0.35,0.8961741296772135
28,6,0.40,0.9033431776640933
28,6,0.45,0.9064061898816593
28,6,0.50,0.8201726204954773
28,6,0.55,0.9358172819945412
28,6,0.60,0.8208268544545235
28,6,0.65,0.9274613812722551
28,6,0.70,0.8551844939544131
28,6,0.75,0.8562016974876963
28,6,0.80,0.9284740454566573
28,6,0.85,0.8668745819332206
28,6,0.90,0.878687847231599
28,6,0.95,0.8263569848921256
28,7,0.05,0.6981676190197492
28,7,0.10,0.6900164945922799
28,7,0.15,0.7291323580982322
28,7,0.20,0.8837398332401895
28,7,0.25,0.6902573233268449
28,7,0.30,0.37091428054919406
28,7,0.35,0.8409477397113669
28,7,0.40,0.857025268232136
28,7,0.45,0.7908954500872161
28,7,0.50,0.8710225830633449
28,7,0.55,0.8894077750152282
28,7,0.60,0.833126898719179
28,7,0.65,0.9079404887513082
28,7,0.70,0.880832102629046
28,7,0.75,0.8906181754280614
28,7,0.80,0.9234566612780667
28,7,0.85,0.8180442653177462
28,7,0.90,0.9062775178881504
28,7,0.95,0.9098765805169966
28,8,0.05,0.7070794127385964
28,8,0.10,0.8363338689558308
28,8,0.15,0.8771175192200747
28,8,0.20,0.9156573593918116
28,8,0.25,0.8038027669933097
28,8,0.30,0.9226284453612956
28,8,0.35,0.9217236097138015
28,8,0.40,0.9328335868075941
28,8,0.45,0.8733369373094477
28,8,0.50,0.8697724390521853
28,8,0.55,0.9047893196223897
28,8,0.60,0.8948660380986758
28,8,0.65,0.7960792307216635
28,8,0.70,0.8691596803823982
28,8,0.75,0.9211087316205889
28,8,0.80,0.896974838068358
28,8,0.85,0.8781932204717939
28,8,0.90,0.942276760350781
28,8,0.95,0.9119582918393956
28,9,0.05,-0.03053160386800524
28,9,0.10,0.8634679331208688
28,9,0.15,0.8564571763597686
28,9,0.20,0.8109073603522359
28,9,0.25,0.5327759584788698
28,9,0.30,0.6485204704287838
28,9,0.35,0.9068870202691184
28,9,0.40,0.9188722651164647
28,9,0.45,0.8618984033505498
28,9,0.50,0.9110215324721194
28,9,0.55,0.8916124426128953
28,9,0.60,0.9068870313019572
28,9,0.65,0.9009091695165011
28,9,0.70,0.8327193214685956
28,9,0.75,0.871184195557184
28,9,0.80,0.9202617586232819
28,9,0.85,0.9017948720498004
28,9,0.90,0.9068743199189189
28,9,0.95,0.86425714367329
29,0,0.05,0.5676223259344457
29,0,0.10,0.8081917032981417
29,0,0.15,0.3768376445588286
29,0,0.20,0.7397026496383919
29,0,0.25,0.6801525095781848
29,0,0.30,0.9685265430105203
29,0,0.35,0.8669648747540138
29,0,0.40,0.8863540050009652
29,0,0.45,0.7967478379816479
29,0,0.50,0.9232788359979093
29,0,0.55,0.8942081372182619
29,0,0.60,0.9324921100072748
29,0,0.65,0.9011870106220989
29,0,0.70,0.872371900756267
29,0,0.75,0.9446115887017147
29,0,0.80,0.9185789858604234
29,0,0.85,0.8568739776973766
29,0,0.90,0.8998857827302223
29,0,0.95,0.9537170834362158
29,1,0.05,0.17406050973801512
29,1,0.10,0.5716859594030703
29,1,0.15,0.09620765143696697
29,1,0.20,0.746320299943273
29,1,0.25,0.7877277255097885
29,1,0.30,0.8227808248808542
29,1,0.35,0.9342429538242971
29,1,0.40,0.9016677810997297
29,1,0.45,0.9078582165598904
29,1,0.50,0.704504102384733
29,1,0.55,0.9184099113920592
29,1,0.60,0.9202079230514507
29,1,0.65,0.9037579518736585
29,1,0.70,0.8742835827337853
29,1,0.75,0.8939629947312926
29,1,0.80,0.8953821688832472
29,1,0.85,0.9232701953218857
29,1,0.90,0.8857764001670713
29,1,0.95,0.8958294812642655
29,2,0.05,0.8328402413739293
29,2,0.10,0.9442541812536623
29,2,0.15,0.9436281427398759
29,2,0.20,0.7388311202416864
29,2,0.25,0.9261019216617247
29,2,0.30,0.9363531822697695
29,2,0.35,0.8555294560879239
29,2,0.40,0.9365664093996227
29,2,0.45,0.9308338989373198
29,2,0.50,0.8978494593238575
29,2,0.55,0.8916307830563458
29,2,0.60,0.9102204929765176
29,2,0.65,0.8674122608223813
29,2,0.70,0.9560310735895471
29,2,0.75,0.8976628879916908
29,2,0.80,0.9470681461808755
29,2,0.85,0.8949599843262057
29,2,0.90,0.9104689194792875
29,2,0.95,0.8982569573518941
29,3,0.05,0.29576128545906877
29,3,0.10,0.9129583618460523
29,3,0.15,0.8306905185433011
29,3,0.20,0.8349163730714808
29,3,0.25,0.9339763577399011
29,3,0.30,0.9369233085972818
29,3,0.35,0.9639160499932072
29,3,0.40,0.9458746175087532
29,3,0.45,0.7900370261537165
29,3,0.50,0.8493342850620881
29,3,0.55,0.8707435832814614
29,3,0.60,0.9210810917891863
29,3,0.65,0.9365769307879758
29,3,0.70,0.8646718633982289
29,3,0.75,0.8724612371947231
29,3,0.80,0.8870201125800995
29,3,0.85,0.879923457950128
29,3,0.90,0.8641957578998266
29,3,0.95,0.9141517669620882
29,4,0.05,0.16193694113875434
29,4,0.10,-1.295283600305622
29,4,0.15,0.5099085003173831
29,4,0.20,0.8743519208478144
29,4,0.25,0.6941113079906704
29,4,0.30,0.8487014835658152
29,4,0.35,0.9729565589410782
29,4,0.40,0.9557958031473703
29,4,0.45,0.8159044797861426
29,4,0.50,0.9316784554095123
29,4,0.55,0.9184579075569747
29,4,0.60,0.9109539591074154
29,4,0.65,0.8884394569406573
29,4,0.70,0.9000048974475117
29,4,0.75,0.9429827055112607
29,4,0.80,0.8595276345764459
29,4,0.85,0.8846333386378777
29,4,0.90,0.9002536462435701
29,4,0.95,0.8617583367302609
29,5,0.05,0.11991822947135522
29,5,0.10,0.7600856626213373
29,5,0.15,0.46579816281169406
29,5,0.20,0.9497141401826251
29,5,0.25,0.6821970874754428
29,5,0.30,0.8175187522746385
29,5,0.35,0.9504127845203567
29,5,0.40,0.9540818552493149
29,5,0.45,0.9264360818102537
29,5,0.50,0.9141269097581475
29,5,0.55,0.8897167509046557
29,5,0.60,0.8690263258020428
29,5,0.65,0.8289203992240668
29,5,0.70,0.9301825032713286
29,5,0.75,0.8719177016215003
29,5,0.80,0.906435799620562
29,5,0.85,0.89849788106382
29,5,0.90,0.8981391219477652
29,5,0.95,0.8637163649812967
29,6,0.05,0.8539313468663869
29,6,0.10,0.9638433966925632
29,6,0.15,0.81878357371595
29,6,0.20,0.8685423336733349
29,6,0.25,0.8427020598610022
29,6,0.30,0.9402280139798165
29,6,0.35,0.8995171773183294
29,6,0.40,0.902643106807023
29,6,0.45,0.918102448064351
29,6,0.50,0.8880576042877284
29,6,0.55,0.8987814200760711
29,6,0.60,0.9220352391538748
29,6,0.65,0.8964346478526941
29,6,0.70,0.8854455418256352
29,6,0.75,0.9581028244654866
29,6,0.80,0.9035735030809625
29,6,0.85,0.8748856428962039
29,6,0.90,0.9329306315686946
29,6,0.95,0.8421836086601017
29,7,0.05,0.7405912178619551
29,7,0.10,0.3375074207792361
29,7,0.15,0.6554188533850631
29,7,0.20,0.9478915399535635
29,7,0.25,0.8407934006026455
29,7,0.30,0.9090657971358821
29,7,0.35,0.9368189365938098
29,7,0.40,0.903856760373177
29,7,0.45,0.9291097681684797
29,7,0.50,0.8528600080550051
29,7,0.55,0.9170154037326308
29,7,0.60,0.8349680471314791
29,7,0.65,0.9437572556978834
29,7,0.70,0.859121944703971
29,7,0.75,0.8895257754478779
29,7,0.80,0.86874166362061
29,7,0.85,0.9297835132577251
29,7,0.90,0.8619235718311042
29,7,0.95,0.8883992460081868
29,8,0.05,0.10845768711920023
29,8,0.10,0.9732724669997376
29,8,0.15,0.549969899958214
29,8,0.20,0.7096477611285636
29,8,0.25,0.9022821137358711
29,8,0.30,0.9336512126849084
29,8,0.35,0.7582562682289244
29,8,0.40,0.8304320332222634
29,8,0.45,0.8894067084295139
29,8,0.50,0.8875905066327078
29,8,0.55,0.8561294489013151
29,8,0.60,0.9090595924093475
29,8,0.65,0.9283723069080986
29,8,0.70,0.8193672568959679
29,8,0.75,0.7767002229077274
29,8,0.80,0.8207703265040839
29,8,0.85,0.8917801060180759
29,8,0.90,0.8990941918777502
29,8,0.95,0.9095023805949891
29,9,0.05,0.2259406281613795
29,9,0.10,0.9018499346644303
29,9,0.15,0.9123992937890051
29,9,0.20,0.8855202732148673
29,9,0.25,0.6481771690639299
29,9,0.30,0.9694784954049623
29,9,0.35,0.9110877127749509
29,9,0.40,0.863506684977073
29,9,0.45,0.8922488879699284
29,9,0.50,0.939997001521638
29,9,0.55,0.8382185519028815
29,9,0.60,0.9114942946169126
29,9,0.65,0.9374511563509281
29,9,0.70,0.8467283258821081
29,9,0.75,0.8410630409731316
29,9,0.80,0.9445874921435359
29,9,0.85,0.887270444790019
29,9,0.90,0.9218345976376764
29,9,0.95,0.8807502389041147
30,0,0.05,0.5133540041698339
30,0,0.10,0.45680822688967093
30,0,0.15,0.9076448897707247
30,0,0.20,0.8938353561928237
30,0,0.25,0.9631838907569482
30,0,0.30,0.751854822990968
30,0,0.35,0.9063186726083124
30,0,0.40,0.9187326147286643
30,0,0.45,0.8445864569615795
30,0,0.50,0.9006500996711091
30,0,0.55,0.9518165650877571
30,0,0.60,0.8251210449579849
30,0,0.65,0.905153182019861
30,0,0.70,0.8700885270698389
30,0,0.75,0.9329416350371713
30,0,0.80,0.9238460139920273
30,0,0.85,0.8943924081291424
30,0,0.90,0.8355928881774602
30,0,0.95,0.8533989099177223
30,1,0.05,0.8244304416560082
30,1,0.10,0.8540799970227986
30,1,0.15,0.7120064556623931
30,1,0.20,0.7095345162958124
30,1,0.25,0.6228563674772212
30,1,0.30,0.9331405781882037
30,1,0.35,0.8455964184756842
30,1,0.40,0.8275874545624897
30,1,0.45,0.9053604433605533
30,1,0.50,0.8168281414274154
30,1,0.55,0.8803534617734543
30,1,0.60,0.8922511716189311
30,1,0.65,0.8440122263953291
30,1,0.70,0.91519184284956
30,1,0.75,0.8817224079034088
30,1,0.80,0.8785712339619458
30,1,0.85,0.8925372573983312
30,1,0.90,0.9153330909596467
30,1,0.95,0.9169638839841678
30,2,0.05,0.488749548954697
30,2,0.10,0.44120280203379225
30,2,0.15,0.9062292334358034
30,2,0.20,0.7019950852269539
30,2,0.25,0.8780231343642803
30,2,0.30,0.7679228500594255
30,2,0.35,0.7217794252884338
30,2,0.40,0.8333822602032839
30,2,0.45,0.8911877680450506
30,2,0.50,0.9114795742326428
30,2,0.55,0.8070553120390398
30,2,0.60,0.925905323943091
30,2,0.65,0.8739309639915374
30,2,0.70,0.9001662089117503
30,2,0.75,0.952438834514763
30,2,0.80,0.883972924199854
30,2,0.85,0.8542593526039337
30,2,0.90,0.8288297091849122
30,2,0.95,0.8796537439298293
30,3,0.05,0.7461882488105653
30,3,0.10,0.7477775530191917
30,3,0.15,0.9177002408133066
30,3,0.20,0.48309275845155564
30,3,0.25,0.6926045254622382
30,3,0.30,0.8503481098397598
30,3,0.35,0.8417309989213518
30,3,0.40,0.5940274493281853
30,3,0.45,0.8014417672757498
30,3,0.50,0.7930263091452261
30,3,0.55,0.8901761465957597
30,3,0.60,0.9398198491011633
30,3,0.65,0.860846460698708
30,3,0.70,0.9158521943078238
30,3,0.75,0.8293287842754649
30,3,0.80,0.8671609128154176
30,3,0.85,0.8786100788901084
30,3,0.90,0.8828427935461308
30,3,0.95,0.8266213122540301
30,4,0.05,0.48767468618428866
30,4,0.10,0.8314864232202183
30,4,0.15,0.9297317142649759
30,4,0.20,0.7977946812508787
30,4,0.25,0.8709255890086471
30,4,0.30,0.8931229492209274
30,4,0.35,0.7378049173865158
30,4,0.40,0.8428725185013627
30,4,0.45,0.7627529264852936
30,4,0.50,0.832548418393006
30,4,0.55,0.7468391445498215
30,4,0.60,0.8427038801731217
30,4,0.65,0.806914556600806
30,4,0.70,0.9488832288512832
30,4,0.75,0.8474064547503051
30,4,0.80,0.9296092194550416
30,4,0.85,0.8965622676232885
30,4,0.90,0.9074965442878781
30,4,0.95,0.894761423585617
30,5,0.05,0.26956629338606164
30,5,0.10,0.794076768751553
30,5,0.15,0.7092522365701923
30,5,0.20,0.47024463656284843
30,5,0.25,0.5694311563722181
30,5,0.30,0.8058896981093712
30,5,0.35,0.855630530863341
30,5,0.40,0.7552143333612886
30,5,0.45,0.8441353250917363
30,5,0.50,0.8563095099382855
30,5,0.55,0.817559453825747
30,5,0.60,0.9414876897786217
30,5,0.65,0.8797660463859147
30,5,0.70,0.9144133705163316
30,5,0.75,0.9551558626811508
30,5,0.80,0.8673576811154637
30,5,0.85,0.9332094457356696
30,5,0.90,0.8955473910199391
30,5,0.95,0.9062508190772836
30,6,0.05,0.25260771132961424
30,6,0.10,0.6524220054961944
30,6,0.15,0.7028186171651801
30,6,0.20,0.7137058419382551
30,6,0.25,0.8844683580240198
30,6,0.30,0.851639754885534
30,6,0.35,0.6282495559220267
30,6,0.40,0.8757880176330164
30,6,0.45,0.869862243889937
30,6,0.50,0.906968542098322
30,6,0.55,0.7274035486587065
30,6,0.60,0.9380456904945601
30,6,0.65,0.8380311055058897
30,6,0.70,0.9232157975081093
30,6,0.75,0.952381344253428
30,6,0.80,0.9314463191643754
30,6,0.85,0.8285044721948189
30,6,0.90,0.9278775789653217
30,6,0.95,0.8784480637564133
30,7,0.05,0.3617654276624819
30,7,0.10,0.06446049022119071
30,7,0.15,0.8708715317910628
30,7,0.20,0.7971572608146489
30,7,0.25,0.9501716471729847
30,7,0.30,0.9053172990222041
30,7,0.35,0.7756530558974705
30,7,0.40,0.922148053076435
30,7,0.45,0.9367404507066847
30,7,0.50,0.7803452764319905
30,7,0.55,0.8348105725507426
30,7,0.60,0.8329022996173436
30,7,0.65,0.8743022184417036
30,7,0.70,0.8895013772454797
30,7,0.75,0.8036448403148263
30,7,0.80,0.8732169727185474
30,7,0.85,0.8314793210427908
30,7,0.90,0.9247017754235662
30,7,0.95,0.8957294105435711
30,8,0.05,0.11674173524085951
30,8,0.10,0.3328341447081997
30,8,0.15,0.8947941404564781
30,8,0.20,0.6612726477767725
30,8,0.25,0.9182001110697704
30,8,0.30,0.90902848459617
30,8,0.35,0.7485882513196465
30,8,0.40,0.76048975355912
30,8,0.45,0.8109902048064305
30,8,0.50,0.7955615285144333
30,8,0.55,0.9064613493980964
30,8,0.60,0.8968486796391357
30,8,0.65,0.8827606561420928
30,8,0.70,0.8718209463498934
30,8,0.75,0.8887269718272398
30,8,0.80,0.803149517304978
30,8,0.85,0.9237831780927885
30,8,0.90,0.8814796936406799
30,8,0.95,0.8715070724910627
30,9,0.05,0.5515565296204636
30,9,0.10,0.5399271359119686
30,9,0.15,0.6923874151509435
30,9,0.20,0.47866549031753236
30,9,0.25,0.6012200651108313
30,9,0.30,0.6571730873347177
30,9,0.35,0.8361410534673539
30,9,0.40,0.9330009414433307
30,9,0.45,0.8472328683440062
30,9,0.50,0.7038803730097473
30,9,0.55,0.8747980334451809
30,9,0.60,0.8158448728690684
30,9,0.65,0.917437142204195
30,9,0.70,0.9254921882873203
30,9,0.75,0.8345421503348763
30,9,0.80,0.9052061350952803
30,9,0.85,0.8580360410610356
30,9,0.90,0.8497010367513846
30,9,0.95,0.9045755099775348
31,0,0.05,-1.0217863088981116
31,0,0.10,0.41842534924152175
31,0,0.15,0.7374742993912857
31,0,0.20,0.4508913815856833
31,0,0.25,0.8261936326755527
31,0,0.30,0.7048775996996111
31,0,0.35,0.7393395155800409
31,0,0.40,0.7100398687272287
31,0,0.45,0.7914151819356011
31,0,0.50,0.7970736905484817
31,0,0.55,0.756289226826901
31,0,0.60,0.8425407387545637
31,0,0.65,0.8080623809241949
31,0,0.70,0.8601046716380021
31,0,0.75,0.7728409495489328
31,0,0.80,0.8658204772822007
31,0,0.85,0.868811262815498
31,0,0.90,0.8337499646104317
31,0,0.95,0.8817763732923035
31,1,0.05,-0.2275291477704211
31,1,0.10,-0.014223360957292153
31,1,0.15,0.9027839310128897
31,1,0.20,0.714754190240966
31,1,0.25,0.7539557132740005
31,1,0.30,0.6715767079672468
31,1,0.35,0.5485089251049886
31,1,0.40,0.7965811801490382
31,1,0.45,0.7573729209701054
31,1,0.50,0.6407661191678771
31,1,0.55,0.8189930872904783
31,1,0.60,0.7302163921804139
31,1,0.65,0.8876932367931479
31,1,0.70,0.9379349330012579
31,1,0.75,0.9095083149804294
31,1,0.80,0.8371649049820379
31,1,0.85,0.8132738631458541
31,1,0.90,0.9076930347960145
31,1,0.95,0.8763942417791146
31,2,0.05,-0.5433551531257941
31,2,0.10,0.7261250813440376
31,2,0.15,0.9442619139005961
31,2,0.20,0.5954023904138976
31,2,0.25,0.8770921455287023
31,2,0.30,0.8266361000586179
31,2,0.35,0.7048446772097798
31,2,0.40,0.805303645668443
31,2,0.45,0.7175430103266958
31,2,0.50,0.7932197178193917
31,2,0.55,0.7777919493393385
31,2,0.60,0.8163865060374458
31,2,0.65,0.712617543040102
31,2,0.70,0.8879148135349935
31,2,0.75,0.8554939716237039
31,2,0.80,0.9196284869030322
31,2,0.85,0.8714252685635495
31,2,0.90,0.8681309759483706
31,2,0.95,0.7983040747941998
31,3,0.05,0.47946548781517817
31,3,0.10,0.744017890296913
31,3,0.15,0.6858547367109864
31,3,0.20,0.32246708689276715
31,3,0.25,0.8769223782727239
31,3,0.30,0.5856856864777987
31,3,0.35,0.8832849433725464
31,3,0.40,0.6140554504243764
31,3,0.45,0.8979965448746262
31,3,0.50,0.794917948223979
31,3,0.55,0.8543932597123242
31,3,0.60,0.5181035971784136
31,3,0.65,0.9019998855922575
31,3,0.70,0.7841769193360211
31,3,0.75,0.9286185026315539
31,3,0.80,0.8793344646769827
31,3,0.85,0.919360975489334
31,3,0.90,0.8133474440185047
31,3,0.95,0.9298721422846711
31,4,0.05,0.8754108645708091
31,4,0.10,0.9020423406478276
31,4,0.15,0.8878022299457283
31,4,0.20,0.6509921983086742
31,4,0.25,0.6917751645868124
31,4,0.30,0.8794142005343512
31,4,0.35,0.8460705820494361
31,4,0.40,0.8757921567298144
31,4,0.45,0.8226128702957489
31,4,0.50,0.6536975967847106
31,4,0.55,0.5534859130511134
31,4,0.60,0.7272164721104599
31,4,0.65,0.8512387425240898
31,4,0.70,0.8567174597266656
31,4,0.75,0.9316531050038951
31,4,0.80,0.8775245741266053
31,4,0.85,0.8410104175742183
31,4,0.90,0.9219984604055
31,4,0.95,0.8253224711573391
31,5,0.05,0.32312322881672895
31,5,0.10,0.9391698853547304
31,5,0.15,0.9015536524905096
31,5,0.20,0.7487785778591607
31,5,0.25,0.616986252836734
31,5,0.30,0.7316175465761928
31,5,0.35,0.7650282382713331
31,5,0.40,0.8635166749630702
31,5,0.45,0.6465553003643734
31,5,0.50,0.7441342948690617
31,5,0.55,0.8680596492733311
31,5,0.60,0.7479640308691289
31,5,0.65,0.7753278402419392
31,5,0.70,0.822285335156309
31,5,0.75,0.8222796968033144
31,5,0.80,0.9179274341175088
31,5,0.85,0.8669608454408996
31,5,0.90,0.9164477527187279
31,5,0.95,0.9106961440705423
31,6,0.05,0.9933232356811386
31,6,0.10,0.8460411738388061
31,6,0.15,0.5476558281542204
31,6,0.20,0.8895942137174777
31,6,0.25,0.8835429325375996
31,6,0.30,0.5848573947565778
31,6,0.35,0.7717488587484355
31,6,0.40,0.7204567112259896
31,6,0.45,0.666378437009977
31,6,0.50,0.7267582728196059
31,6,0.55,0.8827287153404915
31,6,0.60,0.8149899600167926
31,6,0.65,0.8508787137051137
31,6,0.70,0.862415145213121
31,6,0.75,0.822169721394967
31,6,0.80,0.8506296801001529
31,6,0.85,0.8905430452846765
31,6,0.90,0.7546381577698019
31,6,0.95,0.8612428324342427
31,7,0.05,0.9561222447301249
31,7,0.10,0.007352150252434075
31,7,0.15,0.8366482766704277
31,7,0.20,0.4894249989688255
31,7,0.25,0.832131648643581
31,7,0.30,0.9192534424133206
31,7,0.35,0.6793260694385116
31,7,0.40,0.5799810615932375
31,7,0.45,0.9162820680074006
31,7,0.50,0.6412993755301593
31,7,0.55,0.8601532506672022
31,7,0.60,0.7545115456008292
31,7,0.65,0.6669332546342451
31,7,0.70,0.9031671642468726
31,7,0.75,0.8763698619228077
31,7,0.80,0.8563985212765084
31,7,0.85,0.9503696550489868
31,7,0.90,0.8366511684857274
31,7,0.95,0.9036630264294501
31,8,0.05,0.6940627430006145
31,8,0.10,0.858697925413616
31,8,0.15,0.8592012780208583
31,8,0.20,0.39505785696651496
31,8,0.25,0.8774849348058554
31,8,0.30,0.873651784486119
31,8,0.35,0.7227723172437969
31,8,0.40,0.8679391258944065
31,8,0.45,0.9034024796799243
31,8,0.50,0.9012687141406394
31,8,0.55,0.9227462466995939
31,8,0.60,0.7809489352155328
31,8,0.65,0.9327731962169912
31,8,0.70,0.898552427574799
31,8,0.75,0.8705960611599791
31,8,0.80,0.781095437483059
31,8,0.85,0.9337137643380556
31,8,0.90,0.8279846896914532
31,8,0.95,0.9481196358922882
31,9,0.05,-0.5061994078755749
31,9,0.10,0.45452328609921877
31,9,0.15,0.7828738696834885
31,9,0.20,0.7060869155064238
31,9,0.25,0.755186285491014
31,9,0.30,0.7437694149660123
31,9,0.35,0.786046668536566
31,9,0.40,0.7263970843949206
31,9,0.45,0.745995617812398
31,9,0.50,0.7508340864464697
31,9,0.55,0.7486234570598642
31,9,0.60,0.8086087483819215
31,9,0.65,0.8154988537632872
31,9,0.70,0.762525082691019
31,9,0.75,0.7901839920019761
31,9,0.80,0.8257624038208421
31,9,0.85,0.8428785256971139
31,9,0.90,0.8945844169754096
31,9,0.95,0.777414822711548
32,0,0.05,0.3085477001683705
32,0,0.10,0.43879216338261384
32,0,0.15,0.5495095652606979
32,0,0.20,0.7732278785224319
32,0,0.25,0.7229048036876072
32,0,0.30,0.8075924891403631
32,0,0.35,0.9340150504282216
32,0,0.40,0.8307989892237658
32,0,0.45,0.7101769816237882
32,0,0.50,0.7586120690212752
32,0,0.55,0.7955643541970125
32,0,0.60,0.9135738159996093
32,0,0.65,0.8449344524274562
32,0,0.70,0.9070603265698479
32,0,0.75,0.8759087676025343
32,0,0.80,0.9009286425176971
32,0,0.85,0.9149258440262822
32,0,0.90,0.8272867090769351
32,0,0.95,0.8812282731560753
32,1,0.05,-0.6839951765069316
32,1,0.10,0.634713126835028
32,1,0.15,0.7231456392000033
32,1,0.20,0.892844466471373
32,1,0.25,0.7688434362125679
32,1,0.30,0.8212941941240957
32,1,0.35,0.8059012616865637
32,1,0.40,0.8247952187203439
32,1,0.45,0.7994467273922965
32,1,0.50,0.8132203091955159
32,1,0.55,0.8626770477812586
32,1,0.60,0.7745532100711909
32,1,0.65,0.9120584135013556
32,1,0.70,0.8867862326216501
32,1,0.75,0.8986805458818111
32,1,0.80,0.9274634945812331
32,1,0.85,0.8436553976909145
32,1,0.90,0.900996368033409
32,1,0.95,0.8997762725673006
32,2,0.05,0.20118651863022874
32,2,0.10,0.3888794220390025
32,2,0.15,0.5946062032213643
32,2,0.20,0.8744153532521184
32,2,0.25,0.8442914463298044
32,2,0.30,0.8927531908205218
32,2,0.35,0.7948825521051287
32,2,0.40,0.7969090758948781
32,2,0.45,0.8522725503021605
32,2,0.50,0.8516101409782253
32,2,0.55,0.8767296244633351
32,2,0.60,0.872415639794281
32,2,0.65,0.8660490118548154
32,2,0.70,0.7582462582431617
32,2,0.75,0.9050825258734252
32,2,0.80,0.9121110038486198
32,2,0.85,0.8561726490660955
32,2,0.90,0.8791034567997067
32,2,0.95,0.8621457233470309
32,3,0.05,0.8784208156626316
32,3,0.10,0.9819260729709586
32,3,0.15,0.7467223320176993
32,3,0.20,0.7872340545475245
32,3,0.25,0.7293195899728561
32,3,0.30,0.8174777779019518
32,3,0.35,0.8684473847517742
32,3,0.40,0.8523911249128021
32,3,0.45,0.9108161417516554
32,3,0.50,0.7515495861657029
32,3,0.55,0.9172546430851248
32,3,0.60,0.6981234725083054
32,3,0.65,0.7846103073427133
32,3,0.70,0.9178426493921722
32,3,0.75,0.9321995194199832
32,3,0.80,0.8196773511135703
32,3,0.85,0.90649453276382
32,3,0.90,0.9035028829198216
32,3,0.95,0.8517932413500977
32,4,0.05,0.5553936779466695
32,4,0.10,0.9305029227343556
32,4,0.15,0.566877944649943
32,4,0.20,0.8004796025888768
32,4,0.25,0.8151821731175793
32,4,0.30,0.7555668860256646
32,4,0.35,0.6573545773155932
32,4,0.40,0.806907127987224
32,4,0.45,0.7723843970120903
32,4,0.50,0.6420011315132126
32,4,0.55,0.7700554688963588
32,4,0.60,0.8696219251002506
32,4,0.65,0.7327580338772737
32,4,0.70,0.925280296139898
32,4,0.75,0.7334180662703217
32,4,0.80,0.829563415973501
32,4,0.85,0.9004784924941738
32,4,0.90,0.8701026546000734
32,4,0.95,0.8489014686366247
32,5,0.05,0.7342479949542173
32,5,0.10,0.621211509704354
32,5,0.15,0.5976053074446128
32,5,0.20,0.9538015672982543
32,5,0.25,0.6526821151439661
32,5,0.30,0.7450314449981416
32,5,0.35,0.8675466323710695
32,5,0.40,0.7795894314191157
32,5,0.45,0.8333084455292026
32,5,0.50,0.8292297643496156
32,5,0.55,0.8442820589899188
32,5,0.60,0.8097065857799325
32,5,0.65,0.8685822804316111
32,5,0.70,0.8566429915391601
32,5,0.75,0.8087130528862619
32,5,0.80,0.8844401468640279
32,5,0.85,0.8987268389910387
32,5,0.90,0.9290799038261391
32,5,0.95,0.816593886328703
32,6,0.05,0.15757431788459675
32,6,0.10,0.4911524924032489
32,6,0.15,0.5731704680101222
32,6,0.20,0.779440779803503
32,6,0.25,0.8365861385671292
32,6,0.30,0.9491091282227712
32,6,0.35,0.5840930247728608
32,6,0.40,0.7851861900568948
32,6,0.45,0.8922915057403544
32,6,0.50,0.7765068342458703
32,6,0.55,0.7767214906317137
32,6,0.60,0.7791973487851631
32,6,0.65,0.9223808445582987
32,6,0.70,0.8362518438205544
32,6,0.75,0.8290537999982417
32,6,0.80,0.8541141558212144
32,6,0.85,0.7781834953036924
32,6,0.90,0.8423637414305283
32,6,0.95,0.802383671740664
32,7,0.05,0.391515093624628
32,7,0.10,0.8186215641998419
32,7,0.15,0.9061265590064568
32,7,0.20,0.6825007253594734
32,7,0.25,0.7591303865916498
32,7,0.30,0.7987226251068796
32,7,0.35,0.7604569400740944
32,7,0.40,0.8038163628071205
32,7,0.45,0.779035543833752
32,7,0.50,0.818418662893986
32,7,0.55,0.8501585108939259
32,7,0.60,0.9282888664294024
32,7,0.65,0.8687986095344643
32,7,0.70,0.8622263927612686
32,7,0.75,0.944620147470483
32,7,0.80,0.9515364089627649
32,7,0.85,0.9555043962721371
32,7,0.90,0.8735620817447167
32,7,0.95,0.9200292551367157
32,8,0.05,0.27070450605919416
32,8,0.10,0.6862912522484228
32,8,0.15,0.5966144627408685
32,8,0.20,0.8264915726830513
32,8,0.25,0.7611800017469382
32,8,0.30,0.618654645614775
32,8,0.35,0.8736373086396091
32,8,0.40,0.8687833258009077
32,8,0.45,0.9322169845377074
32,8,0.50,0.663369243332792
32,8,0.55,0.8153857274002626
32,8,0.60,0.8833641893010711
32,8,0.65,0.8652443161962495
32,8,0.70,0.8907292055970235
32,8,0.75,0.8929200167416783
32,8,0.80,0.8940048014350194
32,8,0.85,0.893286479987983
32,8,0.90,0.8495259777940378
32,8,0.95,0.8994643289746236
32,9,0.05,0.012982123915690646
32,9,0.10,0.588445693182419
32,9,0.15,0.7414492604725305
32,9,0.20,0.7206543053754992
32,9,0.25,0.5808119314460201
32,9,0.30,0.6848966448352021
32,9,0.35,0.776021408401512
32,9,0.40,0.7769571192309885
32,9,0.45,0.9150927785581229
32,9,0.50,0.7458723287531515
32,9,0.55,0.8357063629036207
32,9,0.60,0.9110483319190126
32,9,0.65,0.8981017702450507
32,9,0.70,0.9328389072984968
32,9,0.75,0.8903548628412503
32,9,0.80,0.9077433475528164
32,9,0.85,0.8845270184535736
32,9,0.90,0.9344068877013098
32,9,0.95,0.87505634518357
33,0,0.05,0.7003968780346661
33,0,0.10,0.41869245253401466
33,0,0.15,0.4934190387653693
33,0,0.20,0.8389565987531884
33,0,0.25,0.5881490180077613
33,0,0.30,0.7685032707329275
33,0,0.35,0.719899391162472
33,0,0.40,0.8334077587972594
33,0,0.45,0.8431609832665148
33,0,0.50,0.6435935772173473
33,0,0.55,0.923538126444052
33,0,0.60,0.9178167240671062
33,0,0.65,0.8090696570345558
33,0,0.70,0.8607617494764782
33,0,0.75,0.8907815550116591
33,0,0.80,0.7936616726952492
33,0,0.85,0.793205212655739
33,0,0.90,0.8880731824249535
33,0,0.95,0.9367728915098139
33,1,0.05,0.7679072926282384
33,1,0.10,0.6094252852266726
33,1,0.15,0.7263090072302152
33,1,0.20,0.8617249528400549
33,1,0.25,0.8470814423816102
33,1,0.30,0.7875126223746589
33,1,0.35,0.9018545053143323
33,1,0.40,0.7151603281334074
33,1,0.45,0.8572788088839799
33,1,0.50,0.9371244464240611
33,1,0.55,0.8529132520989169
33,1,0.60,0.7730629937749985
33,1,0.65,0.840887353906905
33,1,0.70,0.929721309670081
33,1,0.75,0.7736984837877606
33,1,0.80,0.8440893099060316
33,1,0.85,0.8391929704393808
33,1,0.90,0.8431121004814363
33,1,0.95,0.8996816212516636
33,2,0.05,0.25281294666980836
33,2,0.10,0.9204792477318722
33,2,0.15,0.6594501054729922
33,2,0.20,0.6697014568306825
33,2,0.25,0.8398734005508844
33,2,0.30,0.7958679182797442
33,2,0.35,0.8047351795273179
33,2,0.40,0.8173706704479448
33,2,0.45,0.8942788518104219
33,2,0.50,0.8534718124121926
33,2,0.55,0.7929854735452012
33,2,0.60,0.9103679018407944
33,2,0.65,0.877341146926012
33,2,0.70,0.8093447573067523
33,2,0.75,0.8574336909370879
33,2,0.80,0.7995067622226136
33,2,0.85,0.930677862177989
33,2,0.90,0.8566003892227199
33,2,0.95,0.8464643982349664
33,3,0.05,0.42077830348011314
33,3,0.10,0.856283480007642
33,3,0.15,0.37989515938662377
33,3,0.20,0.8092689755161366
33,3,0.25,0.9199012812289519
33,3,0.30,0.7513806827046885
33,3,0.35,0.8789573087841129
33,3,0.40,0.8607476844719297
33,3,0.45,0.9013300575110538
33,3,0.50,0.9272776023073024
33,3,0.55,0.7971228798390311
33,3,0.60,0.871751655151576
33,3,0.65,0.8642157181418404
33,3,0.70,0.7885757141042586
33,3,0.75,0.8590221640004292
33,3,0.80,0.8197422881254742
33,3,0.85,0.9416548090535057
33,3,0.90,0.9054407235054691
33,3,0.95,0.7914379648792131
33,4,0.05,0.2846532785492465
33,4,0.10,0.4749140823829435
33,4,0.15,0.8592997560286993
33,4,0.20,0.6999193281583693
33,4,0.25,0.8365037651966397
33,4,0.30,0.9160498290145734
33,4,0.35,0.8713911107625442
33,4,0.40,0.9046444350500062
33,4,0.45,0.7829605402854891
33,4,0.50,0.8552416478650295
33,4,0.55,0.9459104510946843
33,4,0.60,0.8647622768256187
33,4,0.65,0.7883997476452208
33,4,0.70,0.8771167467124138
33,4,0.75,0.9262177379968407
33,4,0.80,0.8553459707404028
33,4,0.85,0.8778770006840652
33,4,0.90,0.8237768649104137
33,4,0.95,0.9299178540606371
33,5,0.05,0.7307916765002449
33,5,0.10,0.5434620041183025
33,5,0.15,0.4449628854334171
33,5,0.20,0.8254801102246999
33,5,0.25,0.7602938704465795
33,5,0.30,0.8798783715294956
33,5,0.35,0.8758031441586975
33,5,0.40,0.9345801676696814
33,5,0.45,0.8414599615072265
33,5,0.50,0.9415812921574976
33,5,0.55,0.8923955283151249
33,5,0.60,0.8513427810485611
33,5,0.65,0.9079188708518696
33,5,0.70,0.8986965609608344
33,5,0.75,0.825771566148459
33,5,0.80,0.9244920604765408
33,5,0.85,0.9233007243638172
33,5,0.90,0.8833369704132583
33,5,0.95,0.8805721433927383
33,6,0.05,0.8940462384673586
33,6,0.10,0.3567230516636333
33,6,0.15,0.3159892533598667
33,6,0.20,0.7750372407727092
33,6,0.25,0.8782633066325128
33,6,0.30,0.8849225721301235
33,6,0.35,0.8527586879599846
33,6,0.40,0.8794564233193745
33,6,0.45,0.8948368716894661
33,6,0.50,0.8268850055632809
33,6,0.55,0.7640089129731457
33,6,0.60,0.8446502360813791
33,6,0.65,0.900261416543765
33,6,0.70,0.921428159457541
33,6,0.75,0.8830920653632707
33,6,0.80,0.911403579574096
33,6,0.85,0.9042991864326841
33,6,0.90,0.902512359410216
33,6,0.95,0.8557664401603591
33,7,0.05,0.4560109809151268
33,7,0.10,0.44036904495474183
33,7,0.15,0.8675249744191755
33,7,0.20,0.9513018800619389
33,7,0.25,0.8491675994505936
33,7,0.30,0.7969375450425622
33,7,0.35,0.8892352546963225
33,7,0.40,0.5690386382683613
33,7,0.45,0.8792052776236398
33,7,0.50,0.7876391456891773
33,7,0.55,0.8895373864958072
33,7,0.60,0.915153928337398
33,7,0.65,0.8840597672197661
33,7,0.70,0.8300040623617999
33,7,0.75,0.8277554900956698
33,7,0.80,0.8793963816795458
33,7,0.85,0.8171718951863916
33,7,0.90,0.834021512216396
33,7,0.95,0.8467502340354145
33,8,0.05,0.6910099735053306
33,8,0.10,0.6433259607926178
33,8,0.15,0.5030601163595532
33,8,0.20,0.8730564094491792
33,8,0.25,0.4981667724758595
33,8,0.30,0.7995299949337902
33,8,0.35,0.951995693314242
33,8,0.40,0.8941885726074651
33,8,0.45,0.7055318383206188
33,8,0.50,0.8790670954497504
33,8,0.55,0.9260941629101879
33,8,0.60,0.8513998455893127
33,8,0.65,0.8598958928461907
33,8,0.70,0.7889946637380745
33,8,0.75,0.8765146499097967
33,8,0.80,0.9023297795876147
33,8,0.85,0.9063015337488115
33,8,0.90,0.9099994177225861
33,8,0.95,0.9284913385422607
33,9,0.05,0.9378599884536502
33,9,0.10,0.5415669551276232
33,9,0.15,0.50992733293501
33,9,0.20,0.9332952150880363
33,9,0.25,0.7675687268357594
33,9,0.30,0.8815092287290354
33,9,0.35,0.8239844770598372
33,9,0.40,0.8936568791067808
33,9,0.45,0.8738151499419373
33,9,0.50,0.9040478799793071
33,9,0.55,0.8764187973008626
33,9,0.60,0.867866816543041
33,9,0.65,0.9066305482920463
33,9,0.70,0.8721199743470185
33,9,0.75,0.8689379117546583
33,9,0.80,0.915183030239087
33,9,0.85,0.8867972917892287
33,9,0.90,0.889480955373162
33,9,0.95,0.8862952592483136
34,0,0.05,-0.06390095468588242
34,0,0.10,-0.12117760780234677
34,0,0.15,0.5335668997619576
34,0,0.20,0.6035956236556363
34,0,0.25,0.16698849767253876
34,0,0.30,0.7089138711824243
34,0,0.35,0.8299859703742625
34,0,0.40,0.6978909499924757
34,0,0.45,0.7208349035894988
34,0,0.50,0.7966122721735386
34,0,0.55,0.8671849644743312
34,0,0.60,0.8346434079593908
34,0,0.65,0.8951272843687142
34,0,0.70,0.8481334875830236
34,0,0.75,0.8510183582626338
34,0,0.80,0.8698896181479975
34,0,0.85,0.8955119703660545
34,0,0.90,0.909607574656372
34,0,0.95,0.9115017359183775
34,1,0.05,-0.2605852071623789
34,1,0.10,0.213041602412677
34,1,0.15,0.7777326373380675
34,1,0.20,0.8295209273302314
34,1,0.25,0.8654321654634285
34,1,0.30,0.7845944944488965
34,1,0.35,0.7710705403785216
34,1,0.40,0.6593294030384909
34,1,0.45,0.7334549292659909
34,1,0.50,0.7911143270767431
34,1,0.55,0.6910252172959994
34,1,0.60,0.9424210184297885
34,1,0.65,0.8799243873500682
34,1,0.70,0.8824991370866785
34,1,0.75,0.8818136869083866
34,1,0.80,0.8380673124635961
34,1,0.85,0.877084652442608
34,1,0.90,0.9024720992711183
34,1,0.95,0.8949796522723099
34,2,0.05,-0.02963267143657533
34,2,0.10,0.11721896780306829
34,2,0.15,0.8996272584633879
34,2,0.20,0.8933077944640608
34,2,0.25,0.8243879594385602
34,2,0.30,0.8338437630829414
34,2,0.35,0.8061929469250941
34,2,0.40,0.6924581177101239
34,2,0.45,0.7832392807326107
34,2,0.50,0.877926698584511
34,2,0.55,0.9053187650770028
34,2,0.60,0.8175571535961456
34,2,0.65,0.8658056133684988
34,2,0.70,0.9426941601928438
34,2,0.75,0.9338199955824025
34,2,0.80,0.8086785872215856
34,2,0.85,0.8580401308411587
34,2,0.90,0.9093369815788541
34,2,0.95,0.8424092685789691
34,3,0.05,0.0349134530528552
34,3,0.10,0.8137829929839973
34,3,0.15,0.7951184823473457
34,3,0.20,0.42719596123718806
34,3,0.25,0.7620443802822809
34,3,0.30,0.9156271800981675
34,3,0.35,0.8644408463597946
34,3,0.40,0.8088548251578465
34,3,0.45,0.770666010654319
34,3,0.50,0.8802468674555252
34,3,0.55,0.8262444631203071
34,3,0.60,0.8506337091683098
34,3,0.65,0.67365039799059
34,3,0.70,0.8840030771282592
34,3,0.75,0.8426430806793641
34,3,0.80,0.8256550033478822
34,3,0.85,0.8359243739059172
34,3,0.90,0.8114552455909843
34,3,0.95,0.9074882769263218
34,4,0.05,0.9311197735821095
34,4,0.10,-1.1483574481202852
34,4,0.15,0.9139995011427519
34,4,0.20,0.7788320861587834
34,4,0.25,0.30894958503609016
34,4,0.30,0.8333159389011875
34,4,0.35,0.8899881111931176
34,4,0.40,0.9024395586492244
34,4,0.45,0.861626318084229
34,4,0.50,0.8500173534975708
34,4,0.55,0.8084853740535889
34,4,0.60,0.7298201996461817
34,4,0.65,0.8260904554887046
34,4,0.70,0.7375595191635738
34,4,0.75,0.9021510464578355
34,4,0.80,0.9424220577991445
34,4,0.85,0.8909812063846017
34,4,0.90,0.8945893610922337
34,4,0.95,0.8869057852927794
34,5,0.05,0.5189432027071819
34,5,0.10,0.2821686859910435
34,5,0.15,0.7356787776069353
34,5,0.20,0.6429623380894729
34,5,0.25,0.8140012049256875
34,5,0.30,0.6229510808416305
34,5,0.35,0.7790032968120573
34,5,0.40,0.7966235760528761
34,5,0.45,0.47845389115460935
34,5,0.50,0.9414156307888955
34,5,0.55,0.7760698314315453
34,5,0.60,0.8197345257449898
34,5,0.65,0.8692158299036817
34,5,0.70,0.9269384933907597
34,5,0.75,0.9262596160513265
34,5,0.80,0.7594224755028269
34,5,0.85,0.809946583342213
34,5,0.90,0.8348492245219536
34,5,0.95,0.9290537063396989
34,6,0.05,-0.018285955537244547
34,6,0.10,-0.011483106764534678
34,6,0.15,0.7906853365978049
34,6,0.20,0.8796518668117846
34,6,0.25,0.8033178145831982
34,6,0.30,0.740768769576031
34,6,0.35,0.8640554975864182
34,6,0.40,0.7412188086189182
34,6,0.45,0.7714151889905329
34,6,0.50,0.9224703355733567
34,6,0.55,0.8271454568126982
34,6,0.60,0.9318288601251719
34,6,0.65,0.8670457727133594
34,6,0.70,0.9161740245656396
34,6,0.75,0.9064311513787974
34,6,0.80,0.8935592175710936
34,6,0.85,0.8349543784807989
34,6,0.90,0.8965123699822004
34,6,0.95,0.8934267912402986
34,7,0.05,-0.13783130213375405
34,7,0.10,0.5306716027654512
34,7,0.15,0.6892800280774504
34,7,0.20,0.5862656578050359
34,7,0.25,0.6073679547989692
34,7,0.30,0.7055511149410301
34,7,0.35,0.862941364452396
34,7,0.40,0.7620968932065769
34,7,0.45,0.8069559844949937
34,7,0.50,0.7471657556602921
34,7,0.55,0.7714348365046857
34,7,0.60,0.8018178589139402
34,7,0.65,0.8290052730505193
34,7,0.70,0.8960750850050946
34,7,0.75,0.8761662569254299
34,7,0.80,0.8711804373134946
34,7,0.85,0.8130595902507263
34,7,0.90,0.9097274390150043
34,7,0.95,0.8436854217565783
34,8,0.05,0.5667135348586952
34,8,0.10,0.34242579326679823
34,8,0.15,0.8778583848522682
34,8,0.20,0.5880244446243166
34,8,0.25,0.8428067838995015
34,8,0.30,0.8993726897227566
34,8,0.35,0.7480905732878858
34,8,0.40,0.827606648693334
34,8,0.45,0.8616226154219115
34,8,0.50,0.7237443194111848
34,8,0.55,0.8554924607365744
34,8,0.60,0.876871460216847
34,8,0.65,0.8414629515823632
34,8,0.70,0.8477039210462914
34,8,0.75,0.8970032303249622
34,8,0.80,0.9282522495241542
34,8,0.85,0.9220063141663104
34,8,0.90,0.9142498105106424
34,8,0.95,0.8571880697720038
34,9,0.05,-0.05773823067969586
34,9,0.10,0.7321890051279447
34,9,0.15,0.8820400812294356
34,9,0.20,0.3053801902705665
34,9,0.25,0.6855314504649658
34,9,0.30,0.7529212453171991
34,9,0.35,0.8961561705198459
34,9,0.40,0.9157510913398711
34,9,0.45,0.8757246365528669
34,9,0.50,0.9164221803933637
34,9,0.55,0.7140289397421012
34,9,0.60,0.8646344009172304
34,9,0.65,0.7936850967512445
34,9,0.70,0.8538575220642004
34,9,0.75,0.9284378070681607
34,9,0.80,0.7836187018613714
34,9,0.85,0.887331009893898
34,9,0.90,0.9241652851833199
34,9,0.95,0.8718367444384159
35,0,0.05,0.3111967351665679
35,0,0.10,0.9844496689794342
35,0,0.15,0.8800794925183757
35,0,0.20,0.8718098401968754
35,0,0.25,0.9375958660848597
35,0,0.30,0.8813451621086069
35,0,0.35,0.7755296030026871
35,0,0.40,0.8269916206630908
35,0,0.45,0.7181907050034432
35,0,0.50,0.8626783738413646
35,0,0.55,0.8896694179187856
35,0,0.60,0.9026106179666469
35,0,0.65,0.8231706909829395
35,0,0.70,0.9086765104207015
35,0,0.75,0.914411136732224
35,0,0.80,0.9383550102467386
35,0,0.85,0.9131480139302757
35,0,0.90,0.8510279244011878
35,0,0.95,0.920857425292733
35,1,0.05,0.131241406111002
35,1,0.10,-0.3976412566012699
35,1,0.15,0.7173656626966037
35,1,0.20,0.9425207934286782
35,1,0.25,0.8462901267379409
35,1,0.30,0.8378533154452843
35,1,0.35,0.9258029032985675
35,1,0.40,0.8830490551646704
35,1,0.45,0.8479240887474853
35,1,0.50,0.891191917114438
35,1,0.55,0.874196960596256
35,1,0.60,0.7779257584328803
35,1,0.65,0.9158350980783199
35,1,0.70,0.9365310420944907
35,1,0.75,0.8911869909259669
35,1,0.80,0.8602816420743793
35,1,0.85,0.8852579137495564
35,1,0.90,0.7985596682590499
35,1,0.95,0.9219781929577083
35,2,0.05,0.01320773526678709
35,2,0.10,0.8732174690436834
35,2,0.15,0.7673748791119129
35,2,0.20,0.9235421624428763
35,2,0.25,0.8305152020578546
35,2,0.30,0.7761859764415836
35,2,0.35,0.7266445691196024
35,2,0.40,0.9070611229335194
35,2,0.45,0.9044937832288402
35,2,0.50,0.928026349507965
35,2,0.55,0.95659990565263
35,2,0.60,0.8799771717500365
35,2,0.65,0.8839880286935133
35,2,0.70,0.8869301041383209
35,2,0.75,0.9231045552491247
35,2,0.80,0.8664155083932293
35,2,0.85,0.8829573054671734
35,2,0.90,0.8717823296877953
35,2,0.95,0.8829774389759601
35,3,0.05,0.7763816103467751
35,3,0.10,0.8942241275935698
35,3,0.15,0.6562755758105463
35,3,0.20,0.8778839103448928
35,3,0.25,0.774046082813286
35,3,0.30,0.8092752239333316
35,3,0.35,0.9245943786039138
35,3,0.40,0.9179377595824586
35,3,0.45,0.9000005655637487
35,3,0.50,0.8406463090697548
35,3,0.55,0.82226222379211
35,3,0.60,0.8928291663219656
35,3,0.65,0.8961101610801028
35,3,0.70,0.9251333947230967
35,3,0.75,0.81036350601554
35,3,0.80,0.904594683185827
35,3,0.85,0.8845595366472931
35,3,0.90,0.9263865136661134
35,3,0.95,0.9194544749242496
35,4,0.05,0.8731299833989777
35,4,0.10,0.9325790429344558
35,4,0.15,0.9246861752721931
35,4,0.20,0.7222754939493081
35,4,0.25,0.7581155594431153
35,4,0.30,0.669247933467185
35,4,0.35,0.6441498498356424
35,4,0.40,0.8769307062886391
35,4,0.45,0.8785764280308758
35,4,0.50,0.8805752088311211
35,4,0.55,0.8639976164272799
35,4,0.60,0.9105778516981272
35,4,0.65,0.8029863663516769
35,4,0.70,0.9135258338468335
35,4,0.75,0.7828889091005445
35,4,0.80,0.9533135111319037
35,4,0.85,0.9233604275801807
35,4,0.90,0.8915695239008555
35,4,0.95,0.8680212018074294
35,5,0.05,-0.38157413658422645
35,5,0.10,0.7661257741026928
35,5,0.15,0.917503626486047
35,5,0.20,0.8679491457357588
35,5,0.25,0.7634552884682945
35,5,0.30,0.603419820864576
35,5,0.35,0.9048964192329813
35,5,0.40,0.8270768274861663
35,5,0.45,0.8282495841586719
35,5,0.50,0.8926077366782389
35,5,0.55,0.9064096350197408
35,5,0.60,0.8488463860442556
35,5,0.65,0.9253443314132938
35,5,0.70,0.8970977763751258
35,5,0.75,0.918103807296706
35,5,0.80,0.8361804587489249
35,5,0.85,0.9434205363369266
35,5,0.90,0.8455036793163733
35,5,0.95,0.9010333261791633
35,6,0.05,0.6537638124513134
35,6,0.10,0.9551052757766862
35,6,0.15,0.7915029086075326
35,6,0.20,0.8950579583641698
35,6,0.25,0.8279435850266436
35,6,0.30,0.5859607474617956
35,6,0.35,0.8525356088593079
35,6,0.40,0.8358114471582158
35,6,0.45,0.9350507813462495
35,6,0.50,0.7846924802133609
35,6,0.55,0.9010042128269717
35,6,0.60,0.9070785133054443
35,6,0.65,0.849176583405173
35,6,0.70,0.8953016732949494
35,6,0.75,0.910305821722798
35,6,0.80,0.8820978336842537
35,6,0.85,0.8244221628392443
35,6,0.90,0.8751040403098422
35,6,0.95,0.9485800506429529
35,7,0.05,-0.5767829741555965
35,7,0.10,0.8753771522255991
35,7,0.15,0.8840345637418773
35,7,0.20,0.8091424343250655
35,7,0.25,0.7669970203724177
35,7,0.30,0.8875229370865099
35,7,0.35,0.9297067122166153
35,7,0.40,0.8706817315531106
35,7,0.45,0.8756115693570576
35,7,0.50,0.8407633570486648
35,7,0.55,0.8868438478569756
35,7,0.60,0.8445762684213809
35,7,0.65,0.8339101075255653
35,7,0.70,0.9480822777387579
35,7,0.75,0.8910742268609154
35,7,0.80,0.8285410557102215
35,7,0.85,0.9581191309842123
35,7,0.90,0.8989214265621136
35,7,0.95,0.896223457988003
35,8,0.05,0.5919115222758016
35,8,0.10,0.9515692736735815
35,8,0.15,0.9142335560678929
35,8,0.20,0.8386862445377528
35,8,0.25,0.8870161587180004
35,8,0.30,0.7428527225850193
35,8,0.35,0.948669782435707
35,8,0.40,0.9568402155853927
35,8,0.45,0.8324944706174571
35,8,0.50,0.8113824646666321
35,8,0.55,0.9137370444994526
35,8,0.60,0.9740339055535089
35,8,0.65,0.8848834677013379
35,8,0.70,0.9558057512906689
35,8,0.75,0.8725254595263383
35,8,0.80,0.9469482124945067
35,8,0.85,0.9570208198754291
35,8,0.90,0.9230388242439369
35,8,0.95,0.9290213108429578
35,9,0.05,0.41935968333055573
35,9,0.10,0.9512262108521713
35,9,0.15,0.6491265238070634
35,9,0.20,0.8725503350116017
35,9,0.25,0.8524455316197062
35,9,0.30,0.8619107193287615
35,9,0.35,0.8394712237549296
35,9,0.40,0.828782330102311
35,9,0.45,0.8007126829635535
35,9,0.50,0.9396453992942176
35,9,0.55,0.8915529255934743
35,9,0.60,0.8602934918095031
35,9,0.65,0.8516488695631879
35,9,0.70,0.9336882068689919
35,9,0.75,0.9222246830179326
35,9,0.80,0.8893875318489931
35,9,0.85,0.9334887106884512
35,9,0.90,0.8944101122023616
35,9,0.95,0.8876030366580696
36,0,0.05,0.6789811069471103
36,0,0.10,0.5994677785170579
36,0,0.15,0.8976933336285353
36,0,0.20,0.8029864680152814
36,0,0.25,0.4884911383174616
36,0,0.30,0.7037117447830117
36,0,0.35,0.7790045125044902
36,0,0.40,0.8120255749546829
36,0,0.45,0.7950406412035361
36,0,0.50,0.8208648179056186
36,0,0.55,0.8758059793919905
36,0,0.60,0.8699510630811444
36,0,0.65,0.7875761661433904
36,0,0.70,0.8993869938584043
36,0,0.75,0.8689540320473573
36,0,0.80,0.9095249999911295
36,0,0.85,0.9547646842798192
36,0,0.90,0.7646531775347636
36,0,0.95,0.8592385270210066
36,1,0.05,0.425717041980578
36,1,0.10,0.6601632687612706
36,1,0.15,0.9439630114595152
36,1,0.20,0.6850564985914234
36,1,0.25,0.7647301719581642
36,1,0.30,0.6716283312945006
36,1,0.35,0.6865784464367881
36,1,0.40,0.6940230261540246
36,1,0.45,0.8140531662863406
36,1,0.50,0.8678947489726843
36,1,0.55,0.8438949722116162
36,1,0.60,0.838344762364178
36,1,0.65,0.9022506662264959
36,1,0.70,0.7580612675184877
36,1,0.75,0.8530335768689143
36,1,0.80,0.8224730483083431
36,1,0.85,0.7792349821615356
36,1,0.90,0.8171560133398994
36,1,0.95,0.8611166384239034
36,2,0.05,-0.10114648288029593
36,2,0.10,0.18689327576174553
36,2,0.15,0.8547588148710553
36,2,0.20,0.8762046344030873
36,2,0.25,0.9131898302718005
36,2,0.30,0.895251283260792
36,2,0.35,0.8515588889890486
36,2,0.40,0.7643575310235491
36,2,0.45,0.8160288515137185
36,2,0.50,0.7935131712096775
36,2,0.55,0.8561113215316789
36,2,0.60,0.8473624932006629
36,2,0.65,0.787949020941102
36,2,0.70,0.8142164463220849
36,2,0.75,0.8659548261752963
36,2,0.80,0.8480077588418803
36,2,0.85,0.9118315378861785
36,2,0.90,0.9323055975269844
36,2,0.95,0.8514488644830409
36,3,0.05,-0.6040855304021884
36,3,0.10,-0.015953171809062416
36,3,0.15,0.2640650484243976
36,3,0.20,0.5869496904036131
36,3,0.25,0.6767968658165282
36,3,0.30,0.6996239282802934
36,3,0.35,0.8890118788185944
36,3,0.40,0.9161911316969993
36,3,0.45,0.7904614349252544
36,3,0.50,0.8576153231502539
36,3,0.55,0.7416483133466077
36,3,0.60,0.805984726539881
36,3,0.65,0.8701380450204532
36,3,0.70,0.8943337144309025
36,3,0.75,0.8340837540953963
36,3,0.80,0.9238837137130418
36,3,0.85,0.8890039147203126
36,3,0.90,0.9173034141743963
36,3,0.95,0.9273238414397987
36,4,0.05,-0.14941904399636696
36,4,0.10,0.1647156971722099
36,4,0.15,0.6433619003828155
36,4,0.20,0.7812898373610763
36,4,0.25,0.6912595824090225
36,4,0.30,0.4530013713994713
36,4,0.35,0.7356332950574713
36,4,0.40,0.8681405184519524
36,4,0.45,0.8766787552973456
36,4,0.50,0.9491524489500607
36,4,0.55,0.8321941950765758
36,4,0.60,0.9025179247154207
36,4,0.65,0.8320894041036437
36,4,0.70,0.8173803915981059
36,4,0.75,0.7551062857751312
36,4,0.80,0.8764905342779057
36,4,0.85,0.9132440473192164
36,4,0.90,0.8967797352122869
36,4,0.95,0.8710355562842791
36,5,0.05,-0.14918981181513025
36,5,0.10,0.7341367183498259
36,5,0.15,0.35242145279412906
36,5,0.20,0.7659963599796636
36,5,0.25,0.8295973339327882
36,5,0.30,0.8180967324199279
36,5,0.35,0.8207339946911191
36,5,0.40,0.9122332407326722
36,5,0.45,0.8250021795246224
36,5,0.50,0.9534532356917378
36,5,0.55,0.8376542533936875
36,5,0.60,0.8777712317338152
36,5,0.65,0.7713767531161324
36,5,0.70,0.5950611334736079
36,5,0.75,0.8567301252997415
36,5,0.80,0.9142650909328408
36,5,0.85,0.8392132906617906
36,5,0.90,0.8360244944665068
36,5,0.95,0.8568737946101477
36,6,0.05,0.19396814578689947
36,6,0.10,0.8780455606161256
36,6,0.15,0.9136574072156538
36,6,0.20,0.7710080114703975
36,6,0.25,0.7022943054150491
36,6,0.30,0.6179230049551554
36,6,0.35,0.9060345246090582
36,6,0.40,0.7549758432218221
36,6,0.45,0.8344468799430542
36,6,0.50,0.8622051927691817
36,6,0.55,0.8893956421993623
36,6,0.60,0.850282548710919
36,6,0.65,0.9041950076739614
36,6,0.70,0.8390182823734438
36,6,0.75,0.8091355444059645
36,6,0.80,0.8833596864611316
36,6,0.85,0.8397150822346345
36,6,0.90,0.860423546121641
36,6,0.95,0.8871841058417993
36,7,0.05,-1.1286775706697174
36,7,0.10,0.6779536800076154
36,7,0.15,0.9182558834755544
36,7,0.20,0.70923857367217
36,7,0.25,0.7637160334869323
36,7,0.30,0.6781459310823135
36,7,0.35,0.7936556893514443
36,7,0.40,0.8214550138999741
36,7,0.45,0.8328854377037744
36,7,0.50,0.8382857656923507
36,7,0.55,0.8741203493008948
36,7,0.60,0.7243586126291197
36,7,0.65,0.8873609984550057
36,7,0.70,0.8327456722203153
36,7,0.75,0.9093500206274086
36,7,0.80,0.8099324079660507
36,7,0.85,0.9155022547460794
36,7,0.90,0.8504370043198508
36,7,0.95,0.8654949431354655
36,8,0.05,0.24091712650961272
36,8,0.10,0.5584310510242791
36,8,0.15,0.4885967612589728
36,8,0.20,0.6626987423686895
36,8,0.25,0.8734548126586674
36,8,0.30,0.8549520026205086
36,8,0.35,0.791208319742462
36,8,0.40,0.8302023071090476
36,8,0.45,0.7996379894554064
36,8,0.50,0.8608459810419364
36,8,0.55,0.8275920601743367
36,8,0.60,0.7879353319087214
36,8,0.65,0.8282900605909375
36,8,0.70,0.8719799420852373
36,8,0.75,0.8898117124704565
36,8,0.80,0.8551556823004386
36,8,0.85,0.8694938448362057
36,8,0.90,0.8435755719031626
36,8,0.95,0.8581389973366451
36,9,0.05,-0.043518783729150856
36,9,0.10,0.8377901420500802
36,9,0.15,0.9598221576314288
36,9,0.20,0.6776363365093021
36,9,0.25,0.8656413765502873
36,9,0.30,0.9026716304682534
36,9,0.35,0.7098486285285046
36,9,0.40,0.7900717937926744
36,9,0.45,0.6222717233870669
36,9,0.50,0.8238599707239767
36,9,0.55,0.7946314008647263
36,9,0.60,0.8065461080849987
36,9,0.65,0.918024427530126
36,9,0.70,0.8978858997847664
36,9,0.75,0.8700799626194872
36,9,0.80,0.8996459363656419
36,9,0.85,0.8881669287127499
36,9,0.90,0.8427342035271148
36,9,0.95,0.8721401511484728
37,0,0.05,-1.0086742224535117
37,0,0.10,0.3683571190648277
37,0,0.15,0.28922697875900094
37,0,0.20,0.5993408408654062
37,0,0.25,0.8195632682650392
37,0,0.30,0.9143555914100481
37,0,0.35,0.6405991373179671
37,0,0.40,0.7867202691312237
37,0,0.45,0.8410761395438728
37,0,0.50,0.7684260551623336
37,0,0.55,0.9077067093855095
37,0,0.60,0.8808853824690036
37,0,0.65,0.9408598835221338
37,0,0.70,0.8326880107962824
37,0,0.75,0.841585631420127
37,0,0.80,0.9042340114850913
37,0,0.85,0.8776406670528373
37,0,0.90,0.8831684648980268
37,0,0.95,0.9258791132724487
37,1,0.05,0.2844849485487957
37,1,0.10,0.29177312552229984
37,1,0.15,0.45731721717833584
37,1,0.20,0.7269677730581372
37,1,0.25,0.9194706932785446
37,1,0.30,0.753096703127788
37,1,0.35,0.7752537133935768
37,1,0.40,0.8886589130115802
37,1,0.45,0.9381782185404651
37,1,0.50,0.9274469641973369
37,1,0.55,0.883342305797621
37,1,0.60,0.9183291607508945
37,1,0.65,0.8762295138296586
37,1,0.70,0.8327403231794618
37,1,0.75,0.8040492880924146
37,1,0.80,0.9122073680729064
37,1,0.85,0.8710079437920293
37,1,0.90,0.8822591645122173
37,1,0.95,0.8127969994415303
37,2,0.05,-0.17158628007985555
37,2,0.10,0.9898077675210286
37,2,0.15,0.8354759785415804
37,2,0.20,0.6905292256453808
37,2,0.25,0.7589498018031011
37,2,0.30,0.8729039528538879
37,2,0.35,0.7518831213602984
37,2,0.40,0.8810835679110052
37,2,0.45,0.9034030388611917
37,2,0.50,0.8523929882181609
37,2,0.55,0.9177581887414472
37,2,0.60,0.8487403666906991
37,2,0.65,0.8475943751302668
37,2,0.70,0.8437371200000051
37,2,0.75,0.7999492114924317
37,2,0.80,0.8592185734070588
37,2,0.85,0.8065686402996954
37,2,0.90,0.9026462750004443
37,2,0.95,0.8792182071210087
37,3,0.05,0.18346204242727238
37,3,0.10,0.38756955384149594
37,3,0.15,0.5603559125713842
37,3,0.20,-0.021237204453169456
37,3,0.25,0.8769964753665693
37,3,0.30,0.8615903112916142
37,3,0.35,0.8284160882285312
37,3,0.40,0.7957774698091395
37,3,0.45,0.8555085265888643
37,3,0.50,0.7904818877713168
37,3,0.55,0.9268592980626508
37,3,0.60,0.8901721036415411
37,3,0.65,0.8965378762372328
37,3,0.70,0.8530949171858164
37,3,0.75,0.8872091345051377
37,3,0.80,0.8725808908469368
37,3,0.85,0.9403830067015772
37,3,0.90,0.9024858291919873
37,3,0.95,0.904726820512392
37,4,0.05,0.10262168058854526
37,4,0.10,0.1337005134721495
37,4,0.15,0.11887758070805632
37,4,0.20,0.7517031307404214
37,4,0.25,0.891323161294572
37,4,0.30,0.4257070474147342
37,4,0.35,0.8853301585832906
37,4,0.40,0.9357294145035808
37,4,0.45,0.8825287568046232
37,4,0.50,0.8761450559668649
37,4,0.55,0.9438361202715851
37,4,0.60,0.8403593504547147
37,4,0.65,0.8017536387745167
37,4,0.70,0.9015437020342156
37,4,0.75,0.9404449874422791
37,4,0.80,0.8630214521285511
37,4,0.85,0.7987143197660179
37,4,0.90,0.9376572317428863
37,4,0.95,0.9300924421277963
37,5,0.05,0.5886219634500947
37,5,0.10,0.6104389249291386
37,5,0.15,0.5360565824338019
37,5,0.20,0.45283096418901414
37,5,0.25,0.9110256286837448
37,5,0.30,0.661937566207762
37,5,0.35,0.8715120622700158
37,5,0.40,0.864782367266445
37,5,0.45,0.8723178650700232
37,5,0.50,0.9325921711556762
37,5,0.55,0.8709588133474299
37,5,0.60,0.892442048688249
37,5,0.65,0.9186323142353966
37,5,0.70,0.8812883031888081
37,5,0.75,0.6635795421660606
37,5,0.80,0.8683787516602075
37,5,0.85,0.9298243842074367
37,5,0.90,0.909647306237282
37,5,0.95,0.9206413993131837
37,6,0.05,0.08038050349366666
37,6,0.10,0.48488066130603746
37,6,0.15,0.35323149760265693
37,6,0.20,0.58544795080403
37,6,0.25,0.9187124559561313
37,6,0.30,0.8221684156954083
37,6,0.35,0.8614444888447887
37,6,0.40,0.9360033849322862
37,6,0.45,0.9124368881258449
37,6,0.50,0.7392597344327339
37,6,0.55,0.9134997658734136
37,6,0.60,0.9019541676454841
37,6,0.65,0.8520359241505101
37,6,0.70,0.9151511468714082
37,6,0.75,0.8726190774280841
37,6,0.80,0.8618891947132387
37,6,0.85,0.8429758308128227
37,6,0.90,0.8686737574580352
37,6,0.95,0.9408410175980957
37,7,0.05,0.08728173768614977
37,7,0.10,0.9648849984735144
37,7,0.15,0.4619539571417206
37,7,0.20,0.4468206735248743
37,7,0.25,0.8702715556409071
37,7,0.30,0.6102481257224406
37,7,0.35,0.7625237407770997
37,7,0.40,0.38320193020294013
37,7,0.45,0.8226317704892724
37,7,0.50,0.8583598109358233
37,7,0.55,0.9006936766092087
37,7,0.60,0.8939284515749478
37,7,0.65,0.794917143791056
37,7,0.70,0.8712522637726575
37,7,0.75,0.9278471440242619
37,7,0.80,0.8807733062767769
37,7,0.85,0.8201080672081456
37,7,0.90,0.8461518075593467
37,7,0.95,0.8613143231334744
37,8,0.05,0.31635177663646186
37,8,0.10,0.7235744736409531
37,8,0.15,0.9196853154042303
37,8,0.20,0.7646834759292147
37,8,0.25,0.7882074885653626
37,8,0.30,0.850859145791342
37,8,0.35,0.8677355467427862
37,8,0.40,0.7858982356732863
37,8,0.45,0.7065025631003065
37,8,0.50,0.9342158036073389
37,8,0.55,0.8631644888853826
37,8,0.60,0.8573695121504546
37,8,0.65,0.8822358463640843
37,8,0.70,0.8907396792595724
37,8,0.75,0.9223495422716623
37,8,0.80,0.8838009471895873
37,8,0.85,0.828272839138293
37,8,0.90,0.9426730298997956
37,8,0.95,0.9086078982966735
37,9,0.05,0.6048581539536207
37,9,0.10,0.32330140275798847
37,9,0.15,0.46316028175211
37,9,0.20,0.5379191826229561
37,9,0.25,0.8662558337654781
37,9,0.30,0.6894666302925705
37,9,0.35,0.7340432864653383
37,9,0.40,0.8979983369439488
37,9,0.45,0.9308307770665741
37,9,0.50,0.9088708254417038
37,9,0.55,0.8588354818019959
37,9,0.60,0.5353493154484408
37,9,0.65,0.9038857483158749
37,9,0.70,0.8946472027555508
37,9,0.75,0.9095575370075184
37,9,0.80,0.7985668258662109
37,9,0.85,0.8722197925794565
37,9,0.90,0.9121311007719223
37,9,0.95,0.8265154469293381
38,0,0.05,0.21478186207762306
38,0,0.10,0.7398467002782503
38,0,0.15,0.6065288061672234
38,0,0.20,0.5691314652525932
38,0,0.25,0.7446493026352367
38,0,0.30,0.8690260346790641
38,0,0.35,0.7723627506855867
38,0,0.40,0.7105180963972544
38,0,0.45,0.870867486752302
38,0,0.50,0.7403572395885545
38,0,0.55,0.9498885814809235
38,0,0.60,0.8161097984029264
38,0,0.65,0.8619564290727824
38,0,0.70,0.8436357681446449
38,0,0.75,0.7377421601641034
38,0,0.80,0.8767838021668917
38,0,0.85,0.8848052347829815
38,0,0.90,0.9261725401027362
38,0,0.95,0.8934455318644182
38,1,0.05,0.8625416556810206
38,1,0.10,0.7154485768135634
38,1,0.15,0.7014263568172112
38,1,0.20,0.8905480263183655
38,1,0.25,0.3805365050465116
38,1,0.30,0.5733954138328887
38,1,0.35,0.907056910461766
38,1,0.40,0.9001961422865336
38,1,0.45,0.8415099611265695
38,1,0.50,0.8807202324487755
38,1,0.55,0.9349731386523908
38,1,0.60,0.8461202017108997
38,1,0.65,0.9168959972009553
38,1,0.70,0.8929252468072078
38,1,0.75,0.8813023034488385
38,1,0.80,0.870440552808835
38,1,0.85,0.8787319362457973
38,1,0.90,0.8714901945269483
38,1,0.95,0.8611623476804826
38,2,0.05,-2.9516149095904645
38,2,0.10,-0.010611161845816675
38,2,0.15,0.489310940829193
38,2,0.20,0.5622378554985027
38,2,0.25,0.5488044591078423
38,2,0.30,0.580229782919846
38,2,0.35,0.8917346694907565
38,2,0.40,0.7626096642917665
38,2,0.45,0.754844239743527
38,2,0.50,0.898001266695335
38,2,0.55,0.8953445143827652
38,2,0.60,0.9150937519447823
38,2,0.65,0.8104890505341243
38,2,0.70,0.811844490010273
38,2,0.75,0.879489729172366
38,2,0.80,0.8185094117737999
38,2,0.85,0.9349475181523821
38,2,0.90,0.8917034297836385
38,2,0.95,0.8598555202986976
38,3,0.05,0.5986466078367432
38,3,0.10,0.6247981536688736
38,3,0.15,0.8784274347372565
38,3,0.20,0.7482645440136739
38,3,0.25,0.7464591675682344
38,3,0.30,0.6807267604869457
38,3,0.35,0.7337195936296746
38,3,0.40,0.9089405023949501
38,3,0.45,0.8103801080337832
38,3,0.50,0.9433462274233028
38,3,0.55,0.7429398340549002
38,3,0.60,0.7962418405091347
38,3,0.65,0.8814124294281869
38,3,0.70,0.8108497326403583
38,3,0.75,0.9394931767152559
38,3,0.80,0.9199835843877769
38,3,0.85,0.8630406094592157
38,3,0.90,0.8028743628183839
38,3,0.95,0.8493084517939751
38,4,0.05,0.5634221209097946
38,4,0.10,0.8840793920471425
38,4,0.15,0.7931880686138448
38,4,0.20,0.20355172388896614
38,4,0.25,0.4379632981874464
38,4,0.30,0.6959637731029129
38,4,0.35,0.6106042190081735
38,4,0.40,0.7532619216078681
38,4,0.45,0.8701164299694272
38,4,0.50,0.9637812292027143
38,4,0.55,0.7328964162790523
38,4,0.60,0.847587301711052
38,4,0.65,0.8781447693831808
38,4,0.70,0.9322077339605408
38,4,0.75,0.8697887578916944
38,4,0.80,0.9061704693236654
38,4,0.85,0.8440098174291016
38,4,0.90,0.8587506790623589
38,4,0.95,0.9093747741255311
38,5,0.05,0.9346599176379441
38,5,0.10,0.7363955673044353
38,5,0.15,0.7246155724260823
38,5,0.20,0.7456156700491418
38,5,0.25,0.7957378068086169
38,5,0.30,0.6624344364532904
38,5,0.35,0.7487945954256894
38,5,0.40,0.8930355260331893
38,5,0.45,0.9390831308647315
38,5,0.50,0.6037004657523254
38,5,0.55,0.8447033259127021
38,5,0.60,0.8405768089695085
38,5,0.65,0.8153542098187205
38,5,0.70,0.9385756939019796
38,5,0.75,0.8526413084354224
38,5,0.80,0.9138387737350692
38,5,0.85,0.8855493322730057
38,5,0.90,0.8967460313555445
38,5,0.95,0.871106286464889
38,6,0.05,0.6610993722728364
38,6,0.10,0.09530268167178724
38,6,0.15,0.3288458902472944
38,6,0.20,0.8243563678754302
38,6,0.25,0.819255380040808
38,6,0.30,0.745131778847141
38,6,0.35,0.80572337828425
38,6,0.40,0.860759767715207
38,6,0.45,0.7489250618043459
38,6,0.50,0.8970781681419612
38,6,0.55,0.7279956864867121
38,6,0.60,0.8934487035998284
38,6,0.65,0.7974925680611479
38,6,0.70,0.9115441403556984
38,6,0.75,0.8780396403325776
38,6,0.80,0.8897671293981788
38,6,0.85,0.8603582105072833
38,6,0.90,0.9391372972437136
38,6,0.95,0.8383176917295448
38,7,0.05,0.9815646092851118
38,7,0.10,0.7694632142549923
38,7,0.15,0.3928694285892027
38,7,0.20,0.5558380379161347
38,7,0.25,0.6165936759137016
38,7,0.30,0.6078886287062225
38,7,0.35,0.7263486145577188
38,7,0.40,0.7689316118814642
38,7,0.45,0.7174200255611071
38,7,0.50,0.8927021498820193
38,7,0.55,0.8658985010052841
38,7,0.60,0.8238425470877495
38,7,0.65,0.8722835329841514
38,7,0.70,0.9309887153636998
38,7,0.75,0.8740777567908509
38,7,0.80,0.8889239547070513
38,7,0.85,0.9213245260042868
38,7,0.90,0.8241795823849662
38,7,0.95,0.8437954710457921
38,8,0.05,0.7079115071510027
38,8,0.10,0.3982004329607549
38,8,0.15,0.876494443681594
38,8,0.20,0.7019213765240948
38,8,0.25,0.6473882620121751
38,8,0.30,0.7885903190653939
38,8,0.35,0.7526368540113552
38,8,0.40,0.8343311644870237
38,8,0.45,0.9134002498329832
38,8,0.50,0.864049728136315
38,8,0.55,0.8828449065710509
38,8,0.60,0.8828258564240501
38,8,0.65,0.9465435088995608
38,8,0.70,0.9298676103868526
38,8,0.75,0.8628586075038205
38,8,0.80,0.9278657980904826
38,8,0.85,0.8066751637207005
38,8,0.90,0.8445077171937722
38,8,0.95,0.8779231062289967
38,9,0.05,0.7237428231053379
38,9,0.10,0.09307283725824866
38,9,0.15,0.7299617403329846
38,9,0.20,0.8033381897749109
38,9,0.25,0.680042640446157
38,9,0.30,0.854738420597022
38,9,0.35,0.8153465547886966
38,9,0.40,0.6504516538378198
38,9,0.45,0.7037868312819945
38,9,0.50,0.7538743599883009
38,9,0.55,0.7297104237628194
38,9,0.60,0.8581050467422257
38,9,0.65,0.8285654023768116
38,9,0.70,0.9480102403709683
38,9,0.75,0.9235173674349764
38,9,0.80,0.930671804475333
38,9,0.85,0.9212390292749839
38,9,0.90,0.919756114447994
38,9,0.95,0.8236356601220294
39,0,0.05,0.9511597055296388
39,0,0.10,0.47060794997997535
39,0,0.15,0.8962703675507084
39,0,0.20,0.9505191711065175
39,0,0.25,0.8136338479770615
39,0,0.30,0.8533375192231952
39,0,0.35,0.5590691545539359
39,0,0.40,0.8539886388558307
39,0,0.45,0.8608796991918444
39,0,0.50,0.9159582316116984
39,0,0.55,0.9148284899373419
39,0,0.60,0.9132651975233745
39,0,0.65,0.8868198739414451
39,0,0.70,0.8778050173652125
39,0,0.75,0.8645085480952373
39,0,0.80,0.8488940811117982
39,0,0.85,0.8049345640638295
39,0,0.90,0.9099337829749589
39,0,0.95,0.946044787103572
39,1,0.05,0.9263152710656631
39,1,0.10,0.5601862050012717
39,1,0.15,0.8868083583309161
39,1,0.20,0.6443318027080944
39,1,0.25,0.845326773773253
39,1,0.30,0.9271307193649556
39,1,0.35,0.8034831659121499
39,1,0.40,0.9457060473384067
39,1,0.45,0.8605858290674835
39,1,0.50,0.9330983773171306
39,1,0.55,0.9452845021652276
39,1,0.60,0.910057368076356
39,1,0.65,0.8664600574557672
39,1,0.70,0.9291140608034395
39,1,0.75,0.9103571806064938
39,1,0.80,0.8684393156767566
39,1,0.85,0.8381715541392762
39,1,0.90,0.8290978645410026
39,1,0.95,0.9015154547972176
39,2,0.05,0.8743752310699554
39,2,0.10,0.8982492860069986
39,2,0.15,0.9263755800047392
39,2,0.20,0.7585767251985251
39,2,0.25,0.863508995239751
39,2,0.30,0.851646944575955
39,2,0.35,0.4849210833481892
39,2,0.40,0.9289368635454126
39,2,0.45,0.9412572564002533
39,2,0.50,0.8780743836761737
39,2,0.55,0.9324729063885479
39,2,0.60,0.9349948186038879
39,2,0.65,0.9568549850057919
39,2,0.70,0.8081969158305387
39,2,0.75,0.9188188301661899
39,2,0.80,0.9168498295871157
39,2,0.85,0.9015671059673721
39,2,0.90,0.9606660425109178
39,2,0.95,0.918457578600091
39,3,0.05,0.7912045446797272
39,3,0.10,0.8181330173265607
39,3,0.15,0.9155064842067335
39,3,0.20,0.810158162880933
39,3,0.25,0.6903093747084461
39,3,0.30,0.915568713189034
39,3,0.35,0.8645744735641328
39,3,0.40,0.9162021303750413
39,3,0.45,0.9244206027282134
39,3,0.50,0.9003143322601271
39,3,0.55,0.9597702546216454
39,3,0.60,0.9446933281590895
39,3,0.65,0.8869810486401396
39,3,0.70,0.9245878879394391
39,3,0.75,0.8885715973770502
39,3,0.80,0.8981489794396081
39,3,0.85,0.8719969412620865
39,3,0.90,0.8940610143383696
39,3,0.95,0.8410471209512543
39,4,0.05,0.8439722248798185
39,4,0.10,0.8137601387519692
39,4,0.15,0.7989656803473921
39,4,0.20,0.6587709045027585
39,4,0.25,0.6625938650838459
39,4,0.30,0.9382472077086522
39,4,0.35,0.7004869599580275
39,4,0.40,0.7733851138838468
39,4,0.45,0.8801536685971618
39,4,0.50,0.9096016324815762
39,4,0.55,0.9015805241943922
39,4,0.60,0.9215472693569597
39,4,0.65,0.9728131924755068
39,4,0.70,0.8877658375206936
39,4,0.75,0.8311726572582815
39,4,0.80,0.9311503679625748
39,4,0.85,0.9091221950555661
39,4,0.90,0.9139770001455059
39,4,0.95,0.8872661643221617
39,5,0.05,0.2881629130394753
39,5,0.10,0.14234252378799306
39,5,0.15,0.6213621939165019
39,5,0.20,0.7049092997037316
39,5,0.25,0.8287964630373854
39,5,0.30,0.7455023883061688
39,5,0.35,0.9082878617414823
39,5,0.40,0.7679180622103363
39,5,0.45,0.9305327156128667
39,5,0.50,0.8739985120671724
39,5,0.55,0.9022969742387669
39,5,0.60,0.9334253045639236
39,5,0.65,0.9436789106112571
39,5,0.70,0.9191838173701836
39,5,0.75,0.943778346413599
39,5,0.80,0.9379552970639148
39,5,0.85,0.8735447325024208
39,5,0.90,0.860099716013407
39,5,0.95,0.9390463298307445
39,6,0.05,0.40099162129292865
39,6,0.10,0.9532917326733084
39,6,0.15,0.851950943973851
39,6,0.20,0.9571354804929894
39,6,0.25,0.6212804637740352
39,6,0.30,0.8740442809486602
39,6,0.35,0.6823879867727907
39,6,0.40,0.9269503715402791
39,6,0.45,0.9436524674347013
39,6,0.50,0.9059244302798383
39,6,0.55,0.9358327407606172
39,6,0.60,0.9293736583502731
39,6,0.65,0.8719897213892649
39,6,0.70,0.9419836151715563
39,6,0.75,0.8873250054820949
39,6,0.80,0.8632892797316449
39,6,0.85,0.8385436234751291
39,6,0.90,0.9044463951083166
39,6,0.95,0.8492947183244413
39,7,0.05,-0.21005680716682895
39,7,0.10,0.26920727825885005
39,7,0.15,0.8722714145832292
39,7,0.20,0.5347192577989159
39,7,0.25,0.7357796769761606
39,7,0.30,0.8785428287287316
39,7,0.35,0.5582525605213626
39,7,0.40,0.8803755860631315
39,7,0.45,0.8971461518486018
39,7,0.50,0.7792864383363707
39,7,0.55,0.9360892238485813
39,7,0.60,0.9410926456909061
39,7,0.65,0.9664410232088578
39,7,0.70,0.9174668523932717
39,7,0.75,0.9240680025252238
39,7,0.80,0.8239164757174966
39,7,0.85,0.9445043989420793
39,7,0.90,0.9400148361663637
39,7,0.95,0.9128591912861415
39,8,0.05,0.7450198927102512
39,8,0.10,0.8348310085726861
39,8,0.15,0.7421996271349034
39,8,0.20,0.8986368135919249
39,8,0.25,0.780463844405606
39,8,0.30,0.8013310023246675
39,8,0.35,0.7981789551775138
39,8,0.40,0.7674073413119458
39,8,0.45,0.9294378527212592
39,8,0.50,0.8470425978621258
39,8,0.55,0.9152722808661066
39,8,0.60,0.8417716511545745
39,8,0.65,0.9333273112239774
39,8,0.70,0.9294945034734646
39,8,0.75,0.9109494881185436
39,8,0.80,0.8838215048320088
39,8,0.85,0.8570604607487812
39,8,0.90,0.8938198232274888
39,8,0.95,0.8340295563599304
39,9,0.05,-0.08610365437492362
39,9,0.10,0.5510987283813518
39,9,0.15,0.9711149926947299
39,9,0.20,0.7979250183719154
39,9,0.25,0.8514323373489079
39,9,0.30,0.8793302795168503
39,9,0.35,0.8134471133524157
39,9,0.40,0.7619103320440761
39,9,0.45,0.8312765664722919
39,9,0.50,0.8645956265788737
39,9,0.55,0.8739377452457456
39,9,0.60,0.9571307206600007
39,9,0.65,0.9530447341548811
39,9,0.70,0.9219321499429184
39,9,0.75,0.8208833141577192
39,9,0.80,0.9000317140302093
39,9,0.85,0.8992638819707418
39,9,0.90,0.8823997387805174
39,9,0.95,0.7687960073185318
40,0,0.05,0.7627975800628147
40,0,0.10,0.8766591443595022
40,0,0.15,0.8755867225327385
40,0,0.20,0.8891475407454555
40,0,0.25,0.6141885415994855
40,0,0.30,0.7783705754564287
40,0,0.35,0.9327096593368125
40,0,0.40,0.8037907459498846
40,0,0.45,0.9034237524040469
40,0,0.50,0.9030727149830236
40,0,0.55,0.9589710242541175
40,0,0.60,0.8743144524437814
40,0,0.65,0.8991080495901818
40,0,0.70,0.9073114072593235
40,0,0.75,0.8508584684071216
40,0,0.80,0.8933235519412636
40,0,0.85,0.8495241690919711
40,0,0.90,0.8581632905980425
40,0,0.95,0.8553462400855874
40,1,0.05,0.955955383639164
40,1,0.10,0.2769505271224505
40,1,0.15,0.902301242062144
40,1,0.20,0.7827173907713445
40,1,0.25,0.8390528105634693
40,1,0.30,0.7952589852070467
40,1,0.35,0.9401827485805792
40,1,0.40,0.903773255615399
40,1,0.45,0.7962375970562753
40,1,0.50,0.7738612672871499
40,1,0.55,0.9556865496749216
40,1,0.60,0.90247608366692
40,1,0.65,0.9028471654251637
40,1,0.70,0.8774844945128517
40,1,0.75,0.8648477179733768
40,1,0.80,0.8288379268786707
40,1,0.85,0.84086895979149
40,1,0.90,0.9009520003629746
40,1,0.95,0.8587376747400515
40,2,0.05,0.1300817134028862
40,2,0.10,0.6902127435062393
40,2,0.15,0.8343852515366423
40,2,0.20,0.7783493102203316
40,2,0.25,0.7716673324502106
40,2,0.30,0.8251769545848082
40,2,0.35,0.8104539571455276
40,2,0.40,0.9426389096372592
40,2,0.45,0.9599279252752321
40,2,0.50,0.8738929343514141
40,2,0.55,0.9020143893626104
40,2,0.60,0.87272084824929
40,2,0.65,0.9326863425809583
40,2,0.70,0.9483190391182755
40,2,0.75,0.9565243819840139
40,2,0.80,0.82474885313537
40,2,0.85,0.8946356888752148
40,2,0.90,0.8993408027408067
40,2,0.95,0.9158197516051546
40,3,0.05,0.8729407511390077
40,3,0.10,0.7517006034580966
40,3,0.15,0.8832204216260473
40,3,0.20,0.8963906235898937
40,3,0.25,0.8042102714815543
40,3,0.30,0.8209325909239711
40,3,0.35,0.7810789904607687
40,3,0.40,0.8447510191310161
40,3,0.45,0.9577388306354319
40,3,0.50,0.8959539042778787
40,3,0.55,0.8931479407678673
40,3,0.60,0.8571543888410327
40,3,0.65,0.9110951374443611
40,3,0.70,0.8239833348931269
40,3,0.75,0.85005856147077
40,3,0.80,0.7079107203248995
40,3,0.85,0.884076676075148
40,3,0.90,0.9296416736317561
40,3,0.95,0.9241374830497566
40,4,0.05,0.4588884619319916
40,4,0.10,0.7086696110669056
40,4,0.15,0.9455188526500874
40,4,0.20,0.6302860369636962
40,4,0.25,0.8240494195827539
40,4,0.30,0.8895922016826743
40,4,0.35,0.8097133322776108
40,4,0.40,0.9291482276488956
40,4,0.45,0.949769383404759
40,4,0.50,0.9238704416690315
40,4,0.55,0.819157523379406
40,4,0.60,0.9161298745736683
40,4,0.65,0.8366066449420808
40,4,0.70,0.8836464657702999
40,4,0.75,0.9215128168765171
40,4,0.80,0.8692865879468475
40,4,0.85,0.9013479716068595
40,4,0.90,0.9064070155791804
40,4,0.95,0.8680556797240181
40,5,0.05,0.8416155224838306
40,5,0.10,0.8911488822686592
40,5,0.15,0.8170818884833899
40,5,0.20,0.8115446480440216
40,5,0.25,0.8360844117576836
40,5,0.30,0.8813919469145113
40,5,0.35,0.9683637896062176
40,5,0.40,0.9106764625904862
40,5,0.45,0.8946848419006047
40,5,0.50,0.8541420736361756
40,5,0.55,0.9082770293335187
40,5,0.60,0.9009436334998858
40,5,0.65,0.9166719603028678
40,5,0.70,0.9348128237002685
40,5,0.75,0.9439815822454057
40,5,0.80,0.8923447175108076
40,5,0.85,0.8435479816067695
40,5,0.90,0.8652602083903765
40,5,0.95,0.8408090496556582
40,6,0.05,0.8448925316849235
40,6,0.10,0.8999538169239697
40,6,0.15,0.6338231193045296
40,6,0.20,0.9627476134458819
40,6,0.25,0.8467059826992493
40,6,0.30,0.947869426670412
40,6,0.35,0.7902303712109557
40,6,0.40,0.8626912981183554
40,6,0.45,0.9213641032576175
40,6,0.50,0.8986083561810001
40,6,0.55,0.9457968104861436
40,6,0.60,0.9174296797438336
40,6,0.65,0.867867295139083
40,6,0.70,0.8054788612244529
40,6,0.75,0.9080243064184688
40,6,0.80,0.7981045376169562
40,6,0.85,0.8913266432415006
40,6,0.90,0.8294105199796823
40,6,0.95,0.8218905955527643
40,7,0.05,0.2919400037401424
40,7,0.10,0.4069769760100689
40,7,0.15,0.9216210375495101
40,7,0.20,0.821253589313728
40,7,0.25,0.7434156988350499
40,7,0.30,0.7916456091841064
40,7,0.35,0.9679797560140119
40,7,0.40,0.8349759536343053
40,7,0.45,0.9296230888707745
40,7,0.50,0.8818830193924199
40,7,0.55,0.8747081986444545
40,7,0.60,0.89226622753436
40,7,0.65,0.8906193595280951
40,7,0.70,0.9494950333124373
40,7,0.75,0.9411074858046924
40,7,0.80,0.9044104832649308
40,7,0.85,0.8190445413648717
40,7,0.90,0.8766233521192374
40,7,0.95,0.8738313409519703
40,8,0.05,0.9327036569121482
40,8,0.10,0.5634554249721158
40,8,0.15,0.7752051506187201
40,8,0.20,0.5362313800195022
40,8,0.25,0.7234939881012828
40,8,0.30,0.9509340293004604
40,8,0.35,0.8419258822156088
40,8,0.40,0.9119720979788943
40,8,0.45,0.8342254548375219
40,8,0.50,0.769274307599184
40,8,0.55,0.9213838269150786
40,8,0.60,0.9423213923680568
40,8,0.65,0.8825924058701978
40,8,0.70,0.894863872279893
40,8,0.75,0.8869110284342082
40,8,0.80,0.8966323717013117
40,8,0.85,0.8262497202545975
40,8,0.90,0.842082086267135
40,8,0.95,0.8797503319858699
40,9,0.05,0.924094061282977
40,9,0.10,0.9112691017060084
40,9,0.15,0.5836961264005127
40,9,0.20,0.9003627285652765
40,9,0.25,0.8872835476022675
40,9,0.30,0.8909038960876862
40,9,0.35,0.7973957558732183
40,9,0.40,0.8826169001329134
40,9,0.45,0.8569726654519487
40,9,0.50,0.8060080732573227
40,9,0.55,0.8683605310893799
40,9,0.60,0.7201668286970724
40,9,0.65,0.9404843972831579
40,9,0.70,0.9048928370301274
40,9,0.75,0.8898638263389204
40,9,0.80,0.8068024842447263
40,9,0.85,0.8846632087100625
40,9,0.90,0.8844813102715747
40,9,0.95,0.918570372285303
41,0,0.05,0.8130625496347238
41,0,0.10,0.6119392456381568
41,0,0.15,0.8738527801547025
41,0,0.20,0.9283562032418938
41,0,0.25,0.7690667363346299
41,0,0.30,0.9474767328882424
41,0,0.35,0.8505022627308929
41,0,0.40,0.9664603532298545
41,0,0.45,0.9340308847460557
41,0,0.50,0.746767835767449
41,0,0.55,0.9164330448866909
41,0,0.60,0.9001961204116622
41,0,0.65,0.9439712435450556
41,0,0.70,0.9567504466607573
41,0,0.75,0.953197833463208
41,0,0.80,0.9290770587858886
41,0,0.85,0.824212970284224
41,0,0.90,0.9153418494304875
41,0,0.95,0.8380787766912944
41,1,0.05,0.7091698303788736
41,1,0.10,0.8159532874296241
41,1,0.15,0.6330534973476387
41,1,0.20,0.856240799724566
41,1,0.25,0.849771764510519
41,1,0.30,0.9623935752178727
41,1,0.35,0.814772890880093
41,1,0.40,0.8903984014424732
41,1,0.45,0.7051662298265231
41,1,0.50,0.8469111823204996
41,1,0.55,0.8609585928621146
41,1,0.60,0.9324094769596343
41,1,0.65,0.9176726221451476
41,1,0.70,0.8763476662028409
41,1,0.75,0.9103571408959363
41,1,0.80,0.8464423959947468
41,1,0.85,0.8756928990477664
41,1,0.90,0.8839723225875624
41,1,0.95,0.8711355778876786
41,2,0.05,0.8031314350840572
41,2,0.10,-0.15476965704208911
41,2,0.15,0.557201795200787
41,2,0.20,0.8999548556348825
41,2,0.25,0.7588189332245199
41,2,0.30,0.7335970649290848
41,2,0.35,0.6083942099117579
41,2,0.40,0.9215748103182276
41,2,0.45,0.9249729686757934
41,2,0.50,0.9181671040587516
41,2,0.55,0.7732768156657873
41,2,0.60,0.9252513825711076
41,2,0.65,0.8823341880017374
41,2,0.70,0.954203188103305
41,2,0.75,0.9567424512963086
41,2,0.80,0.8899979602821874
41,2,0.85,0.9257766234687788
41,2,0.90,0.9082089304879635
41,2,0.95,0.8666224954584222
41,3,0.05,0.8234658162738158
41,3,0.10,0.889768918223056
41,3,0.15,0.38474948851108215
41,3,0.20,0.7837706880615997
41,3,0.25,0.8484209251507151
41,3,0.30,0.9602460132425292
41,3,0.35,0.7765187576362959
41,3,0.40,0.9549036725936431
41,3,0.45,0.9415688858257951
41,3,0.50,0.932134924307472
41,3,0.55,0.8710443849466177
41,3,0.60,0.9625234534344226
41,3,0.65,0.9199707587440596
41,3,0.70,0.9153778847566825
41,3,0.75,0.9115480261654243
41,3,0.80,0.8616168342220236
41,3,0.85,0.8545615747731655
41,3,0.90,0.9117357160726687
41,3,0.95,0.9022534417458596
41,4,0.05,0.9940344310895971
41,4,0.10,0.7754417031270489
41,4,0.15,0.6007282516698911
41,4,0.20,0.9361486083068018
41,4,0.25,0.9415648546023185
41,4,0.30,0.9597455588210709
41,4,0.35,0.8527530457331765
41,4,0.40,0.9280424064412406
41,4,0.45,0.7978858929458652
41,4,0.50,0.9040298134154557
41,4,0.55,0.9662118197628472
41,4,0.60,0.8851911314218841
41,4,0.65,0.931504978429962
41,4,0.70,0.9002215755693569
41,4,0.75,0.878461301140546
41,4,0.80,0.6654810861372977
41,4,0.85,0.881289208551771
41,4,0.90,0.8548388438510424
41,4,0.95,0.8841259440863916
41,5,0.05,0.9408740725116778
41,5,0.10,0.6307611753228066
41,5,0.15,0.8635900168613859
41,5,0.20,0.8029800048395934
41,5,0.25,0.9322122358233087
41,5,0.30,0.8822884518131237
41,5,0.35,0.7386306087960108
41,5,0.40,0.8657691878419327
41,5,0.45,0.923377792851995
41,5,0.50,0.8684107719712835
41,5,0.55,0.8649609795147893
41,5,0.60,0.8996402145432749
41,5,0.65,0.8932387172129921
41,5,0.70,0.8656628626275601
41,5,0.75,0.9249728844346664
41,5,0.80,0.8888475087009202
41,5,0.85,0.9033128301004876
41,5,0.90,0.8901409442933628
41,5,0.95,0.9091566531313128
41,6,0.05,0.7727540706343077
41,6,0.10,0.6776889859938294
41,6,0.15,0.9159521358445685
41,6,0.20,0.7108702988384203
41,6,0.25,0.8619631652260673
41,6,0.30,0.8762611635638446
41,6,0.35,0.849284515657081
41,6,0.40,0.937982575067148
41,6,0.45,0.8891227779515495
41,6,0.50,0.8763722015572217
41,6,0.55,0.8744389832486931
41,6,0.60,0.8451773480469246
41,6,0.65,0.9023528417948703
41,6,0.70,0.9409128139339105
41,6,0.75,0.8587438195441017
41,6,0.80,0.9290563007228441
41,6,0.85,0.886994080069848
41,6,0.90,0.8571420323800756
41,6,0.95,0.9270880620004105
41,7,0.05,0.2290092464193918
41,7,0.10,0.8250842042806483
41,7,0.15,0.9155401438674091
41,7,0.20,0.9377986670597576
41,7,0.25,0.93477889607694
41,7,0.30,0.9137907237868748
41,7,0.35,0.907449695845149
41,7,0.40,0.9159400881315275
41,7,0.45,0.8680691310969058
41,7,0.50,0.9365959838580461
41,7,0.55,0.8948704083850252
41,7,0.60,0.9204831000385815
41,7,0.65,0.8924861441015637
41,7,0.70,0.8764211336132803
41,7,0.75,0.9123440977028245
41,7,0.80,0.9440076721979221
41,7,0.85,0.936793091935622
41,7,0.90,0.911414390907101
41,7,0.95,0.8660821042183786
41,8,0.05,0.9263371304935859
41,8,0.10,0.6584825466843457
41,8,0.15,0.8545544540761043
41,8,0.20,0.9420167810340507
41,8,0.25,0.9235294160047756
41,8,0.30,0.8268421225475715
41,8,0.35,0.9178038868941045
41,8,0.40,0.9325566740048312
41,8,0.45,0.9389020994938273
41,8,0.50,0.9250898320892322
41,8,0.55,0.8596555319539627
41,8,0.60,0.9450491793704204
41,8,0.65,0.8555610149176368
41,8,0.70,0.9465960560334314
41,8,0.75,0.9239413767846895
41,8,0.80,0.9651772523271729
41,8,0.85,0.9472417612606653
41,8,0.90,0.8834462807789242
41,8,0.95,0.8744568600391394
41,9,0.05,0.9825676499346299
41,9,0.10,0.7351512012309407
41,9,0.15,0.8424587123647289
41,9,0.20,0.8034234374378248
41,9,0.25,0.8383394512230501
41,9,0.30,0.8382262484039096
41,9,0.35,0.8415194785792725
41,9,0.40,0.9252371096797498
41,9,0.45,0.9011281582017409
41,9,0.50,0.9150322203524455
41,9,0.55,0.9065647622907788
41,9,0.60,0.9526122945854368
41,9,0.65,0.8130221656571295
41,9,0.70,0.9292991763233253
41,9,0.75,0.9125022541532781
41,9,0.80,0.8513277564555621
41,9,0.85,0.8180761442969899
41,9,0.90,0.8761517875929585
41,9,0.95,0.8973973022789198
42,0,0.05,0.9688327606514522
42,0,0.10,0.8682628752654673
42,0,0.15,0.44035885929885876
42,0,0.20,0.7371115288411767
42,0,0.25,0.8353177902778699
42,0,0.30,0.8315758197235426
42,0,0.35,0.9103386853196106
42,0,0.40,0.9459280346367026
42,0,0.45,0.8756746751947544
42,0,0.50,0.7997748474475473
42,0,0.55,0.8714128834511956
42,0,0.60,0.9178905800291897
42,0,0.65,0.8180577214070206
42,0,0.70,0.8972974197661616
42,0,0.75,0.8055020765405554
42,0,0.80,0.814896734454272
42,0,0.85,0.9152773547999763
42,0,0.90,0.8292515109398817
42,0,0.95,0.8134207348228071
42,1,0.05,0.22922006522889227
42,1,0.10,0.5313172502049133
42,1,0.15,0.5981357689487875
42,1,0.20,0.8991142429326319
42,1,0.25,0.7305670336867841
42,1,0.30,0.7559727598172835
42,1,0.35,0.9320020386555437
42,1,0.40,0.8429849400270251
42,1,0.45,0.855886626262242
42,1,0.50,0.9172867416784614
42,1,0.55,0.8637243520987675
42,1,0.60,0.9260978078339676
42,1,0.65,0.9033512519376827
42,1,0.70,0.8429277712327192
42,1,0.75,0.921536906726459
42,1,0.80,0.7339662409321124
42,1,0.85,0.8373030470846962
42,1,0.90,0.8446050068926102
42,1,0.95,0.8889493920054585
42,2,0.05,0.8957019712795751
42,2,0.10,0.7144611389203934
42,2,0.15,0.9454320851732997
42,2,0.20,0.3567418865486176
42,2,0.25,0.6712860069956045
42,2,0.30,0.82260563613328
42,2,0.35,0.9278169235251525
42,2,0.40,0.7906678685998308
42,2,0.45,0.9439147138049222
42,2,0.50,0.7729613322859045
42,2,0.55,0.8697955952408962
42,2,0.60,0.8995558930180549
42,2,0.65,0.7700749318766544
42,2,0.70,0.8904008687044118
42,2,0.75,0.8565813080663243
42,2,0.80,0.8746722930030062
42,2,0.85,0.9075404913952634
42,2,0.90,0.9295099834685467
42,2,0.95,0.9161707246374937
42,3,0.05,0.6448872543263316
42,3,0.10,0.39813687532984354
42,3,0.15,0.8894719182242753
42,3,0.20,0.7366408235698552
42,3,0.25,0.7767227076632517
42,3,0.30,0.7556858856314059
42,3,0.35,0.7648169038452577
42,3,0.40,0.8580079356251823
42,3,0.45,0.8836093333285793
42,3,0.50,0.8636493841395261
42,3,0.55,0.8691183586260423
42,3,0.60,0.8766953570566054
42,3,0.65,0.9181007081079459
42,3,0.70,0.7286113519006815
42,3,0.75,0.8452856371985034
42,3,0.80,0.9046658171293189
42,3,0.85,0.8865548691674625
42,3,0.90,0.8908652867098141
42,3,0.95,0.8658062036830976
42,4,0.05,0.21826978697448607
42,4,0.10,0.4383891821555105
42,4,0.15,0.6374778688517613
42,4,0.20,0.8987817586887736
42,4,0.25,0.9275357952099706
42,4,0.30,0.8501207136078701
42,4,0.35,0.8392518334762895
42,4,0.40,0.8921281581578245
42,4,0.45,0.9057666191871127
42,4,0.50,0.8769862507985751
42,4,0.55,0.826789832548904
42,4,0.60,0.8994850939507044
42,4,0.65,0.9259701730467285
42,4,0.70,0.888658000385531
42,4,0.75,0.8544025469587472
42,4,0.80,0.955890162628236
42,4,0.85,0.8990859915902273
42,4,0.90,0.9495652684262554
42,4,0.95,0.9176305479694103
42,5,0.05,0.7145893317916449
42,5,0.10,0.9507214442373173
42,5,0.15,0.6771197979359516
42,5,0.20,0.8315142146846499
42,5,0.25,0.8426866112902767
42,5,0.30,0.9203876983655516
42,5,0.35,0.90289207110761
42,5,0.40,0.9180183804261226
42,5,0.45,0.7659742045361106
42,5,0.50,0.7984327268319477
42,5,0.55,0.9419447918948619
42,5,0.60,0.8866656524258071
42,5,0.65,0.8386974874401291
42,5,0.70,0.88847799175228
42,5,0.75,0.8959500343770054
42,5,0.80,0.9136794749690098
42,5,0.85,0.8822731614482269
42,5,0.90,0.9034070421936862
42,5,0.95,0.8826220276725726
42,6,0.05,0.9704174948590367
42,6,0.10,0.9178760656732156
42,6,0.15,0.7368032083471294
42,6,0.20,0.9315342943655849
42,6,0.25,0.833302519644624
42,6,0.30,0.9131415996760801
42,6,0.35,0.8734761602923611
42,6,0.40,0.6516326360108279
42,6,0.45,0.8772274491571193
42,6,0.50,0.8998786985813073
42,6,0.55,0.9250864289455984
42,6,0.60,0.9047516945966952
42,6,0.65,0.8051658648939486
42,6,0.70,0.8265827875136504
42,6,0.75,0.8467302870359983
42,6,0.80,0.9280223301577419
42,6,0.85,0.8171556377764752
42,6,0.90,0.9117119343343758
42,6,0.95,0.8464573344275663
42,7,0.05,0.6191512388279288
42,7,0.10,0.40954643945271785
42,7,0.15,0.8193603890518905
42,7,0.20,0.962022155706469
42,7,0.25,0.837522172782112
42,7,0.30,0.8430088288495874
42,7,0.35,0.8660294798194486
42,7,0.40,0.84419145893044
42,7,0.45,0.8300763337249808
42,7,0.50,0.9076696351459751
42,7,0.55,0.851761759815937
42,7,0.60,0.8351787156832713
42,7,0.65,0.8713746790587081
42,7,0.70,0.8461117309619228
42,7,0.75,0.873802144076442
42,7,0.80,0.7987606972770713
42,7,0.85,0.9231207974315947
42,7,0.90,0.9067029284120456
42,7,0.95,0.8515829661851673
42,8,0.05,0.7773379767287835
42,8,0.10,0.6561292155642846
42,8,0.15,0.9360235790841103
42,8,0.20,0.9008529062868825
42,8,0.25,0.9011356844451879
42,8,0.30,0.8301529665523782
42,8,0.35,0.9237801525744074
42,8,0.40,0.7954811477273426
42,8,0.45,0.912350970904347
42,8,0.50,0.9087113543842935
42,8,0.55,0.8647412764099921
42,8,0.60,0.9135717137122347
42,8,0.65,0.8354164576903631
42,8,0.70,0.9395240229881178
42,8,0.75,0.8714385717897878
42,8,0.80,0.9064892116545895
42,8,0.85,0.8866128869834679
42,8,0.90,0.8056714513846065
42,8,0.95,0.8679509851212752
42,9,0.05,-0.011117842712348613
42,9,0.10,0.7498793610154642
42,9,0.15,0.9120484562760225
42,9,0.20,0.46001062549202654
42,9,0.25,0.8038239810651887
42,9,0.30,0.7260371436643409
42,9,0.35,0.8484293727976393
42,9,0.40,0.8872602111238925
42,9,0.45,0.9244323308255661
42,9,0.50,0.8574234939408706
42,9,0.55,0.948118034135929
42,9,0.60,0.8963278097262627
42,9,0.65,0.8384306995065355
42,9,0.70,0.851764042327474
42,9,0.75,0.895590621297069
42,9,0.80,0.8657760575891478
42,9,0.85,0.8877097359010048
42,9,0.90,0.9141055449345449
42,9,0.95,0.8932797977611552
43,0,0.05,0.9545488936657903
43,0,0.10,0.8441603881963003
43,0,0.15,0.8378778769139565
43,0,0.20,0.6814215299672274
43,0,0.25,0.8997119189097391
43,0,0.30,0.8817241215902527
43,0,0.35,0.759722551871995
43,0,0.40,0.9113920116448883
43,0,0.45,0.8254464925865308
43,0,0.50,0.8438711055632333
43,0,0.55,0.9042492758392232
43,0,0.60,0.8607409172342988
43,0,0.65,0.8454971958890554
43,0,0.70,0.8450068085602483
43,0,0.75,0.8175786962218103
43,0,0.80,0.9009805305659574
43,0,0.85,0.8882570506347424
43,0,0.90,0.9258020976282091
43,0,0.95,0.8655563616215662
43,1,0.05,0.8905951379868997
43,1,0.10,0.8442786766798175
43,1,0.15,0.903255461548287
43,1,0.20,0.8114587631311336
43,1,0.25,0.8769916845238509
43,1,0.30,0.8292700637726178
43,1,0.35,0.6916896756319453
43,1,0.40,0.8583356149962253
43,1,0.45,0.9389172672334709
43,1,0.50,0.8904040002857292
43,1,0.55,0.895800391360979
43,1,0.60,0.7311079052839913
43,1,0.65,0.8590169758734396
43,1,0.70,0.8909209330697178
43,1,0.75,0.8687642092392887
43,1,0.80,0.8900617898262482
43,1,0.85,0.7496248472886768
43,1,0.90,0.8209236565746105
43,1,0.95,0.861224704528702
43,2,0.05,0.887493035897426
43,2,0.10,0.8621635950116653
43,2,0.15,0.728371422045126
43,2,0.20,0.7431705400241772
43,2,0.25,0.9694332348206147
43,2,0.30,0.8273074975131561
43,2,0.35,0.8872381125565081
43,2,0.40,0.8905294915287627
43,2,0.45,0.8423653211587212
43,2,0.50,0.8087724879397749
43,2,0.55,0.8782994575136086
43,2,0.60,0.8968692770859752
43,2,0.65,0.8330301037013157
43,2,0.70,0.8911403102398385
43,2,0.75,0.8823058136140723
43,2,0.80,0.9291395868176803
43,2,0.85,0.888344921527182
43,2,0.90,0.9169398448706885
43,2,0.95,0.8689475480780882
43,3,0.05,0.9625603076581936
43,3,0.10,0.9127413656460731
43,3,0.15,0.7965430958952362
43,3,0.20,0.858508128308558
43,3,0.25,0.8481493747965273
43,3,0.30,0.8446243646430602
43,3,0.35,0.7632674040703967
43,3,0.40,0.829323725768629
43,3,0.45,0.8473236587069485
43,3,0.50,0.9230371788270938
43,3,0.55,0.8888292574307304
43,3,0.60,0.9324318329780447
43,3,0.65,0.8155606817066732
43,3,0.70,0.9588147377294179
43,3,0.75,0.9466573381514737
43,3,0.80,0.9229165540111371
43,3,0.85,0.8713875085217822
43,3,0.90,0.8957076978994795
43,3,0.95,0.8337140051977844
43,4,0.05,0.9646102102536966
43,4,0.10,0.9442274081574492
43,4,0.15,0.7676590440425775
43,4,0.20,0.6431457363108251
43,4,0.25,0.9099409328056177
43,4,0.30,0.7934069236337584
43,4,0.35,0.7986826332003167
43,4,0.40,0.8193498316329642
43,4,0.45,0.889254067296097
43,4,0.50,0.9133182039151886
43,4,0.55,0.920745424931234
43,4,0.60,0.9450014518437265
43,4,0.65,0.8668179279834938
43,4,0.70,0.8955635560222881
43,4,0.75,0.8892810048524797
43,4,0.80,0.9282667356449525
43,4,0.85,0.9219610333783912
43,4,0.90,0.8959973314427833
43,4,0.95,0.8027477327944856
43,5,0.05,0.947369034360319
43,5,0.10,0.6129316791354142
43,5,0.15,0.9108001746273329
43,5,0.20,0.7771655963137035
43,5,0.25,0.894005796159454
43,5,0.30,0.7372302184822371
43,5,0.35,0.6123643712926055
43,5,0.40,0.9118038269778681
43,5,0.45,0.8863196857170491
43,5,0.50,0.8630728367116668
43,5,0.55,0.9010292024295908
43,5,0.60,0.8875857598326226
43,5,0.65,0.9121666049993128
43,5,0.70,0.9140868061671706
43,5,0.75,0.904928940662227
43,5,0.80,0.9421933726416953
43,5,0.85,0.8844333711306348
43,5,0.90,0.8694090950786902
43,5,0.95,0.9113388094510282
43,6,0.05,-0.6732008602962181
43,6,0.10,0.6044183135172156
43,6,0.15,0.9364367280671924
43,6,0.20,0.6443427154238828
43,6,0.25,0.843821965338594
43,6,0.30,0.8525150236674393
43,6,0.35,0.7446274060798344
43,6,0.40,0.8698355370852846
43,6,0.45,0.7744403283477282
43,6,0.50,0.8412057687059139
43,6,0.55,0.8166486488031934
43,6,0.60,0.8801594861723023
43,6,0.65,0.8868407772700114
43,6,0.70,0.9230290555348734
43,6,0.75,0.8761308390175183
43,6,0.80,0.9249311720543766
43,6,0.85,0.8217087233939149
43,6,0.90,0.8798120923779945
43,6,0.95,0.9003424304242326
43,7,0.05,0.9541572755109128
43,7,0.10,0.9161766214997765
43,7,0.15,0.8971035371307068
43,7,0.20,0.40481050762553417
43,7,0.25,0.8469673669272045
43,7,0.30,0.8472099964025874
43,7,0.35,0.655426760592861
43,7,0.40,0.908466130393894
43,7,0.45,0.8492107052771202
43,7,0.50,0.9409344270669494
43,7,0.55,0.8792042968974209
43,7,0.60,0.9489727954358617
43,7,0.65,0.938227537780308
43,7,0.70,0.8102536870901277
43,7,0.75,0.8414975168349395
43,7,0.80,0.8922953853909674
43,7,0.85,0.9266882490825166
43,7,0.90,0.8599135161008729
43,7,0.95,0.8636455701865875
43,8,0.05,0.7497191976188633
43,8,0.10,0.8920634615607648
43,8,0.15,0.809666607611125
43,8,0.20,0.27066901428773127
43,8,0.25,0.8542204543340827
43,8,0.30,0.7244542665657769
43,8,0.35,0.706240816796662
43,8,0.40,0.8324623969197813
43,8,0.45,0.7931808436329679
43,8,0.50,0.8743608075666626
43,8,0.55,0.9034970285250205
43,8,0.60,0.8078954985200879
43,8,0.65,0.9487101143898484
43,8,0.70,0.8787877024535234
43,8,0.75,0.9334197860498908
43,8,0.80,0.912543059531695
43,8,0.85,0.9292383898609498
43,8,0.90,0.9238002297841796
43,8,0.95,0.8935208746498894
43,9,0.05,-2.092956640177373
43,9,0.10,0.8774239659095813
43,9,0.15,0.8677151658287859
43,9,0.20,0.7544461714556994
43,9,0.25,0.7015806687476984
43,9,0.30,0.8637921406639857
43,9,0.35,0.8139098388359363
43,9,0.40,0.912575837988778
43,9,0.45,0.753796744315014
43,9,0.50,0.8399342587501146
43,9,0.55,0.9240476119784002
43,9,0.60,0.7997928812729563
43,9,0.65,0.8342507456379677
43,9,0.70,0.8254782657120401
43,9,0.75,0.8783371206617844
43,9,0.80,0.8526152168699668
43,9,0.85,0.8425628218030141
43,9,0.90,0.9016723857679135
43,9,0.95,0.900789247127412
44,0,0.05,0.17719390635576482
44,0,0.10,0.6705868733633586
44,0,0.15,0.7887370031183885
44,0,0.20,0.6582612328868188
44,0,0.25,0.8109302643627592
44,0,0.30,0.8342404463016997
44,0,0.35,0.8679182193475862
44,0,0.40,0.809785422746561
44,0,0.45,0.8317448370936339
44,0,0.50,0.8929644821994296
44,0,0.55,0.8963177980755167
44,0,0.60,0.8898984382925633
44,0,0.65,0.8313584701409972
44,0,0.70,0.8795653568834827
44,0,0.75,0.8712600362244386
44,0,0.80,0.8895546810677417
44,0,0.85,0.8578909414683507
44,0,0.90,0.9435251757296778
44,0,0.95,0.9262348415486377
44,1,0.05,0.8861730591810832
44,1,0.10,0.816607145413658
44,1,0.15,0.9537738614964059
44,1,0.20,0.6552012754325647
44,1,0.25,0.6911213653938089
44,1,0.30,0.8181792884012793
44,1,0.35,0.6858172006743474
44,1,0.40,0.8187957235219738
44,1,0.45,0.8537947670476463
44,1,0.50,0.8856658483400601
44,1,0.55,0.8752234928767151
44,1,0.60,0.9276088134308952
44,1,0.65,0.9146621079314765
44,1,0.70,0.7994128033342427
44,1,0.75,0.9107797023226456
44,1,0.80,0.8717831405671644
44,1,0.85,0.9524536582991939
44,1,0.90,0.845455103308477
44,1,0.95,0.9039816686130131
44,2,0.05,0.3464866706354578
44,2,0.10,0.47020053945869134
44,2,0.15,0.9785963416877039
44,2,0.20,0.8142238138065141
44,2,0.25,0.7746534531278486
44,2,0.30,0.8355474461961133
44,2,0.35,0.9167548118199825
44,2,0.40,0.8358994543771101
44,2,0.45,0.8748752941845694
44,2,0.50,0.8447452557842536
44,2,0.55,0.8880215549268754
44,2,0.60,0.8197742786515207
44,2,0.65,0.8392480334645355
44,2,0.70,0.7330542690454687
44,2,0.75,0.8203140820686219
44,2,0.80,0.8989104064618123
44,2,0.85,0.9380579693321687
44,2,0.90,0.9071107982269104
44,2,0.95,0.8503186141692994
44,3,0.05,-0.29291401138095696
44,3,0.10,0.40505332413197015
44,3,0.15,-0.837843271405488
44,3,0.20,0.5023140182175687
44,3,0.25,0.5873288169517179
44,3,0.30,0.7643714018913599
44,3,0.35,0.7719937364172589
44,3,0.40,0.625111525173222
44,3,0.45,0.8233361908892188
44,3,0.50,0.8411819569516572
44,3,0.55,0.9147896880270024
44,3,0.60,0.7824642521137701
44,3,0.65,0.916214319995538
44,3,0.70,0.8679687743367271
44,3,0.75,0.8365901879862402
44,3,0.80,0.9577145288327003
44,3,0.85,0.9109492396824216
44,3,0.90,0.7632422315456586
44,3,0.95,0.900645135381654
44,4,0.05,0.8446966919242391
44,4,0.10,0.9317728238576106
44,4,0.15,0.9607188140569858
44,4,0.20,0.7293023317952363
44,4,0.25,0.8958436291212295
44,4,0.30,0.8407904701764594
44,4,0.35,0.8664952238590403
44,4,0.40,0.8253635798518713
44,4,0.45,0.9194400799376854
44,4,0.50,0.8459154688675887
44,4,0.55,0.930565732702409
44,4,0.60,0.9245514754694816
44,4,0.65,0.8377467037588209
44,4,0.70,0.8306142937417781
44,4,0.75,0.9000278408402084
44,4,0.80,0.9076076066228448
44,4,0.85,0.8760454691874096
44,4,0.90,0.8351691229396927
44,4,0.95,0.8839776403291705
44,5,0.05,-1.4655792444722273
44,5,0.10,0.8461783635148679
44,5,0.15,0.9421446203938101
44,5,0.20,0.9027749278949875
44,5,0.25,0.9078830933476403
44,5,0.30,0.8092423344792307
44,5,0.35,0.8289562206127644
44,5,0.40,0.8724648804638109
44,5,0.45,0.7900196717706496
44,5,0.50,0.9128640587060938
44,5,0.55,0.8975436192552158
44,5,0.60,0.7917399461649369
44,5,0.65,0.8848991261175934
44,5,0.70,0.8874946984555913
44,5,0.75,0.8967323247059567
44,5,0.80,0.9353471681247534
44,5,0.85,0.9366834020935888
44,5,0.90,0.9337227127017558
44,5,0.95,0.9240121190998403
44,6,0.05,0.7366151079257336
44,6,0.10,0.772657871772505
44,6,0.15,0.6987934942575305
44,6,0.20,0.6655817915710488
44,6,0.25,0.8243659581004317
44,6,0.30,0.6690371981137235
44,6,0.35,0.7417173380977173
44,6,0.40,0.9274231323814444
44,6,0.45,0.8536415440755567
44,6,0.50,0.7626646534344736
44,6,0.55,0.9600321830408906
44,6,0.60,0.9241682871168163
44,6,0.65,0.8790611507402969
44,6,0.70,0.838742680983268
44,6,0.75,0.9298837405146686
44,6,0.80,0.9232877614497099
44,6,0.85,0.910793228034334
44,6,0.90,0.8481471262366019
44,6,0.95,0.8132066816996489
44,7,0.05,0.8579014478126836
44,7,0.10,0.6610603111425448
44,7,0.15,0.8202342332020629
44,7,0.20,0.3158608330004471
44,7,0.25,0.6401000506236345
44,7,0.30,0.7411211648002696
44,7,0.35,0.8156411112729872
44,7,0.40,0.7817315913813185
44,7,0.45,0.908877691102433
44,7,0.50,0.9229943097787136
44,7,0.55,0.8913574306061928
44,7,0.60,0.737677335763633
44,7,0.65,0.937827023436532
44,7,0.70,0.9098441779882133
44,7,0.75,0.8604746392688901
44,7,0.80,0.9287525462060128
44,7,0.85,0.8421213079383432
44,7,0.90,0.843534710840496
44,7,0.95,0.9086430776197638
44,8,0.05,-0.6522614882488373
44,8,0.10,0.8752555329024482
44,8,0.15,0.7433368474105102
44,8,0.20,0.8202618944205099
44,8,0.25,0.7380607458406905
44,8,0.30,0.8624347564381298
44,8,0.35,0.879297547589446
44,8,0.40,0.8519210001473989
44,8,0.45,0.870092817082966
44,8,0.50,0.9534846241780408
44,8,0.55,0.9462111402176515
44,8,0.60,0.8655231900793396
44,8,0.65,0.8944671283235267
44,8,0.70,0.918438901680026
44,8,0.75,0.9370419339398055
44,8,0.80,0.9155674189602488
44,8,0.85,0.8817395813934545
44,8,0.90,0.8496064589539836
44,8,0.95,0.9346191688809747
44,9,0.05,0.7062701357718509
44,9,0.10,0.7029963326541073
44,9,0.15,0.3346935959211881
44,9,0.20,0.83602698068401
44,9,0.25,0.8279059072451833
44,9,0.30,0.958937417277941
44,9,0.35,0.7895346531394924
44,9,0.40,0.9037831169932832
44,9,0.45,0.8437880161726199
44,9,0.50,0.8309010480415203
44,9,0.55,0.9027476436131863
44,9,0.60,0.8866827094218727
44,9,0.65,0.8253748730227207
44,9,0.70,0.8980417280333444
44,9,0.75,0.9075940843360707
44,9,0.80,0.9149811614141885
44,9,0.85,0.903249294209858
44,9,0.90,0.9145463017509227
44,9,0.95,0.905591871387786
45,0,0.05,0.4617373585442899
45,0,0.10,0.753481532199979
45,0,0.15,0.5297231788620932
45,0,0.20,0.8604706940055693
45,0,0.25,0.8271405114886172
45,0,0.30,0.9319575535467435
45,0,0.35,0.9261884738427427
45,0,0.40,0.9279847412078966
45,0,0.45,0.9374258578765828
45,0,0.50,0.8403136299832544
45,0,0.55,0.900872808593373
45,0,0.60,0.9696144513723032
45,0,0.65,0.8656320024466782
45,0,0.70,0.8859673328343832
45,0,0.75,0.9577094046975823
45,0,0.80,0.9247125537238284
45,0,0.85,0.926302414023525
45,0,0.90,0.8951757165254901
45,0,0.95,0.8831204945378627
45,1,0.05,-0.6900857783516181
45,1,0.10,0.5714038616131876
45,1,0.15,0.709381515277796
45,1,0.20,0.8697970002017843
45,1,0.25,0.7230939503795154
45,1,0.30,0.9302023228855252
45,1,0.35,0.7732716062009222
45,1,0.40,0.9522962806595314
45,1,0.45,0.9255273222379614
45,1,0.50,0.8254376399046044
45,1,0.55,0.8037206417595375
45,1,0.60,0.9515862948225878
45,1,0.65,0.9262962320984904
45,1,0.70,0.9161146764336153
45,1,0.75,0.9520059794861248
45,1,0.80,0.8970026375839073
45,1,0.85,0.8816327198740951
45,1,0.90,0.9393131999095413
45,1,0.95,0.9132802566150705
45,2,0.05,0.9252953697252158
45,2,0.10,0.37019181075545027
45,2,0.15,0.886010319400111
45,2,0.20,0.5605042908131723
45,2,0.25,0.9335574778559566
45,2,0.30,0.8555396684601693
45,2,0.35,0.8389008669266371
45,2,0.40,0.9038340819094317
45,2,0.45,0.824832155858293
45,2,0.50,0.8487797608173677
45,2,0.55,0.9403005151400947
45,2,0.60,0.8876064554539709
45,2,0.65,0.8569435896587294
45,2,0.70,0.950585855597329
45,2,0.75,0.8651481682878716
45,2,0.80,0.9300396420523531
45,2,0.85,0.9334886869920737
45,2,0.90,0.915795225331106
45,2,0.95,0.9161304110919081
45,3,0.05,0.22553855934284506
45,3,0.10,0.4267016291677167
45,3,0.15,0.9038782007882725
45,3,0.20,0.8823754268886612
45,3,0.25,0.8948906084548407
45,3,0.30,0.8183108072170953
45,3,0.35,0.7547027592357838
45,3,0.40,0.9353661070292767
45,3,0.45,0.8568773113325192
45,3,0.50,0.8581326817100187
45,3,0.55,0.9103442295849724
45,3,0.60,0.872936029478093
45,3,0.65,0.923367447361423
45,3,0.70,0.8753940618620915
45,3,0.75,0.9235263616339824
45,3,0.80,0.9328946971924508
45,3,0.85,0.9136622881152767
45,3,0.90,0.807279994401894
45,3,0.95,0.909645403472798
45,4,0.05,-0.10710195797883704
45,4,0.10,0.7684648458013645
45,4,0.15,0.7743942470565672
45,4,0.20,0.6734148650208347
45,4,0.25,0.88748593300267
45,4,0.30,0.897768211632315
45,4,0.35,0.7894285522147741
45,4,0.40,0.9586954844149211
45,4,0.45,0.8671797405761281
45,4,0.50,0.9031078583177861
45,4,0.55,0.8537446001972515
45,4,0.60,0.8299203972067444
45,4,0.65,0.8830739563011499
45,4,0.70,0.9334036408525631
45,4,0.75,0.9472703010912658
45,4,0.80,0.9216092932108577
45,4,0.85,0.9447807064506476
45,4,0.90,0.929219577306484
45,4,0.95,0.9218352235840543
45,5,0.05,0.3875195555134149
45,5,0.10,0.9063649317773754
45,5,0.15,0.4829056602977738
45,5,0.20,0.8928599387477633
45,5,0.25,0.9085424061247989
45,5,0.30,0.7812658290847323
45,5,0.35,0.7999847113698197
45,5,0.40,0.8275406821302261
45,5,0.45,0.866447894079108
45,5,0.50,0.8138844090600942
45,5,0.55,0.8230355101376869
45,5,0.60,0.8750313571154991
45,5,0.65,0.8849135126942365
45,5,0.70,0.837018751783936
45,5,0.75,0.8708604102492565
45,5,0.80,0.9024648758319155
45,5,0.85,0.9536736751132565
45,5,0.90,0.8928586645781096
45,5,0.95,0.8705745951578732
45,6,0.05,0.9696396166856189
45,6,0.10,0.24596086755518132
45,6,0.15,0.27360653012356406
45,6,0.20,0.8169466493659929
45,6,0.25,0.6885089929618222
45,6,0.30,0.7564992308865234
45,6,0.35,0.9482382932864587
45,6,0.40,0.8690237832266228
45,6,0.45,0.8574912182423733
45,6,0.50,0.8389271179637121
45,6,0.55,0.9289217488760889
45,6,0.60,0.8833023716119971
45,6,0.65,0.9470174636758896
45,6,0.70,0.8415282242934558
45,6,0.75,0.8765802586873557
45,6,0.80,0.9233846325652049
45,6,0.85,0.8013495812353697
45,6,0.90,0.7852464037068143
45,6,0.95,0.9008677886393324
45,7,0.05,0.9154486118760926
45,7,0.10,0.5941423039101976
45,7,0.15,0.6391586386504065
45,7,0.20,0.6710912702662042
45,7,0.25,0.9144142215441515
45,7,0.30,0.9287700042398028
45,7,0.35,0.883550007413897
45,7,0.40,0.7904102576062352
45,7,0.45,0.8145772051359124
45,7,0.50,0.8497023257523771
45,7,0.55,0.8792915749331203
45,7,0.60,0.8739157114608544
45,7,0.65,0.8495514438563607
45,7,0.70,0.9188214140274236
45,7,0.75,0.9066862124976663
45,7,0.80,0.8684646229566876
45,7,0.85,0.9392635805810132
45,7,0.90,0.9258912826366138
45,7,0.95,0.8631013972503543
45,8,0.05,0.6243715783934386
45,8,0.10,0.3380443750777189
45,8,0.15,0.5616510357978011
45,8,0.20,0.8656518727866213
45,8,0.25,0.678809275851078
45,8,0.30,0.9253093754123956
45,8,0.35,0.9004975764531463
45,8,0.40,0.7980171830852449
45,8,0.45,0.8394791853118088
45,8,0.50,0.8386611697188093
45,8,0.55,0.8257876824562498
45,8,0.60,0.9257773911145465
45,8,0.65,0.7948307394188534
45,8,0.70,0.9059694009009434
45,8,0.75,0.9133541457106085
45,8,0.80,0.8836488662419701
45,8,0.85,0.9703858513064407
45,8,0.90,0.9042768291992948
45,8,0.95,0.8807444045797126
45,9,0.05,0.40101993450953743
45,9,0.10,0.7292278631727129
45,9,0.15,0.5514253735786926
45,9,0.20,0.9152667650512882
45,9,0.25,0.8282722961660299
45,9,0.30,0.7612313161256415
45,9,0.35,0.9333353568375952
45,9,0.40,0.886036417553224
45,9,0.45,0.8632554650052161
45,9,0.50,0.9356429230181482
45,9,0.55,0.8700508843174909
45,9,0.60,0.8857921020696342
45,9,0.65,0.8905752511160638
45,9,0.70,0.8952514640108299
45,9,0.75,0.9068802782251473
45,9,0.80,0.9444834305880058
45,9,0.85,0.9312804965013964
45,9,0.90,0.9313082161934075
45,9,0.95,0.8350934382162049
46,0,0.05,-0.3461733664530311
46,0,0.10,0.9115097424966316
46,0,0.15,0.8774984880415844
46,0,0.20,0.9115007062262122
46,0,0.25,0.8264962975287155
46,0,0.30,0.8751760159459744
46,0,0.35,0.765280691442853
46,0,0.40,0.9210783286029857
46,0,0.45,0.8445952801042804
46,0,0.50,0.9002500320016011
46,0,0.55,0.9339805966034339
46,0,0.60,0.9410198170263441
46,0,0.65,0.81933729745678
46,0,0.70,0.8645311050614448
46,0,0.75,0.8371332471724966
46,0,0.80,0.9382360800680897
46,0,0.85,0.8424731772420329
46,0,0.90,0.8919471013355876
46,0,0.95,0.9210735750661625
46,1,0.05,0.1320818150917532
46,1,0.10,0.8001930340195473
46,1,0.15,0.8738048142681006
46,1,0.20,0.8567288848065514
46,1,0.25,0.812319750014055
46,1,0.30,0.8007386775831069
46,1,0.35,0.9319432450363836
46,1,0.40,0.9036723788738455
46,1,0.45,0.8834251203616026
46,1,0.50,0.85360003430294
46,1,0.55,0.9128599277227362
46,1,0.60,0.8657686636555452
46,1,0.65,0.944217795396094
46,1,0.70,0.9394045070371996
46,1,0.75,0.8502263272712598
46,1,0.80,0.8294244408532793
46,1,0.85,0.9007476922608846
46,1,0.90,0.9389746440877701
46,1,0.95,0.8947026313000905
46,2,0.05,-1.437290798125221
46,2,0.10,0.7210622589064243
46,2,0.15,0.5339927937648514
46,2,0.20,0.8535289186608908
46,2,0.25,0.7752871301895661
46,2,0.30,0.8188696385073797
46,2,0.35,0.9301288750682895
46,2,0.40,0.9127769152362466
46,2,0.45,0.9397333063362314
46,2,0.50,0.8849155722458931
46,2,0.55,0.8412265050401845
46,2,0.60,0.8727531179412458
46,2,0.65,0.7884128189466926
46,2,0.70,0.8729888712004691
46,2,0.75,0.9080576101485667
46,2,0.80,0.9594538842409825
46,2,0.85,0.9356449638639605
46,2,0.90,0.808770361713852
46,2,0.95,0.868610766642747
46,3,0.05,-0.7867789958341467
46,3,0.10,0.7286112533694122
46,3,0.15,0.7339315476882556
46,3,0.20,0.8636570926047467
46,3,0.25,0.8168984380680342
46,3,0.30,0.8497974274732931
46,3,0.35,0.8561168549496396
46,3,0.40,0.6051962430962885
46,3,0.45,0.9383188995261219
46,3,0.50,0.9148875498103568
46,3,0.55,0.9021711065973226
46,3,0.60,0.9336764262453277
46,3,0.65,0.9319157346070023
46,3,0.70,0.8981172861142135
46,3,0.75,0.9117648336848739
46,3,0.80,0.8811503724038441
46,3,0.85,0.8992939401578777
46,3,0.90,0.8656246098496359
46,3,0.95,0.9150930527494997
46,4,0.05,0.1561549740293372
46,4,0.10,0.4513562969423338
46,4,0.15,0.699683876000287
46,4,0.20,0.859776608768314
46,4,0.25,0.9304830269447156
46,4,0.30,0.5902145423723917
46,4,0.35,0.8874888122380502
46,4,0.40,0.9557515376867205
46,4,0.45,0.8999771143607813
46,4,0.50,0.9076827699257097
46,4,0.55,0.9358012405541828
46,4,0.60,0.9086710872321939
46,4,0.65,0.8952518066468661
46,4,0.70,0.8850451527907841
46,4,0.75,0.8859377802645362
46,4,0.80,0.8659544703403258
46,4,0.85,0.7875033585044231
46,4,0.90,0.9409604160869611
46,4,0.95,0.9130194682158356
46,5,0.05,0.10039262953216466
46,5,0.10,0.7511993700774722
46,5,0.15,0.5687972775153984
46,5,0.20,0.8270971545570295
46,5,0.25,0.9262292389929052
46,5,0.30,0.8192946484081625
46,5,0.35,0.8467439219682702
46,5,0.40,0.9085131854682635
46,5,0.45,0.822486867684686
46,5,0.50,0.8953166804122962
46,5,0.55,0.8941094621979857
46,5,0.60,0.9118743218630291
46,5,0.65,0.912529655752029
46,5,0.70,0.9684355407472349
46,5,0.75,0.8618023355921283
46,5,0.80,0.9029108715980854
46,5,0.85,0.9478560172572488
46,5,0.90,0.9603756606293254
46,5,0.95,0.8990802061146969
46,6,0.05,-1.0296854186779445
46,6,0.10,0.7987620040034386
46,6,0.15,0.5411092661521465
46,6,0.20,0.8473164913308759
46,6,0.25,0.9143115611111723
46,6,0.30,0.9630084171175969
46,6,0.35,0.8441458872131599
46,6,0.40,0.900758876330109
46,6,0.45,0.8778104363808416
46,6,0.50,0.8552838111071364
46,6,0.55,0.8124398698554047
46,6,0.60,0.8804039935849095
46,6,0.65,0.8994762007703025
46,6,0.70,0.8991568020339432
46,6,0.75,0.8721054840768436
46,6,0.80,0.8886690883554407
46,6,0.85,0.9424870536827267
46,6,0.90,0.8902628325500315
46,6,0.95,0.88123133218331
46,7,0.05,0.739369478701392
46,7,0.10,0.9216624052947127
46,7,0.15,0.8799985804177544
46,7,0.20,0.9247162013844262
46,7,0.25,0.7435407791234308
46,7,0.30,0.8789932304528247
46,7,0.35,0.9423457378858655
46,7,0.40,0.9012035704654471
46,7,0.45,0.8816361711358861
46,7,0.50,0.8550004725513057
46,7,0.55,0.9315624638608913
46,7,0.60,0.9092369004766833
46,7,0.65,0.9328152552127363
46,7,0.70,0.9244009185629766
46,7,0.75,0.8734211609182461
46,7,0.80,0.910742556905079
46,7,0.85,0.7669914884616531
46,7,0.90,0.8955448297188875
46,7,0.95,0.9216519224726998
46,8,0.05,-0.3433558912198176
46,8,0.10,0.954230957239449
46,8,0.15,0.864179148699664
46,8,0.20,0.8207057021477769
46,8,0.25,0.8859370892465069
46,8,0.30,0.8385338294806903
46,8,0.35,0.8474298701946167
46,8,0.40,0.8988007684608116
46,8,0.45,0.8848713174174443
46,8,0.50,0.9412250567671021
46,8,0.55,0.9261960164288595
46,8,0.60,0.8578464050012369
46,8,0.65,0.8556412364944057
46,8,0.70,0.9397861856703407
46,8,0.75,0.9432069083518321
46,8,0.80,0.8576308055373897
46,8,0.85,0.946676708794156
46,8,0.90,0.8069243299364313
46,8,0.95,0.9167726892993032
46,9,0.05,-0.06458545937832971
46,9,0.10,0.4625732811208253
46,9,0.15,0.7383257073851808
46,9,0.20,0.8028450365149302
46,9,0.25,0.9028102660235678
46,9,0.30,0.8864268994553631
46,9,0.35,0.6247869580586705
46,9,0.40,0.8155677720236714
46,9,0.45,0.8175752453716563
46,9,0.50,0.9121388630827865
46,9,0.55,0.9437301205212429
46,9,0.60,0.8659074019329477
46,9,0.65,0.8367871996251075
46,9,0.70,0.8575582364083507
46,9,0.75,0.889063097998112
46,9,0.80,0.9489101522874772
46,9,0.85,0.8459163838146438
46,9,0.90,0.8397497682106991
46,9,0.95,0.9069556281837188
47,0,0.05,0.8632732066097382
47,0,0.10,0.1708085796896569
47,0,0.15,0.9485914323591698
47,0,0.20,0.8775091930856349
47,0,0.25,0.8450360731561676
47,0,0.30,0.9482160947498697
47,0,0.35,0.8896773448599857
47,0,0.40,0.9343550828407877
47,0,0.45,0.7800565503193932
47,0,0.50,0.958035693153609
47,0,0.55,0.9073278768219397
47,0,0.60,0.7909913140484007
47,0,0.65,0.8109995556594587
47,0,0.70,0.9004999392065299
47,0,0.75,0.8730730641860249
47,0,0.80,0.8962693842735078
47,0,0.85,0.9128307667858346
47,0,0.90,0.917556349662678
47,0,0.95,0.940677494910195
47,1,0.05,-0.6832007145108736
47,1,0.10,0.4538517031888991
47,1,0.15,0.8535336616982004
47,1,0.20,0.9182577807726175
47,1,0.25,0.9510603405870371
47,1,0.30,0.9552094747565892
47,1,0.35,0.913292749706407
47,1,0.40,0.9335268713958957
47,1,0.45,0.9176800793766564
47,1,0.50,0.9229067800635129
47,1,0.55,0.9215235206657317
47,1,0.60,0.9242352998393335
47,1,0.65,0.7618348591368423
47,1,0.70,0.9275658733631527
47,1,0.75,0.8551225020261634
47,1,0.80,0.9449183931244137
47,1,0.85,0.8614500081167783
47,1,0.90,0.8446199570615858
47,1,0.95,0.9283708808109477
47,2,0.05,0.021434450174587005
47,2,0.10,0.6047947341472899
47,2,0.15,0.7708643863663355
47,2,0.20,0.9172841421594585
47,2,0.25,0.8216311895024183
47,2,0.30,0.9096909563399647
47,2,0.35,0.9237481695059698
47,2,0.40,0.9421261109724
47,2,0.45,0.8896530291123484
47,2,0.50,0.9400287180039575
47,2,0.55,0.8872285563671916
47,2,0.60,0.8167956972076564
47,2,0.65,0.9228110724355868
47,2,0.70,0.9481647748401539
47,2,0.75,0.9500385841851438
47,2,0.80,0.9153713195468088
47,2,0.85,0.9062180746496473
47,2,0.90,0.8918534249781722
47,2,0.95,0.857890095542856
47,3,0.05,0.9276094728656719
47,3,0.10,0.6091897924423972
47,3,0.15,0.9079319567275848
47,3,0.20,0.9765746668637506
47,3,0.25,0.8589974242565709
47,3,0.30,0.8812969280244423
47,3,0.35,0.9252193094165082
47,3,0.40,0.7768852199168472
47,3,0.45,0.9633364256898286
47,3,0.50,0.9413061786510353
47,3,0.55,0.8485362963172481
47,3,0.60,0.853604618112194
47,3,0.65,0.8609881241679768
47,3,0.70,0.9078366676254882
47,3,0.75,0.916887397495946
47,3,0.80,0.906284319892898
47,3,0.85,0.9192555477643098
47,3,0.90,0.9242196775891095
47,3,0.95,0.9029098818211729
47,4,0.05,0.7740514333706495
47,4,0.10,0.8994175360661176
47,4,0.15,0.887411981714088
47,4,0.20,0.8674488994819792
47,4,0.25,0.6920077672507716
47,4,0.30,0.9138024253169416
47,4,0.35,0.9286646361273492
47,4,0.40,0.8765860243901653
47,4,0.45,0.9383664409445138
47,4,0.50,0.8693482369477092
47,4,0.55,0.929217375807732
47,4,0.60,0.8661733320669494
47,4,0.65,0.870396441643805
47,4,0.70,0.9171135189876412
47,4,0.75,0.9238799963343837
47,4,0.80,0.8918431481396776
47,4,0.85,0.8864330457172624
47,4,0.90,0.8967642571162494
47,4,0.95,0.891985794558194
47,5,0.05,-0.7805289857882083
47,5,0.10,0.8227966612867061
47,5,0.15,0.7462496625028632
47,5,0.20,0.9600100200278748
47,5,0.25,0.6883579248989744
47,5,0.30,0.8397386475719595
47,5,0.35,0.9250134377156776
47,5,0.40,0.9688990278626807
47,5,0.45,0.9005698641214585
47,5,0.50,0.8443225632501978
47,5,0.55,0.8518649662203526
47,5,0.60,0.7892931960839775
47,5,0.65,0.9310961728880488
47,5,0.70,0.9346560078369648
47,5,0.75,0.8686742109316204
47,5,0.80,0.8721218985173476
47,5,0.85,0.929840204335808
47,5,0.90,0.8930986187435106
47,5,0.95,0.9029068216936897
47,6,0.05,0.49015296418080434
47,6,0.10,0.8272766955780746
47,6,0.15,0.8803536547203369
47,6,0.20,0.9624800523735736
47,6,0.25,0.8213587740778878
47,6,0.30,0.9311769943820006
47,6,0.35,0.9169770622029196
47,6,0.40,0.9246553017108609
47,6,0.45,0.9405561103516393
47,6,0.50,0.8851918306049522
47,6,0.55,0.9008694013867276
47,6,0.60,0.9257129950391798
47,6,0.65,0.917996568526218
47,6,0.70,0.9511215704500201
47,6,0.75,0.9365733993872977
47,6,0.80,0.8980144657277518
47,6,0.85,0.8966444785727409
47,6,0.90,0.9310668088361436
47,6,0.95,0.9077411439357255
47,7,0.05,0.9591328379320935
47,7,0.10,0.6155020065550739
47,7,0.15,0.984055505915373
47,7,0.20,0.9009740494937951
47,7,0.25,0.825537680236123
47,7,0.30,0.8265234641948427
47,7,0.35,0.9484768935357686
47,7,0.40,0.9165755973280837
47,7,0.45,0.9251049996662848
47,7,0.50,0.9101655738771428
47,7,0.55,0.9821624279968022
47,7,0.60,0.883522297876752
47,7,0.65,0.9644473395315856
47,7,0.70,0.9016217766006994
47,7,0.75,0.9126812423035595
47,7,0.80,0.8820697562628609
47,7,0.85,0.8709675376434234
47,7,0.90,0.9080735541062714
47,7,0.95,0.9374081262550975
47,8,0.05,-0.3880310189469063
47,8,0.10,0.9388128283981965
47,8,0.15,0.7849488509463527
47,8,0.20,0.9329601443886331
47,8,0.25,0.8577674541770725
47,8,0.30,0.9498129664789703
47,8,0.35,0.917275386764465
47,8,0.40,0.9170811302523264
47,8,0.45,0.969703823219288
47,8,0.50,0.9391081912639406
47,8,0.55,0.8196754315421143
47,8,0.60,0.8788348639872697
47,8,0.65,0.9572834605437565
47,8,0.70,0.8981660027326103
47,8,0.75,0.8893309817421363
47,8,0.80,0.8137995997658071
47,8,0.85,0.8269105546376112
47,8,0.90,0.8459982434310102
47,8,0.95,0.9220052296263167
47,9,0.05,0.9787740844047291
47,9,0.10,0.9184757070270201
47,9,0.15,0.8377085063269816
47,9,0.20,0.9501046798912868
47,9,0.25,0.7811679177602711
47,9,0.30,0.9654354690874438
47,9,0.35,0.9322309249918516
47,9,0.40,0.9147149169464108
47,9,0.45,0.943775149845777
47,9,0.50,0.767526032865441
47,9,0.55,0.9279993561415232
47,9,0.60,0.9325729157962885
47,9,0.65,0.8839148554733178
47,9,0.70,0.932569608257456
47,9,0.75,0.90953514068866
47,9,0.80,0.9250472012779108
47,9,0.85,0.9474632621246648
47,9,0.90,0.9083870990069285
47,9,0.95,0.8429512230135978
48,0,0.05,0.5645788391653194
48,0,0.10,0.9828876351431838
48,0,0.15,0.545644763955458
48,0,0.20,0.5754371845447184
48,0,0.25,0.6254060927919447
48,0,0.30,0.7644121391924508
48,0,0.35,0.8289289537040927
48,0,0.40,0.8855042026832745
48,0,0.45,0.8550895214323639
48,0,0.50,0.7928852466988403
48,0,0.55,0.8425187970184249
48,0,0.60,0.882857829885225
48,0,0.65,0.9056025793544304
48,0,0.70,0.9225573496279198
48,0,0.75,0.8847898468091693
48,0,0.80,0.9182250899575843
48,0,0.85,0.9285641675759251
48,0,0.90,0.9003553811703667
48,0,0.95,0.8286039676970846
48,1,0.05,0.9630488681811161
48,1,0.10,0.8925017052413459
48,1,0.15,0.9707720650601256
48,1,0.20,0.7716353960494386
48,1,0.25,0.8697251602373004
48,1,0.30,0.8362700938777075
48,1,0.35,0.9105565431679424
48,1,0.40,0.8888726938908881
48,1,0.45,0.9367029380822912
48,1,0.50,0.8669487980723023
48,1,0.55,0.9340719886429506
48,1,0.60,0.8913795672891808
48,1,0.65,0.9130452623216727
48,1,0.70,0.8833820084683002
48,1,0.75,0.9410796577780554
48,1,0.80,0.8929321247469559
48,1,0.85,0.9201879117130508
48,1,0.90,0.8000661588196156
48,1,0.95,0.867267216331982
48,2,0.05,0.9571565138277506
48,2,0.10,0.9316623789666268
48,2,0.15,0.9270345799637236
48,2,0.20,0.8790461254197096
48,2,0.25,0.6778023589163586
48,2,0.30,0.9212310820800467
48,2,0.35,0.7207749982243036
48,2,0.40,0.7878094074758639
48,2,0.45,0.9226737125530824
48,2,0.50,0.809200627076776
48,2,0.55,0.8792531906752832
48,2,0.60,0.8715493789296982
48,2,0.65,0.9559968090242033
48,2,0.70,0.8993267167308325
48,2,0.75,0.9347332414900797
48,2,0.80,0.8928028838059984
48,2,0.85,0.933532158746223
48,2,0.90,0.8163123254161785
48,2,0.95,0.8666714944397584
48,3,0.05,0.9199284974791615
48,3,0.10,0.8694697032122969
48,3,0.15,0.807640390724921
48,3,0.20,0.9606485005823353
48,3,0.25,0.7817968117162402
48,3,0.30,0.8574427226131154
48,3,0.35,0.9469043406255694
48,3,0.40,0.8607075089886133
48,3,0.45,0.8110820633287751
48,3,0.50,0.9123429552490931
48,3,0.55,0.8176013457235013
48,3,0.60,0.8679163172312632
48,3,0.65,0.7940783473104118
48,3,0.70,0.8576878720440648
48,3,0.75,0.8304814144327981
48,3,0.80,0.9174763262121439
48,3,0.85,0.8657984147136665
48,3,0.90,0.8291752627218787
48,3,0.95,0.924634078506367
48,4,0.05,0.8390505674760231
48,4,0.10,0.8804065041994896
48,4,0.15,0.6970640366626476
48,4,0.20,0.5012324157810364
48,4,0.25,0.7188666056781087
48,4,0.30,0.6862276424077576
48,4,0.35,0.9121071002110237
48,4,0.40,0.9177079283058989
48,4,0.45,0.9225388600592371
48,4,0.50,0.9067309431492945
48,4,0.55,0.7579229186202929
48,4,0.60,0.9023540643878556
48,4,0.65,0.9170913336509594
48,4,0.70,0.8834572401196678
48,4,0.75,0.9242603806091444
48,4,0.80,0.9445456313993683
48,4,0.85,0.9196391380745891
48,4,0.90,0.9229175605543313
48,4,0.95,0.8116619191323291
48,5,0.05,0.8478438952294559
48,5,0.10,0.5752872755992371
48,5,0.15,0.911642859022953
48,5,0.20,0.875065872965576
48,5,0.25,0.5822747248016513
48,5,0.30,0.6933917057788095
48,5,0.35,0.6613567182693807
48,5,0.40,0.8034978327025323
48,5,0.45,0.7928623516583401
48,5,0.50,0.9655065971872865
48,5,0.55,0.9024329367460532
48,5,0.60,0.9022508876328924
48,5,0.65,0.9296338397144559
48,5,0.70,0.8984027095093994
48,5,0.75,0.8861384077541999
48,5,0.80,0.9079086591338739
48,5,0.85,0.9420212409442694
48,5,0.90,0.9184377606022004
48,5,0.95,0.8483460423409802
48,6,0.05,0.9112928163005337
48,6,0.10,0.9170251370485264
48,6,0.15,0.41165422644034355
48,6,0.20,0.7901659794585585
48,6,0.25,0.7314422704146107
48,6,0.30,0.5891940210886559
48,6,0.35,0.7283148021015189
48,6,0.40,0.9334175431065201
48,6,0.45,0.8265790041531808
48,6,0.50,0.8925087869779991
48,6,0.55,0.9520467305904478
48,6,0.60,0.9165723297377607
48,6,0.65,0.8857451376853842
48,6,0.70,0.9125880332029856
48,6,0.75,0.9036294168070259
48,6,0.80,0.9385117383422467
48,6,0.85,0.9096435478456605
48,6,0.90,0.9051361979580773
48,6,0.95,0.9100512308204738
48,7,0.05,0.5782187604668653
48,7,0.10,0.8839780623912611
48,7,0.15,0.6289089833544216
48,7,0.20,0.6097566562989796
48,7,0.25,0.7742310186201546
48,7,0.30,0.811972183782177
48,7,0.35,0.9113252845515759
48,7,0.40,0.9216019226952983
48,7,0.45,0.9239357128861962
48,7,0.50,0.8277566160552339
48,7,0.55,0.8840010925574875
48,7,0.60,0.8401834227974186
48,7,0.65,0.9369561750535854
48,7,0.70,0.8831307439872306
48,7,0.75,0.9243804769135954
48,7,0.80,0.9423253788362315
48,7,0.85,0.8475328365598722
48,7,0.90,0.9244457355124625
48,7,0.95,0.8791115118690994
48,8,0.05,0.9032629971300764
48,8,0.10,0.4321565987086401
48,8,0.15,0.8218116723118423
48,8,0.20,0.7713008432789498
48,8,0.25,0.7643101109754141
48,8,0.30,0.9240177044289544
48,8,0.35,0.8472809093802105
48,8,0.40,0.8154709719242658
48,8,0.45,0.8477720162852052
48,8,0.50,0.8304255441684882
48,8,0.55,0.9399079923024624
48,8,0.60,0.9338067592243192
48,8,0.65,0.9162931463854752
48,8,0.70,0.9046909230810419
48,8,0.75,0.908317144836451
48,8,0.80,0.9076602656117401
48,8,0.85,0.9649471088939338
48,8,0.90,0.8161613288581313
48,8,0.95,0.8689867595500811
48,9,0.05,0.6388809922165228
48,9,0.10,0.4933218603295535
48,9,0.15,0.4243380826829969
48,9,0.20,0.8759688585773671
48,9,0.25,0.7707581087178886
48,9,0.30,0.7920429023984349
48,9,0.35,0.9157829999062103
48,9,0.40,0.744608457182567
48,9,0.45,0.8222536443916781
48,9,0.50,0.844566677408632
48,9,0.55,0.8190390755759657
48,9,0.60,0.9508521730193387
48,9,0.65,0.8908442799306201
48,9,0.70,0.8588498679524693
48,9,0.75,0.8906148618179905
48,9,0.80,0.9235091414097564
48,9,0.85,0.919600476847986
48,9,0.90,0.8882089375302574
48,9,0.95,0.9480651465355893
49,0,0.05,0.9209189984123461
49,0,0.10,0.8387027510762917
49,0,0.15,0.6258152168877764
49,0,0.20,0.8402695921238773
49,0,0.25,0.7962277990548432
49,0,0.30,0.9201576550240194
49,0,0.35,0.8080037053794584
49,0,0.40,0.7182706696885955
49,0,0.45,0.8544418159422361
49,0,0.50,0.7909234897856867
49,0,0.55,0.8739097049198314
49,0,0.60,0.8088609164490868
49,0,0.65,0.9114523071496085
49,0,0.70,0.8742745752611334
49,0,0.75,0.827991075436066
49,0,0.80,0.7663294062208823
49,0,0.85,0.8829435909938792
49,0,0.90,0.8864014456997317
49,0,0.95,0.863889415808654
49,1,0.05,0.6737970482637232
49,1,0.10,0.8854930746634314
49,1,0.15,0.6930049633911007
49,1,0.20,0.9050314482890833
49,1,0.25,0.8635719385840769
49,1,0.30,0.927350448102701
49,1,0.35,0.8916192529063579
49,1,0.40,0.8715621070980507
49,1,0.45,0.8098199472657518
49,1,0.50,0.8387922329783496
49,1,0.55,0.7765404022579705
49,1,0.60,0.796117987095002
49,1,0.65,0.9175505725738646
49,1,0.70,0.8448587469002805
49,1,0.75,0.9146899621404376
49,1,0.80,0.9262252444802422
49,1,0.85,0.8680648902859079
49,1,0.90,0.8730766162932033
49,1,0.95,0.8318805804021534
49,2,0.05,-0.3045730202501815
49,2,0.10,0.8623518594065624
49,2,0.15,0.6907094886068589
49,2,0.20,0.8601864662658104
49,2,0.25,0.6448885534068018
49,2,0.30,0.7643600687831047
49,2,0.35,0.7991008769523751
49,2,0.40,0.947249533941792
49,2,0.45,0.8546090820031478
49,2,0.50,0.8166030100321743
49,2,0.55,0.8626102127232098
49,2,0.60,0.8707798317305656
49,2,0.65,0.9112841957425193
49,2,0.70,0.8803690465448594
49,2,0.75,0.8099445211927239
49,2,0.80,0.8122954621089986
49,2,0.85,0.9032647163680212
49,2,0.90,0.8552514368795762
49,2,0.95,0.9244891126341234
49,3,0.05,-3.1561665001032306
49,3,0.10,0.7296378503391165
49,3,0.15,0.7683854176706383
49,3,0.20,0.886024931501056
49,3,0.25,0.8415554861741371
49,3,0.30,0.8901291702472859
49,3,0.35,0.7515685469146312
49,3,0.40,0.643579956803453
49,3,0.45,0.7076904033157085
49,3,0.50,0.8529681852383819
49,3,0.55,0.8377525282141433
49,3,0.60,0.8659665934941119
49,3,0.65,0.8954217357254152
49,3,0.70,0.8960788738675936
49,3,0.75,0.9372486261123772
49,3,0.80,0.903421482384968
49,3,0.85,0.9332231118844418
49,3,0.90,0.7993883916832825
49,3,0.95,0.9434040783127781
49,4,0.05,0.9324385562934208
49,4,0.10,0.8642585200471264
49,4,0.15,0.5279889712413255
49,4,0.20,0.7999439802511374
49,4,0.25,0.7440292158456556
49,4,0.30,0.8948808051035779
49,4,0.35,0.7678615111926909
49,4,0.40,0.8705837025222528
49,4,0.45,0.8361146356557608
49,4,0.50,0.9340654989639274
49,4,0.55,0.8928411528162293
49,4,0.60,0.9461153468429052
49,4,0.65,0.9058032359352547
49,4,0.70,0.8665838949571802
49,4,0.75,0.8725524200105463
49,4,0.80,0.9110285072647937
49,4,0.85,0.8905821652430783
49,4,0.90,0.9282729446325914
49,4,0.95,0.7070273161740884
49,5,0.05,0.9655845227463885
49,5,0.10,0.8584015284365688
49,5,0.15,0.8101005777927693
49,5,0.20,0.8428205153337546
49,5,0.25,0.7584693803398
49,5,0.30,0.9383587244712986
49,5,0.35,0.8429595161911946
49,5,0.40,0.9538103118237298
49,5,0.45,0.944973066906203
49,5,0.50,0.8857665895164114
49,5,0.55,0.8722639259608546
49,5,0.60,0.924004248228558
49,5,0.65,0.9001798560117495
49,5,0.70,0.9189605621491314
49,5,0.75,0.9040283293013269
49,5,0.80,0.8875960434361615
49,5,0.85,0.9280279078939869
49,5,0.90,0.8999292325669073
49,5,0.95,0.8639702538292725
49,6,0.05,0.8728068668224875
49,6,0.10,0.9726726654890568
49,6,0.15,0.3682039417851417
49,6,0.20,0.8363744556878847
49,6,0.25,0.8531002692292011
49,6,0.30,0.9155664477691081
49,6,0.35,0.842673312572133
49,6,0.40,0.8944776704196127
49,6,0.45,0.8309129639080162
49,6,0.50,0.9012310622669968
49,6,0.55,0.8123502705012926
49,6,0.60,0.907550149272514
49,6,0.65,0.8427959410303972
49,6,0.70,0.9301152220687761
49,6,0.75,0.907165808872502
49,6,0.80,0.8139589596534819
49,6,0.85,0.8918386965606777
49,6,0.90,0.9260074597402784
49,6,0.95,0.9204704036290072
49,7,0.05,0.690664480940357
49,7,0.10,0.598044356616913
49,7,0.15,0.7610443689649601
49,7,0.20,0.9313513941398938
49,7,0.25,0.8837845396336353
49,7,0.30,0.583686422399827
49,7,0.35,0.8073290273954492
49,7,0.40,0.8876059861168956
49,7,0.45,0.8701142038070895
49,7,0.50,0.8448506769386276
49,7,0.55,0.7780766021633088
49,7,0.60,0.8983850633749962
49,7,0.65,0.8767285512734081
49,7,0.70,0.9195115546276834
49,7,0.75,0.8037622531604842
49,7,0.80,0.8621947925797178
49,7,0.85,0.8865605958672382
49,7,0.90,0.87086458191045
49,7,0.95,0.8487849086633719
49,8,0.05,0.257734148260403
49,8,0.10,0.9521032472214409
49,8,0.15,0.8665287780240021
49,8,0.20,0.8952296897261084
49,8,0.25,0.7989197910575753
49,8,0.30,0.7927435481621659
49,8,0.35,0.7644860947580603
49,8,0.40,0.9033004423165674
49,8,0.45,0.7858173160228686
49,8,0.50,0.8612277135932032
49,8,0.55,0.9243446339459227
49,8,0.60,0.8213025833726908
49,8,0.65,0.8699549506607982
49,8,0.70,0.8823336867049011
49,8,0.75,0.9185638458955464
49,8,0.80,0.9096466624646082
49,8,0.85,0.9105066258427712
49,8,0.90,0.9037048459089474
49,8,0.95,0.8728769575034923
49,9,0.05,0.7571189122904864
49,9,0.10,0.923126293417612
49,9,0.15,0.7946534026485028
49,9,0.20,0.9007785932877255
49,9,0.25,0.9055604377017863
49,9,0.30,0.8969597986260681
49,9,0.35,0.7121440887696426
49,9,0.40,0.8336605985749939
49,9,0.45,0.8038611360519852
49,9,0.50,0.8436986820249216
49,9,0.55,0.9290222858503132
49,9,0.60,0.8517365857983341
49,9,0.65,0.7685015297931108
49,9,0.70,0.8899447428992179
49,9,0.75,0.8829676553836824
49,9,0.80,0.9052058746972614
49,9,0.85,0.8563045784547735
49,9,0.90,0.8888300791295631
49,9,0.95,0.7967918275061818
50,0,0.05,-0.3273963729421965
50,0,0.10,0.462909047047546
50,0,0.15,0.8515491225455121
50,0,0.20,0.8352762346721312
50,0,0.25,0.9528437695662578
50,0,0.30,0.8041988187354376
50,0,0.35,0.5618502449069895
50,0,0.40,0.7571625926421
50,0,0.45,0.912990561447681
50,0,0.50,0.8581269909354918
50,0,0.55,0.8028202217720108
50,0,0.60,0.8447659394830157
50,0,0.65,0.8958731196767492
50,0,0.70,0.8797563365394446
50,0,0.75,0.856023293182798
50,0,0.80,0.8448229498198727
50,0,0.85,0.7882230201420755
50,0,0.90,0.8931577457777653
50,0,0.95,0.8307884709467579
50,1,0.05,0.2221599322641441
50,1,0.10,0.1771720648991575
50,1,0.15,0.7819692390002796
50,1,0.20,0.8443529673348212
50,1,0.25,0.7847648733542648
50,1,0.30,0.8558525143841536
50,1,0.35,0.9002008007075175
50,1,0.40,0.7420725672122521
50,1,0.45,0.8947817643790477
50,1,0.50,0.7897462997110855
50,1,0.55,0.8432064758649982
50,1,0.60,0.88646241484903
50,1,0.65,0.705274285654284
50,1,0.70,0.7717702609688921
50,1,0.75,0.8446687092633929
50,1,0.80,0.8886022620581852
50,1,0.85,0.8773533449272947
50,1,0.90,0.8279668750081648
50,1,0.95,0.9324617238074271
50,2,0.05,0.16518757474390822
50,2,0.10,0.8900638408339057
50,2,0.15,0.742506662552777
50,2,0.20,0.7284492293897319
50,2,0.25,0.3664858924060934
50,2,0.30,0.8971457612209924
50,2,0.35,0.8206165035551782
50,2,0.40,0.7665515797950164
50,2,0.45,0.9243007643841653
50,2,0.50,0.9004506419104703
50,2,0.55,0.884665725282952
50,2,0.60,0.8545186029198428
50,2,0.65,0.8510577470171339
50,2,0.70,0.8499783289747374
50,2,0.75,0.8014713312967154
50,2,0.80,0.852201810921324
50,2,0.85,0.7614718201476294
50,2,0.90,0.8923130450637462
50,2,0.95,0.8617074194837849
50,3,0.05,-11.010315856045827
50,3,0.10,0.7551309131199564
50,3,0.15,0.4073612856492108
50,3,0.20,0.15080504574163567
50,3,0.25,0.4636106918238676
50,3,0.30,0.9224661707820208
50,3,0.35,0.7162812686492199
50,3,0.40,0.9121754846343175
50,3,0.45,0.9313490705234126
50,3,0.50,0.85743153016665
50,3,0.55,0.864908171698396
50,3,0.60,0.8448183171397348
50,3,0.65,0.8123978061015319
50,3,0.70,0.8813741042689252
50,3,0.75,0.9373691099391921
50,3,0.80,0.8329169377744741
50,3,0.85,0.9357654508019742
50,3,0.90,0.8565841769003277
50,3,0.95,0.9080634392862261
50,4,0.05,-5.262246124871219
50,4,0.10,0.8099636707171786
50,4,0.15,0.611532930685796
50,4,0.20,0.7964960553191696
50,4,0.25,0.5330132461723764
50,4,0.30,0.8516424370685657
50,4,0.35,0.8352241807550493
50,4,0.40,0.8949191234158511
50,4,0.45,0.8041649781362455
50,4,0.50,0.9521608129705089
50,4,0.55,0.8573106664031269
50,4,0.60,0.834558489392732
50,4,0.65,0.7393445893565209
50,4,0.70,0.8312713267838735
50,4,0.75,0.809372134947287
50,4,0.80,0.8408304038306248
50,4,0.85,0.8617901632678956
50,4,0.90,0.9332201483644015
50,4,0.95,0.8452479031542928
50,5,0.05,0.7053759359801777
50,5,0.10,0.7618150754110522
50,5,0.15,0.5891305235775355
50,5,0.20,0.6439389553688355
50,5,0.25,0.7970717299384635
50,5,0.30,0.8497355598504996
50,5,0.35,0.8290342061307191
50,5,0.40,0.8156219473979386
50,5,0.45,0.8863136087502611
50,5,0.50,0.9524604985735166
50,5,0.55,0.8856192500900891
50,5,0.60,0.8270760810229516
50,5,0.65,0.926311202538457
50,5,0.70,0.8756550782043955
50,5,0.75,0.8829153446189126
50,5,0.80,0.9139506798965291
50,5,0.85,0.8273119735866488
50,5,0.90,0.8755974535595277
50,5,0.95,0.845476342763964
50,6,0.05,-0.25124070077362504
50,6,0.10,0.18873298277112882
50,6,0.15,0.714949725264499
50,6,0.20,0.9037262342273373
50,6,0.25,0.7612796966443245
50,6,0.30,0.5030076269602453
50,6,0.35,0.8909285161453206
50,6,0.40,0.8234626468247442
50,6,0.45,0.913600595201652
50,6,0.50,0.784720306600243
50,6,0.55,0.8013431996225632
50,6,0.60,0.7661689312851595
50,6,0.65,0.8833985425508052
50,6,0.70,0.9020270327715778
50,6,0.75,0.959996945944439
50,6,0.80,0.8588795243852818
50,6,0.85,0.8566060398895939
50,6,0.90,0.9211123300421473
50,6,0.95,0.791696425017745
50,7,0.05,-0.4409461441422178
50,7,0.10,0.4744387373573159
50,7,0.15,0.8529352911572458
50,7,0.20,0.5429536600304758
50,7,0.25,0.5262442322695249
50,7,0.30,0.8345278990771735
50,7,0.35,0.8251869061102142
50,7,0.40,0.8303128116220866
50,7,0.45,0.9298627180762457
50,7,0.50,0.8197503104356798
50,7,0.55,0.850322825235641
50,7,0.60,0.8981703354179027
50,7,0.65,0.8522661295981753
50,7,0.70,0.7681400596228417
50,7,0.75,0.8122949948732463
50,7,0.80,0.857548249280926
50,7,0.85,0.8527711883750762
50,7,0.90,0.887771815809892
50,7,0.95,0.8327656028883903
50,8,0.05,-2.1582058071499457
50,8,0.10,0.7589338918311253
50,8,0.15,0.8087571983152217
50,8,0.20,0.42947581296582027
50,8,0.25,0.8277611268642349
50,8,0.30,0.9415604633828774
50,8,0.35,0.841098956525735
50,8,0.40,0.7440819057648296
50,8,0.45,0.808102385418733
50,8,0.50,0.7523804917240515
50,8,0.55,0.8400270162139316
50,8,0.60,0.7780055501143653
50,8,0.65,0.8737872100035116
50,8,0.70,0.7899273952062618
50,8,0.75,0.9155476416935932
50,8,0.80,0.75171914926392
50,8,0.85,0.9021155202020629
50,8,0.90,0.8318489968933162
50,8,0.95,0.883859539688302
50,9,0.05,-1.564157698110706
50,9,0.10,0.26370505769582464
50,9,0.15,0.34052800797986116
50,9,0.20,0.7172333618227749
50,9,0.25,0.6887227329936132
50,9,0.30,0.6591390526895063
50,9,0.35,0.7682914360009883
50,9,0.40,0.7916507669171426
50,9,0.45,0.6669657188807299
50,9,0.50,0.9458917339542224
50,9,0.55,0.6500418469985406
50,9,0.60,0.9685002635518045
50,9,0.65,0.8395510349809925
50,9,0.70,0.8979807311101762
50,9,0.75,0.9276395158286699
50,9,0.80,0.8719379403825722
50,9,0.85,0.8071108832258846
50,9,0.90,0.868836835746879
50,9,0.95,0.8704336869189266
51,0,0.05,0.9455090479254682
51,0,0.10,0.48249230463961934
51,0,0.15,0.4427991749471144
51,0,0.20,0.8194921222726121
51,0,0.25,0.6425717336817771
51,0,0.30,0.9043091343678882
51,0,0.35,0.7576667371313143
51,0,0.40,0.8512004291737915
51,0,0.45,0.9164017890353067
51,0,0.50,0.9133346585545523
51,0,0.55,0.9404431374137456
51,0,0.60,0.7775901819364626
51,0,0.65,0.8840237696687278
51,0,0.70,0.8618605938350365
51,0,0.75,0.8734363797029899
51,0,0.80,0.9355827867095123
51,0,0.85,0.9151904026047255
51,0,0.90,0.8345023687520939
51,0,0.95,0.8762281972232191
51,1,0.05,0.22330767470360957
51,1,0.10,0.6988705886649798
51,1,0.15,0.46482018625262844
51,1,0.20,0.5135409353775965
51,1,0.25,0.9654306850604845
51,1,0.30,0.8873511624018752
51,1,0.35,0.8903417839883317
51,1,0.40,0.9053920723359409
51,1,0.45,0.8597645438079133
51,1,0.50,0.8309879153280249
51,1,0.55,0.8423390342030144
51,1,0.60,0.9244517996099525
51,1,0.65,0.893985896710535
51,1,0.70,0.8392480285395306
51,1,0.75,0.8780166293651276
51,1,0.80,0.8751292933430035
51,1,0.85,0.9545348807428076
51,1,0.90,0.8907032570009803
51,1,0.95,0.7945939369045701
51,2,0.05,0.72648129057228
51,2,0.10,0.7371745679956577
51,2,0.15,0.39884231419344507
51,2,0.20,0.7886228255535368
51,2,0.25,0.595331721332886
51,2,0.30,0.9076170475588294
51,2,0.35,0.8587021043781651
51,2,0.40,0.8743560414816083
51,2,0.45,0.843728977453337
51,2,0.50,0.9503525501722069
51,2,0.55,0.926628828999795
51,2,0.60,0.8916301203008854
51,2,0.65,0.835063479970231
51,2,0.70,0.8556369544777497
51,2,0.75,0.8969817510401716
51,2,0.80,0.8989315166408604
51,2,0.85,0.9033541735636462
51,2,0.90,0.8394275591206679
51,2,0.95,0.8585902269027275
51,3,0.05,0.940372777935842
51,3,0.10,0.5661840780376863
51,3,0.15,0.6004300283586417
51,3,0.20,0.8730481807998599
51,3,0.25,0.9333916101048291
51,3,0.30,0.8962435990778546
51,3,0.35,0.9069741592683849
51,3,0.40,0.8780559009636527
51,3,0.45,0.876661036933382
51,3,0.50,0.9420942478946184
51,3,0.55,0.9449094943339305
51,3,0.60,0.9469199586753797
51,3,0.65,0.8822441892861724
51,3,0.70,0.775415282103615
51,3,0.75,0.8137647200961634
51,3,0.80,0.9226767609701488
51,3,0.85,0.9073653761336417
51,3,0.90,0.8426694899676954
51,3,0.95,0.9311841068696075
51,4,0.05,0.31289360057599
51,4,0.10,0.2220642682933741
51,4,0.15,0.6460641805916558
51,4,0.20,0.8721523899514926
51,4,0.25,0.895759457818346
51,4,0.30,0.8558902914711215
51,4,0.35,0.6746863434394594
51,4,0.40,0.8708187775829359
51,4,0.45,0.8721622990410189
51,4,0.50,0.8192475140365452
51,4,0.55,0.9132451844616721
51,4,0.60,0.76189590798736
51,4,0.65,0.8585229429968086
51,4,0.70,0.8635282618809081
51,4,0.75,0.8408487957630852
51,4,0.80,0.8996221545315397
51,4,0.85,0.8898500798500264
51,4,0.90,0.9053330113652445
51,4,0.95,0.9071627132565607
51,5,0.05,0.5774746198107035
51,5,0.10,-0.8575518369580117
51,5,0.15,0.6369506540782592
51,5,0.20,0.8942764945592042
51,5,0.25,0.8997653476111656
51,5,0.30,0.9249026222172779
51,5,0.35,0.8818952546481185
51,5,0.40,0.8693227468930672
51,5,0.45,0.8826602790260821
51,5,0.50,0.9002951850472517
51,5,0.55,0.789059101912099
51,5,0.60,0.9295607752636169
51,5,0.65,0.8890188837901887
51,5,0.70,0.8950930865981519
51,5,0.75,0.8988522693941446
51,5,0.80,0.8852295479552954
51,5,0.85,0.8681928715264753
51,5,0.90,0.8889718060350188
51,5,0.95,0.9081538760849669
51,6,0.05,0.8399945754357354
51,6,0.10,0.5793030849382312
51,6,0.15,0.7511170771219821
51,6,0.20,0.7440568544045119
51,6,0.25,0.8718278527653519
51,6,0.30,0.8853981647030713
51,6,0.35,0.9333383211535822
51,6,0.40,0.8909880001779207
51,6,0.45,0.8776895130982885
51,6,0.50,0.9143713806275657
51,6,0.55,0.9199314917411006
51,6,0.60,0.8981906249173888
51,6,0.65,0.911284383974065
51,6,0.70,0.8549836406906579
51,6,0.75,0.9055809527770423
51,6,0.80,0.9220940675984567
51,6,0.85,0.9386406063678963
51,6,0.90,0.8941220307962335
51,6,0.95,0.8634956089161868
51,7,0.05,0.900618956661261
51,7,0.10,0.6317611361182778
51,7,0.15,0.5218861520913277
51,7,0.20,0.8106350579977362
51,7,0.25,0.7827725285143183
51,7,0.30,0.8312238913605627
51,7,0.35,0.8904589033295487
51,7,0.40,0.8563646418411133
51,7,0.45,0.8576668539158285
51,7,0.50,0.932763266188853
51,7,0.55,0.951856539625954
51,7,0.60,0.9132781306322607
51,7,0.65,0.8439837277197111
51,7,0.70,0.8974216213013286
51,7,0.75,0.8808073961525273
51,7,0.80,0.8768872888335064
51,7,0.85,0.7476037048611721
51,7,0.90,0.8869988194519887
51,7,0.95,0.8603021617460548
51,8,0.05,-0.323747709023263
51,8,0.10,0.6207765755615773
51,8,0.15,0.6419998050263067
51,8,0.20,0.7912012885973224
51,8,0.25,0.7178802759076068
51,8,0.30,0.9527884416218466
51,8,0.35,0.9043032105511126
51,8,0.40,0.9284591348727392
51,8,0.45,0.890057918055227
51,8,0.50,0.7546346177092063
51,8,0.55,0.8151652284366688
51,8,0.60,0.8654424153890978
51,8,0.65,0.8678346425267698
51,8,0.70,0.9054198425870903
51,8,0.75,0.8529729135911492
51,8,0.80,0.8876407674625403
51,8,0.85,0.8997381395700141
51,8,0.90,0.7649724610551907
51,8,0.95,0.9054370955063058
51,9,0.05,0.1271358589852326
51,9,0.10,0.5218860233211886
51,9,0.15,0.835836037023983
51,9,0.20,0.9336068098487303
51,9,0.25,0.8822306023344686
51,9,0.30,0.8649580388328559
51,9,0.35,0.8800589620792667
51,9,0.40,0.8894948337653195
51,9,0.45,0.9081256732223756
51,9,0.50,0.8652859078644356
51,9,0.55,0.9545863139817059
51,9,0.60,0.9479803093456418
51,9,0.65,0.8949276384465631
51,9,0.70,0.7966138285674199
51,9,0.75,0.856763114929942
51,9,0.80,0.931275549454071
51,9,0.85,0.9305287528487697
51,9,0.90,0.8425157279423888
51,9,0.95,0.8487465365601647
52,0,0.05,-0.3066014681005913
52,0,0.10,-0.2030171807724932
52,0,0.15,0.5226645310841789
52,0,0.20,0.7194665350225653
52,0,0.25,0.5695577761002606
52,0,0.30,0.749667582280287
52,0,0.35,0.8441146940229424
52,0,0.40,0.678127957040463
52,0,0.45,0.879976246743265
52,0,0.50,0.8265719828353015
52,0,0.55,0.8910228895421504
52,0,0.60,0.8940294128348862
52,0,0.65,0.855691788924231
52,0,0.70,0.8028865219911108
52,0,0.75,0.8050073817404391
52,0,0.80,0.9149552189378232
52,0,0.85,0.9342600387375896
52,0,0.90,0.9255082514940973
52,0,0.95,0.8709594250299816
52,1,0.05,0.7540064738089365
52,1,0.10,0.18203382644451993
52,1,0.15,0.682960272399009
52,1,0.20,0.8691255801075625
52,1,0.25,0.9172789978218308
52,1,0.30,0.7072231789724688
52,1,0.35,0.8998309311421274
52,1,0.40,0.9037150388018539
52,1,0.45,0.9143331414588945
52,1,0.50,0.8661001325282494
52,1,0.55,0.7544487641374558
52,1,0.60,0.8992004824795151
52,1,0.65,0.8915903341774896
52,1,0.70,0.7800072627192393
52,1,0.75,0.7902036887256642
52,1,0.80,0.9045618887296142
52,1,0.85,0.9054819005196652
52,1,0.90,0.8972261538659217
52,1,0.95,0.8492138541904068
52,2,0.05,-2.089509443644893
52,2,0.10,0.6110648755943191
52,2,0.15,0.5677173753685789
52,2,0.20,0.852951134518858
52,2,0.25,0.6789799008257751
52,2,0.30,0.7544628345870779
52,2,0.35,0.7968496536363818
52,2,0.40,0.5802529664491911
52,2,0.45,0.799242774092626
52,2,0.50,0.8233214277096924
52,2,0.55,0.7603355381385973
52,2,0.60,0.7955838306068798
52,2,0.65,0.8970654573818678
52,2,0.70,0.7974866721967668
52,2,0.75,0.8717695300066854
52,2,0.80,0.8321145178669351
52,2,0.85,0.7868370752853123
52,2,0.90,0.8783530517871813
52,2,0.95,0.8677097005218182
52,3,0.05,-1.4298038586366553
52,3,0.10,0.4738994703202035
52,3,0.15,0.7877374681761966
52,3,0.20,0.961471223748837
52,3,0.25,0.8003995258312964
52,3,0.30,0.5545399460699931
52,3,0.35,0.8857247237797565
52,3,0.40,0.827539702269803
52,3,0.45,0.9304299434703652
52,3,0.50,0.8012870436687353
52,3,0.55,0.7566542776104157
52,3,0.60,0.8214172161839661
52,3,0.65,0.8813480114970268
52,3,0.70,0.9268357905518113
52,3,0.75,0.8158549808670443
52,3,0.80,0.9525376415153439
52,3,0.85,0.8903772251708749
52,3,0.90,0.8968671977480192
52,3,0.95,0.8806026967641911
52,4,0.05,-1.5505626519767044
52,4,0.10,0.4175548482278847
52,4,0.15,0.6356039081821111
52,4,0.20,0.7656135101171088
52,4,0.25,0.6466705703457793
52,4,0.30,0.7454526281504255
52,4,0.35,0.9515299751576687
52,4,0.40,0.6731700951401955
52,4,0.45,0.8978259247522996
52,4,0.50,0.9251557722479502
52,4,0.55,0.916784439058832
52,4,0.60,0.8626557238427901
52,4,0.65,0.8648090484219042
52,4,0.70,0.7994168917453889
52,4,0.75,0.8034174843918129
52,4,0.80,0.9043001603838479
52,4,0.85,0.882229660743635
52,4,0.90,0.9036806362608818
52,4,0.95,0.9448111254427864
52,5,0.05,0.6620506820135339
52,5,0.10,0.6148349819858545
52,5,0.15,0.16288574188627636
52,5,0.20,0.7977172422162898
52,5,0.25,0.7276224329114005
52,5,0.30,0.9391604888029139
52,5,0.35,0.8960889681067755
52,5,0.40,0.8783473607197607
52,5,0.45,0.836985902958318
52,5,0.50,0.8811095259999766
52,5,0.55,0.7057190227824297
52,5,0.60,0.8579664256534709
52,5,0.65,0.811609633866977
52,5,0.70,0.8944812867502049
52,5,0.75,0.9268335934793154
52,5,0.80,0.8635881269629566
52,5,0.85,0.9241785866985148
52,5,0.90,0.9397543667870778
52,5,0.95,0.9225652119013595
52,6,0.05,0.3661812586197073
52,6,0.10,-0.09854273164777538
52,6,0.15,0.7918417439384592
52,6,0.20,0.6057864265669382
52,6,0.25,0.8340930041901958
52,6,0.30,0.6910692869276442
52,6,0.35,0.9475655795260971
52,6,0.40,0.8981327286826868
52,6,0.45,0.883399853081949
52,6,0.50,0.8524427470252225
52,6,0.55,0.8690186982491154
52,6,0.60,0.866085326773685
52,6,0.65,0.8332690146368017
52,6,0.70,0.8830471604682021
52,6,0.75,0.9248718160584266
52,6,0.80,0.8041053397271357
52,6,0.85,0.7859381401583329
52,6,0.90,0.8502426536072667
52,6,0.95,0.8988898933602402
52,7,0.05,0.033686894077884943
52,7,0.10,0.3734902793747287
52,7,0.15,0.3900232467512974
52,7,0.20,0.9285391896825532
52,7,0.25,0.8554055988403952
52,7,0.30,0.8331952232308107
52,7,0.35,0.72877236052363
52,7,0.40,0.8662014771980202
52,7,0.45,0.8080309385150178
52,7,0.50,0.8767384985035707
52,7,0.55,0.7479722194432421
52,7,0.60,0.9221446453962032
52,7,0.65,0.7791585501858167
52,7,0.70,0.8112762727950644
52,7,0.75,0.9246287805289153
52,7,0.80,0.7723424655145037
52,7,0.85,0.9452244970502262
52,7,0.90,0.875966116973939
52,7,0.95,0.9311660918511416
52,8,0.05,0.2898015405104629
52,8,0.10,0.18584598828054755
52,8,0.15,0.37919612471317665
52,8,0.20,0.7810232569399002
52,8,0.25,0.8725845498681934
52,8,0.30,0.8330211411697238
52,8,0.35,0.8777591678045262
52,8,0.40,0.8346662598975583
52,8,0.45,0.862319944584087
52,8,0.50,0.9124605752632101
52,8,0.55,0.8226188219531402
52,8,0.60,0.9042465814134777
52,8,0.65,0.916885149985663
52,8,0.70,0.801496880019824
52,8,0.75,0.8803446298343494
52,8,0.80,0.8026145844005073
52,8,0.85,0.890891529020175
52,8,0.90,0.9268368101612487
52,8,0.95,0.9217756822536434
52,9,0.05,0.9486193088913946
52,9,0.10,0.24798290286051738
52,9,0.15,0.6251338596792628
52,9,0.20,0.6304468992244789
52,9,0.25,0.7792414479919954
52,9,0.30,0.8478576043417695
52,9,0.35,0.9402652021110648
52,9,0.40,0.853072966732888
52,9,0.45,0.7903234207683625
52,9,0.50,0.8747024978384339
52,9,0.55,0.8473324088784902
52,9,0.60,0.8100447372151001
52,9,0.65,0.5027720269464742
52,9,0.70,0.864323252884871
52,9,0.75,0.8408542366917178
52,9,0.80,0.8731224515740836
52,9,0.85,0.8429164986398352
52,9,0.90,0.9000059557515402
52,9,0.95,0.8536985034784217
53,0,0.05,0.7199045297731291
53,0,0.10,0.7057714143487226
53,0,0.15,0.9400212958484763
53,0,0.20,0.9537615478983902
53,0,0.25,0.9140214476078524
53,0,0.30,0.898191755099568
53,0,0.35,0.7445845822120126
53,0,0.40,0.8302358712996916
53,0,0.45,0.9143444677020328
53,0,0.50,0.8091731722851735
53,0,0.55,0.8709768330208669
53,0,0.60,0.8450328530158682
53,0,0.65,0.955451658811124
53,0,0.70,0.8627380009314032
53,0,0.75,0.9281122459514157
53,0,0.80,0.8032960753455968
53,0,0.85,0.9082221064854537
53,0,0.90,0.8735429839524921
53,0,0.95,0.9092080067123556
53,1,0.05,0.2941153632481103
53,1,0.10,0.8207625152489484
53,1,0.15,0.7377506296659702
53,1,0.20,0.8060735101931478
53,1,0.25,0.7054449367229721
53,1,0.30,0.7393276982206639
53,1,0.35,0.7595655308623687
53,1,0.40,0.8742436231183062
53,1,0.45,0.8414010807833476
53,1,0.50,0.8412973629713824
53,1,0.55,0.9084301156560008
53,1,0.60,0.8002785508458915
53,1,0.65,0.8336208864039572
53,1,0.70,0.9046734735240359
53,1,0.75,0.9126748038154122
53,1,0.80,0.9314455884213043
53,1,0.85,0.9108906535624056
53,1,0.90,0.9421437324266145
53,1,0.95,0.9190633100755653
53,2,0.05,0.5045325571824844
53,2,0.10,0.860659126538518
53,2,0.15,0.9300196620960339
53,2,0.20,0.7809805063492303
53,2,0.25,0.8599866113570606
53,2,0.30,0.8065496585753826
53,2,0.35,0.7662037381629693
53,2,0.40,0.8232350644503101
53,2,0.45,0.828924909789543
53,2,0.50,0.8766415468832588
53,2,0.55,0.779178476337953
53,2,0.60,0.8493267261010392
53,2,0.65,0.8799211475355632
53,2,0.70,0.8976236570561632
53,2,0.75,0.90412567926942
53,2,0.80,0.8487479406021329
53,2,0.85,0.8818611784605939
53,2,0.90,0.8864485191739043
53,2,0.95,0.8616225098818082
53,3,0.05,0.9795161520277381
53,3,0.10,0.6916507255737769
53,3,0.15,0.8688932034358937
53,3,0.20,0.8873658616698731
53,3,0.25,0.7368416496978006
53,3,0.30,0.8469780588754989
53,3,0.35,0.9460561983408841
53,3,0.40,0.8888464575884889
53,3,0.45,0.9165891506651067
53,3,0.50,0.678918978921061
53,3,0.55,0.7067401018777524
53,3,0.60,0.9074360477291721
53,3,0.65,0.8770579248057382
53,3,0.70,0.8630936891319506
53,3,0.75,0.8117549428341709
53,3,0.80,0.7937718463743975
53,3,0.85,0.8789394603655826
53,3,0.90,0.8775050564403005
53,3,0.95,0.8721874246794362
53,4,0.05,0.6562127146699936
53,4,0.10,0.22301777393180577
53,4,0.15,0.744404007681731
53,4,0.20,0.8612616378221178
53,4,0.25,0.8264511814556941
53,4,0.30,0.8096832050468218
53,4,0.35,0.8291304075946058
53,4,0.40,0.8960355322083952
53,4,0.45,0.8654213306161042
53,4,0.50,0.848526870803005
53,4,0.55,0.816244048081538
53,4,0.60,0.9145065626790698
53,4,0.65,0.8753950732293363
53,4,0.70,0.9176212788978855
53,4,0.75,0.8853118439357173
53,4,0.80,0.937085379539423
53,4,0.85,0.8434022638937915
53,4,0.90,0.7964638553384422
53,4,0.95,0.9064020101766169
53,5,0.05,-0.9760397877129536
53,5,0.10,0.716768288206258
53,5,0.15,0.8267813329125073
53,5,0.20,0.7503454729384758
53,5,0.25,0.9027293959383648
53,5,0.30,0.7725920453595045
53,5,0.35,0.7856962235635223
53,5,0.40,0.8081999673431745
53,5,0.45,0.7115874390614851
53,5,0.50,0.8867557984270038
53,5,0.55,0.8559916658977105
53,5,0.60,0.8672204931475388
53,5,0.65,0.8318444576179539
53,5,0.70,0.9062619667017613
53,5,0.75,0.8443603238697726
53,5,0.80,0.9060768975588013
53,5,0.85,0.8679761785498109
53,5,0.90,0.9443064616878895
53,5,0.95,0.8053876264427031
53,6,0.05,0.6863341556720941
53,6,0.10,0.8485729684164849
53,6,0.15,0.9398702080402346
53,6,0.20,0.9259131917821636
53,6,0.25,0.9391306210658334
53,6,0.30,0.7483058167731362
53,6,0.35,0.6972873645461212
53,6,0.40,0.8985413872930481
53,6,0.45,0.7440584860991222
53,6,0.50,0.8397908148185791
53,6,0.55,0.8410228550802831
53,6,0.60,0.7933918986576132
53,6,0.65,0.847456748570842
53,6,0.70,0.8556753997036242
53,6,0.75,0.8910871214371626
53,6,0.80,0.9159134434959874
53,6,0.85,0.8508834696868828
53,6,0.90,0.9245365682375475
53,6,0.95,0.8898162945969765
53,7,0.05,0.5922018205918907
53,7,0.10,0.74513440457881
53,7,0.15,0.5496561813211467
53,7,0.20,0.8630287198566938
53,7,0.25,0.8693033916141576
53,7,0.30,0.9146427374649437
53,7,0.35,0.8504384584736736
53,7,0.40,0.8353776333428311
53,7,0.45,0.9253373504988418
53,7,0.50,0.8824457283939005
53,7,0.55,0.813802359620309
53,7,0.60,0.8992891342676071
53,7,0.65,0.8989787707020935
53,7,0.70,0.9309656012383483
53,7,0.75,0.8325955679941518
53,7,0.80,0.8984594241199368
53,7,0.85,0.8842110749746023
53,7,0.90,0.8996670522662062
53,7,0.95,0.8871373238842031
53,8,0.05,0.5451283630721329
53,8,0.10,0.08045695078181381
53,8,0.15,0.7021281923798638
53,8,0.20,0.8521487319137141
53,8,0.25,0.6059402245312866
53,8,0.30,0.7477156258761248
53,8,0.35,0.8419174334408097
53,8,0.40,0.9183209785553443
53,8,0.45,0.8901710673659007
53,8,0.50,0.8711794361276177
53,8,0.55,0.8637297503049024
53,8,0.60,0.8529130761323428
53,8,0.65,0.8591620359351231
53,8,0.70,0.9174945957139519
53,8,0.75,0.9192345121966717
53,8,0.80,0.9160026712424321
53,8,0.85,0.9032867424351083
53,8,0.90,0.8216323715890853
53,8,0.95,0.9246533427665429
53,9,0.05,0.2451617525721551
53,9,0.10,0.7656301627587344
53,9,0.15,0.6534450871767499
53,9,0.20,0.8008986370749809
53,9,0.25,0.9133368982480458
53,9,0.30,0.9266722547698683
53,9,0.35,0.8213892656587525
53,9,0.40,0.9122095962891156
53,9,0.45,0.8612771340738552
53,9,0.50,0.8269949822670649
53,9,0.55,0.820037317405287
53,9,0.60,0.8605621735988209
53,9,0.65,0.8922438616906888
53,9,0.70,0.9185670700587254
53,9,0.75,0.8193937347291832
53,9,0.80,0.9085876960466125
53,9,0.85,0.8289325020047309
53,9,0.90,0.8743349354369797
53,9,0.95,0.908159847922859
54,0,0.05,0.2243066239559186
54,0,0.10,0.2434411705231142
54,0,0.15,0.6052043724843
54,0,0.20,0.8677128443851087
54,0,0.25,0.9010954118261204
54,0,0.30,0.8860801860176575
54,0,0.35,0.8831232793010585
54,0,0.40,0.7738274012657875
54,0,0.45,0.8107931831391842
54,0,0.50,0.7938326794986255
54,0,0.55,0.8906337648017132
54,0,0.60,0.878454750407954
54,0,0.65,0.8962543449595805
54,0,0.70,0.8021680089881755
54,0,0.75,0.9237764180368272
54,0,0.80,0.8217660074578883
54,0,0.85,0.8883681357832091
54,0,0.90,0.8928626306585484
54,0,0.95,0.8560622610026742
54,1,0.05,0.6619874783652355
54,1,0.10,0.8790138718867399
54,1,0.15,0.6137885578235461
54,1,0.20,0.5124336930100586
54,1,0.25,0.8866314265079989
54,1,0.30,0.9045427829285098
54,1,0.35,0.8728689834141528
54,1,0.40,0.77457422072442
54,1,0.45,0.8881348801406129
54,1,0.50,0.8892540868511568
54,1,0.55,0.8023088556754517
54,1,0.60,0.7715259212811875
54,1,0.65,0.8635630105663313
54,1,0.70,0.8053343787818559
54,1,0.75,0.8500948787926588
54,1,0.80,0.9015689240199842
54,1,0.85,0.8627525271281281
54,1,0.90,0.7925479772673137
54,1,0.95,0.8552664984000669
54,2,0.05,0.39875515098578673
54,2,0.10,0.7680723979407462
54,2,0.15,0.8352933813890173
54,2,0.20,0.7970248783449576
54,2,0.25,0.7930929071028887
54,2,0.30,0.6465557802845311
54,2,0.35,0.7334061283911897
54,2,0.40,0.8087020509919529
54,2,0.45,0.8168897258518873
54,2,0.50,0.7387261232765792
54,2,0.55,0.8547397258212579
54,2,0.60,0.8423843352202686
54,2,0.65,0.8807877976662948
54,2,0.70,0.8628877415993432
54,2,0.75,0.9284615909510352
54,2,0.80,0.8100792694219383
54,2,0.85,0.7797986469313415
54,2,0.90,0.9166176830321604
54,2,0.95,0.872378771846287
54,3,0.05,0.7796672258357273
54,3,0.10,0.5702052068577361
54,3,0.15,0.9087338616965432
54,3,0.20,0.6382130252991541
54,3,0.25,0.8336560471005521
54,3,0.30,0.8226933820090208
54,3,0.35,0.873108468853982
54,3,0.40,0.8444205756774397
54,3,0.45,0.9280376745536095
54,3,0.50,0.8907778199108705
54,3,0.55,0.7674357690253673
54,3,0.60,0.8349435283994081
54,3,0.65,0.9415098888696292
54,3,0.70,0.8885950242979781
54,3,0.75,0.8469425883060789
54,3,0.80,0.8180690802832741
54,3,0.85,0.889191589965385
54,3,0.90,0.9175213962236614
54,3,0.95,0.8561058147700092
54,4,0.05,-1.6770521445934379
54,4,0.10,0.6164404111412811
54,4,0.15,0.8938530951350856
54,4,0.20,0.9308310107269246
54,4,0.25,0.7260247071642297
54,4,0.30,0.7168463883005145
54,4,0.35,0.8869292491244648
54,4,0.40,0.8458904079123617
54,4,0.45,0.8559689170127223
54,4,0.50,0.8069175866283327
54,4,0.55,0.8471562098842937
54,4,0.60,0.801600687077113
54,4,0.65,0.8724161520436533
54,4,0.70,0.8720102839557731
54,4,0.75,0.8285219488188413
54,4,0.80,0.8872039590582039
54,4,0.85,0.8721615336072249
54,4,0.90,0.8938160454231167
54,4,0.95,0.8614126984005448
54,5,0.05,0.9600998559984111
54,5,0.10,0.6774931468621727
54,5,0.15,0.19001989713619793
54,5,0.20,0.8918409138163558
54,5,0.25,0.8716872909129324
54,5,0.30,0.8856676296780525
54,5,0.35,0.8545212845327534
54,5,0.40,0.8784498350515892
54,5,0.45,0.7955496836809447
54,5,0.50,0.7644923464036666
54,5,0.55,0.8943085099093804
54,5,0.60,0.8281781595700203
54,5,0.65,0.8537354872636556
54,5,0.70,0.9154034932061975
54,5,0.75,0.9185292870630619
54,5,0.80,0.8499494646278453
54,5,0.85,0.858537191436104
54,5,0.90,0.8305615569463046
54,5,0.95,0.8429622434182775
54,6,0.05,0.8603922142796114
54,6,0.10,0.6783306893451679
54,6,0.15,0.8009748370465779
54,6,0.20,0.652128034162929
54,6,0.25,0.6846723372181621
54,6,0.30,0.8784688844072043
54,6,0.35,0.9025407128886842
54,6,0.40,0.7740234460093133
54,6,0.45,0.829111463645691
54,6,0.50,0.7773643345717685
54,6,0.55,0.8037773534986764
54,6,0.60,0.8959404788327164
54,6,0.65,0.9289716832362588
54,6,0.70,0.8412275715380478
54,6,0.75,0.8870618349934642
54,6,0.80,0.9164663261176693
54,6,0.85,0.8345083678285403
54,6,0.90,0.8595349491090255
54,6,0.95,0.8266986802933236
54,7,0.05,0.6342256312536829
54,7,0.10,0.6650522088071009
54,7,0.15,0.274319550730835
54,7,0.20,0.6938451902599994
54,7,0.25,0.9087201521664404
54,7,0.30,0.7927882501837861
54,7,0.35,0.9443831342513869
54,7,0.40,0.8023542037490284
54,7,0.45,0.8865840173644324
54,7,0.50,0.7827833552004777
54,7,0.55,0.8914555637614543
54,7,0.60,0.7873210946195078
54,7,0.65,0.8854931265838043
54,7,0.70,0.8910908054990276
54,7,0.75,0.9056628110849546
54,7,0.80,0.9088779550188866
54,7,0.85,0.9202274266900169
54,7,0.90,0.8385799143025309
54,7,0.95,0.8432808146301467
54,8,0.05,0.8785391410926606
54,8,0.10,0.48660766048074355
54,8,0.15,0.4377772089194636
54,8,0.20,0.8696912443341686
54,8,0.25,0.797815013703338
54,8,0.30,0.6680171240555018
54,8,0.35,0.932245153101056
54,8,0.40,0.7885979581680567
54,8,0.45,0.8116136636004636
54,8,0.50,0.8219408813882452
54,8,0.55,0.8485294650197701
54,8,0.60,0.889679528407472
54,8,0.65,0.9035699480456133
54,8,0.70,0.9023215940982103
54,8,0.75,0.872957192949493
54,8,0.80,0.8219454103171024
54,8,0.85,0.9167530789047398
54,8,0.90,0.9225184976456777
54,8,0.95,0.9441130305744627
54,9,0.05,-5.761979567115742
54,9,0.10,0.5947000554233037
54,9,0.15,0.7993557509778791
54,9,0.20,0.7452572001605451
54,9,0.25,0.9002827703567314
54,9,0.30,0.858978280120492
54,9,0.35,0.9322950795278495
54,9,0.40,0.8067007202676468
54,9,0.45,0.870613709984332
54,9,0.50,0.7978198910434681
54,9,0.55,0.7728168417399943
54,9,0.60,0.9027277154920836
54,9,0.65,0.8408321409728056
54,9,0.70,0.83189364423166
54,9,0.75,0.8322946984265379
54,9,0.80,0.8925608255484283
54,9,0.85,0.8086583825736852
54,9,0.90,0.9213933374686989
54,9,0.95,0.9007566984854338
55,0,0.05,0.027161613226590164
55,0,0.10,0.3254151956402528
55,0,0.15,0.6414629964304515
55,0,0.20,0.9190919939989974
55,0,0.25,0.8990006342654424
55,0,0.30,0.8853612633169425
55,0,0.35,0.7869700428994275
55,0,0.40,0.9056866734104925
55,0,0.45,0.7153511848400534
55,0,0.50,0.8155569596876414
55,0,0.55,0.9398752695847433
55,0,0.60,0.8024793504165402
55,0,0.65,0.8724701587399789
55,0,0.70,0.9274042299871919
55,0,0.75,0.9132505332025954
55,0,0.80,0.8858779716242711
55,0,0.85,0.9436611004993172
55,0,0.90,0.9249798891728448
55,0,0.95,0.828407459430728
55,1,0.05,-0.28416349666527707
55,1,0.10,0.90922894368503
55,1,0.15,0.5445400074934796
55,1,0.20,0.8775754751382454
55,1,0.25,0.8023681362640205
55,1,0.30,0.8789951102012226
55,1,0.35,0.9209237845781061
55,1,0.40,0.9300899630604721
55,1,0.45,0.9386168823854288
55,1,0.50,0.9040153988082358
55,1,0.55,0.8668003557849318
55,1,0.60,0.8773353988828057
55,1,0.65,0.8936895154327481
55,1,0.70,0.9090775429264936
55,1,0.75,0.8123070369286282
55,1,0.80,0.897274367337075
55,1,0.85,0.7625881194834802
55,1,0.90,0.8851695088493271
55,1,0.95,0.866539503307427
55,2,0.05,0.6448676942204485
55,2,0.10,0.7416816235008783
55,2,0.15,0.8333241343783094
55,2,0.20,0.8272031465421918
55,2,0.25,0.8336879724777873
55,2,0.30,0.6863151151875224
55,2,0.35,0.8561813146806423
55,2,0.40,0.7866512836061131
55,2,0.45,0.7973363385717279
55,2,0.50,0.825536284987348
55,2,0.55,0.7807060032184925
55,2,0.60,0.8720323512896764
55,2,0.65,0.8712779419904443
55,2,0.70,0.8846117840543305
55,2,0.75,0.9128952042705331
55,2,0.80,0.8371190323619978
55,2,0.85,0.8485850878050778
55,2,0.90,0.8424217774868593
55,2,0.95,0.8225738289892226
55,3,0.05,-1.93821375750466
55,3,0.10,0.8325982387384734
55,3,0.15,0.772658736976251
55,3,0.20,0.7596367608402118
55,3,0.25,0.8591880064890478
55,3,0.30,0.7121113070483978
55,3,0.35,0.7576443033271945
55,3,0.40,0.8133416575912423
55,3,0.45,0.8515180957477092
55,3,0.50,0.9293010307669186
55,3,0.55,0.8764021162204794
55,3,0.60,0.8697259370364441
55,3,0.65,0.8902804466771201
55,3,0.70,0.8715285744390417
55,3,0.75,0.881410726853775
55,3,0.80,0.9114480207115477
55,3,0.85,0.9519764643530083
55,3,0.90,0.9172041825673241
55,3,0.95,0.8633891148553563
55,4,0.05,0.42290088277081483
55,4,0.10,0.826573944984681
55,4,0.15,0.8317634657985016
55,4,0.20,0.9096654118370175
55,4,0.25,0.4832210813395993
55,4,0.30,0.7459305500165737
55,4,0.35,0.9240017409946921
55,4,0.40,0.7915444403173114
55,4,0.45,0.8518649450078316
55,4,0.50,0.9348250570092994
55,4,0.55,0.8902967796407922
55,4,0.60,0.8737324633469199
55,4,0.65,0.842070534619312
55,4,0.70,0.869174574611931
55,4,0.75,0.8738175931658606
55,4,0.80,0.9097945503759568
55,4,0.85,0.9080514779399144
55,4,0.90,0.8528544602152172
55,4,0.95,0.8955991603682089
55,5,0.05,-0.0630624502230317
55,5,0.10,0.931526090654212
55,5,0.15,0.820804321985294
55,5,0.20,0.6714783469547134
55,5,0.25,0.8877606420663099
55,5,0.30,0.8128362644703974
55,5,0.35,0.9216919570142011
55,5,0.40,0.9530355529241015
55,5,0.45,0.8053174116248677
55,5,0.50,0.8426573930547431
55,5,0.55,0.7761286510390807
55,5,0.60,0.81178261494416
55,5,0.65,0.8816992420017965
55,5,0.70,0.8573085355342485
55,5,0.75,0.865288091277969
55,5,0.80,0.93961274313679
55,5,0.85,0.8233312650382048
55,5,0.90,0.7948865293901457
55,5,0.95,0.8922708839388949
55,6,0.05,0.7073131918973542
55,6,0.10,0.8277416899583558
55,6,0.15,0.8765316142484898
55,6,0.20,0.7166478626808472
55,6,0.25,0.907852742105842
55,6,0.30,0.8471878467055041
55,6,0.35,0.8657211740453415
55,6,0.40,0.8501272581439441
55,6,0.45,0.8221751360906617
55,6,0.50,0.849282966207318
55,6,0.55,0.7113792209681078
55,6,0.60,0.8965133551234518
55,6,0.65,0.9256472708308146
55,6,0.70,0.8254201354560669
55,6,0.75,0.8778528393523455
55,6,0.80,0.9265196783097369
55,6,0.85,0.8501363738286869
55,6,0.90,0.9292649268475567
55,6,0.95,0.9013071646349061
55,7,0.05,0.884931964999869
55,7,0.10,0.5804309294335384
55,7,0.15,0.47889281825395646
55,7,0.20,0.9105614843428692
55,7,0.25,0.8735270221957723
55,7,0.30,0.8321615405549463
55,7,0.35,0.9248497835477583
55,7,0.40,0.8645118803954884
55,7,0.45,0.852661438827662
55,7,0.50,0.8215085958295577
55,7,0.55,0.9433991976114824
55,7,0.60,0.830826877993771
55,7,0.65,0.8673533162658378
55,7,0.70,0.8567391629842731
55,7,0.75,0.8663668207103641
55,7,0.80,0.8965943941003855
55,7,0.85,0.8771202243334623
55,7,0.90,0.8610773803426166
55,7,0.95,0.8602931255591881
55,8,0.05,-0.2792347919096665
55,8,0.10,0.48072518206968107
55,8,0.15,0.6658287338877853
55,8,0.20,0.8040003310305041
55,8,0.25,0.8781164391293848
55,8,0.30,0.8154964132571252
55,8,0.35,0.87376943543341
55,8,0.40,0.7813813416132805
55,8,0.45,0.8735721372513898
55,8,0.50,0.8698581544102991
55,8,0.55,0.9116557571762667
55,8,0.60,0.9114746108857664
55,8,0.65,0.9145861164113951
55,8,0.70,0.9137406024181194
55,8,0.75,0.9103701415340846
55,8,0.80,0.9053105211883532
55,8,0.85,0.9355466185223347
55,8,0.90,0.8855472603613744
55,8,0.95,0.9079348772698658
55,9,0.05,-0.04595906591077181
55,9,0.10,0.3963991456187951
55,9,0.15,0.8748458755657341
55,9,0.20,0.8143306742773317
55,9,0.25,0.8631184408593561
55,9,0.30,0.746802564619429
55,9,0.35,0.8408282068077525
55,9,0.40,0.8804143274423658
55,9,0.45,0.9224765576398006
55,9,0.50,0.783260085509681
55,9,0.55,0.8802760124462821
55,9,0.60,0.8916308835245693
55,9,0.65,0.8440343497663981
55,9,0.70,0.9114242804095969
55,9,0.75,0.883701315825866
55,9,0.80,0.898958174020902
55,9,0.85,0.9288425770207286
55,9,0.90,0.9034753556531326
55,9,0.95,0.8522068211324334
56,0,0.05,-0.19916987081752446
56,0,0.10,0.8197769932173817
56,0,0.15,0.9126637846989387
56,0,0.20,0.8630853851172018
56,0,0.25,0.8725959045753328
56,0,0.30,0.9254235203370418
56,0,0.35,0.9596158692338372
56,0,0.40,0.9487770367859734
56,0,0.45,0.868882193252622
56,0,0.50,0.9303695864648278
56,0,0.55,0.8716057986544261
56,0,0.60,0.8166224024523362
56,0,0.65,0.8722893620857017
56,0,0.70,0.8285405871802058
56,0,0.75,0.9553567778898594
56,0,0.80,0.8579901046760878
56,0,0.85,0.863918766890601
56,0,0.90,0.8668863509656048
56,0,0.95,0.8565808513898575
56,1,0.05,0.22436971232194625
56,1,0.10,0.2457331871858799
56,1,0.15,0.8264776491591564
56,1,0.20,0.922645351474306
56,1,0.25,0.9616626582095293
56,1,0.30,0.9208187567213892
56,1,0.35,0.8369229995706088
56,1,0.40,0.9146493218495676
56,1,0.45,0.9724765976245013
56,1,0.50,0.859780039995386
56,1,0.55,0.8484569937614481
56,1,0.60,0.9051720004996251
56,1,0.65,0.8901713110162235
56,1,0.70,0.9002615110170189
56,1,0.75,0.8890436670468232
56,1,0.80,0.9568755450851018
56,1,0.85,0.8917634015800497
56,1,0.90,0.8804722496812482
56,1,0.95,0.9012519865243233
56,2,0.05,0.12654806823015807
56,2,0.10,0.7605364242725672
56,2,0.15,0.8471823883501401
56,2,0.20,0.9629181778637557
56,2,0.25,0.8938394984313198
56,2,0.30,0.6649800490875268
56,2,0.35,0.9293209032923428
56,2,0.40,0.9583240223891141
56,2,0.45,0.9635399704895838
56,2,0.50,0.9157239319763439
56,2,0.55,0.8932857929079405
56,2,0.60,0.9229262953358746
56,2,0.65,0.8984947703256865
56,2,0.70,0.8535161429714837
56,2,0.75,0.9178118489406847
56,2,0.80,0.9166232091174789
56,2,0.85,0.8933427116813918
56,2,0.90,0.9109513723872577
56,2,0.95,0.859507141758002
56,3,0.05,0.29911512198532664
56,3,0.10,0.7444807356624041
56,3,0.15,0.8514033408613926
56,3,0.20,0.8742822925786491
56,3,0.25,0.8487964059711679
56,3,0.30,0.9071665190135012
56,3,0.35,0.8990463197866918
56,3,0.40,0.957519006413291
56,3,0.45,0.922526765875036
56,3,0.50,0.8931165788788528
56,3,0.55,0.8645748037965345
56,3,0.60,0.9099186877808835
56,3,0.65,0.8608543186355344
56,3,0.70,0.8653337375364551
56,3,0.75,0.9009577671021305
56,3,0.80,0.8493477277360887
56,3,0.85,0.8848276990778414
56,3,0.90,0.8752479962007065
56,3,0.95,0.920339244720707
56,4,0.05,0.6890908836006042
56,4,0.10,0.5292471689211875
56,4,0.15,0.7785074144119429
56,4,0.20,0.8626415319853875
56,4,0.25,0.9067439653050045
56,4,0.30,0.8982458609043821
56,4,0.35,0.9327927671695765
56,4,0.40,0.9417187561144509
56,4,0.45,0.9221901420562837
56,4,0.50,0.9319062171648822
56,4,0.55,0.8755855647767242
56,4,0.60,0.8464695449577295
56,4,0.65,0.9375415631285156
56,4,0.70,0.8924568496475827
56,4,0.75,0.9065251188577516
56,4,0.80,0.9082095467909523
56,4,0.85,0.9458828030961867
56,4,0.90,0.8893476468915922
56,4,0.95,0.8982148052805532
56,5,0.05,0.3192882917985942
56,5,0.10,0.7294130365533646
56,5,0.15,0.8963697000213304
56,5,0.20,0.8157677544286014
56,5,0.25,0.9448679876888731
56,5,0.30,0.747481648024823
56,5,0.35,0.9302001106305895
56,5,0.40,0.9260377957859633
56,5,0.45,0.9244490040051259
56,5,0.50,0.9424800539121218
56,5,0.55,0.8817487858011938
56,5,0.60,0.8975440588584055
56,5,0.65,0.9397012402071674
56,5,0.70,0.9049718713653698
56,5,0.75,0.9386582159319529
56,5,0.80,0.8935271897898389
56,5,0.85,0.8221279962935154
56,5,0.90,0.8913066864838459
56,5,0.95,0.8758902859252906
56,6,0.05,0.2889295208012753
56,6,0.10,0.5371648331761241
56,6,0.15,0.3530008129948945
56,6,0.20,0.9228712623549573
56,6,0.25,0.8938679225054977
56,6,0.30,0.8999406456099469
56,6,0.35,0.9526227580811639
56,6,0.40,0.9227910237627774
56,6,0.45,0.9296246737603435
56,6,0.50,0.8369032196346272
56,6,0.55,0.948470560452654
56,6,0.60,0.9245648893484334
56,6,0.65,0.8831761437880054
56,6,0.70,0.8665834323675831
56,6,0.75,0.9159059357689409
56,6,0.80,0.9089719500496933
56,6,0.85,0.9067216355821246
56,6,0.90,0.8589847535727164
56,6,0.95,0.9338323694392764
56,7,0.05,-0.8361882796475988
56,7,0.10,0.7525562101619028
56,7,0.15,0.5540821293617899
56,7,0.20,0.7312715758074615
56,7,0.25,0.9476414983547204
56,7,0.30,0.8920597335929205
56,7,0.35,0.861652985430652
56,7,0.40,0.8623655817122267
56,7,0.45,0.8952045671777958
56,7,0.50,0.9138080874526776
56,7,0.55,0.8415967676823805
56,7,0.60,0.9296023752948824
56,7,0.65,0.9406377451460798
56,7,0.70,0.9029751675479275
56,7,0.75,0.8509427809013833
56,7,0.80,0.8876986460448486
56,7,0.85,0.8715556824879256
56,7,0.90,0.9296411293435082
56,7,0.95,0.8509317427151482
56,8,0.05,-1.1259761580527652
56,8,0.10,-0.15444319671386442
56,8,0.15,0.7986527522113764
56,8,0.20,0.9389254194827159
56,8,0.25,0.8682612255205766
56,8,0.30,0.8035337905606024
56,8,0.35,0.929423808816632
56,8,0.40,0.888765879334392
56,8,0.45,0.9348585383452828
56,8,0.50,0.9371882832499372
56,8,0.55,0.9340928971509378
56,8,0.60,0.9247195522540044
56,8,0.65,0.9263434944740545
56,8,0.70,0.9086551339773251
56,8,0.75,0.8644318662535674
56,8,0.80,0.9268502289635687
56,8,0.85,0.87749203284466
56,8,0.90,0.8909223716132562
56,8,0.95,0.9464996866085073
56,9,0.05,0.20337281472596258
56,9,0.10,-0.054618539271916955
56,9,0.15,0.7636948943644003
56,9,0.20,0.9232130539973383
56,9,0.25,0.9572181410035553
56,9,0.30,0.9362308801289917
56,9,0.35,0.8922135189119472
56,9,0.40,0.901572655309545
56,9,0.45,0.9338658348780063
56,9,0.50,0.9314481274051295
56,9,0.55,0.9000875659967333
56,9,0.60,0.883811542401322
56,9,0.65,0.8676757956433021
56,9,0.70,0.8768523750510289
56,9,0.75,0.8869016941514196
56,9,0.80,0.9001090432304969
56,9,0.85,0.8875002953591319
56,9,0.90,0.9301057682692995
56,9,0.95,0.8236055845265385
57,0,0.05,0.1783232391637778
57,0,0.10,0.940586975539416
57,0,0.15,0.8968835038085318
57,0,0.20,0.9354100085419976
57,0,0.25,0.9050423671595401
57,0,0.30,0.7535187570543422
57,0,0.35,0.9275948804866846
57,0,0.40,0.8474938676729309
57,0,0.45,0.9003598051456158
57,0,0.50,0.8317590939383499
57,0,0.55,0.7730194273603939
57,0,0.60,0.6961769672646336
57,0,0.65,0.7421920488538176
57,0,0.70,0.8771320711410787
57,0,0.75,0.90578866742505
57,0,0.80,0.8913648216481691
57,0,0.85,0.9078949679288064
57,0,0.90,0.8847718565837772
57,0,0.95,0.8597178379230693
57,1,0.05,0.8368451743215672
57,1,0.10,0.96177211552272
57,1,0.15,0.8152345120733773
57,1,0.20,0.8111016311745165
57,1,0.25,0.820006315361
57,1,0.30,0.899855370340507
57,1,0.35,0.84428115214045
57,1,0.40,0.9106808797672716
57,1,0.45,0.83406290144329
57,1,0.50,0.8639052023932354
57,1,0.55,0.9019929056697386
57,1,0.60,0.8849676622293007
57,1,0.65,0.8210972332218109
57,1,0.70,0.9130181315929884
57,1,0.75,0.8869227443117483
57,1,0.80,0.8967669406457346
57,1,0.85,0.8925238799031981
57,1,0.90,0.9102330444724305
57,1,0.95,0.9171705759140274
57,2,0.05,0.8345834787235129
57,2,0.10,0.5489172996312839
57,2,0.15,0.8551743221019772
57,2,0.20,0.874467629021621
57,2,0.25,0.8798869010544728
57,2,0.30,0.7505118168337725
57,2,0.35,0.9222240978265079
57,2,0.40,0.8806944435155641
57,2,0.45,0.8745654915660716
57,2,0.50,0.90758122053931
57,2,0.55,0.8663984105335016
57,2,0.60,0.8747141504455207
57,2,0.65,0.8017653766001136
57,2,0.70,0.9082015808554468
57,2,0.75,0.8190336770247665
57,2,0.80,0.9290570205436316
57,2,0.85,0.8874932598802148
57,2,0.90,0.9060862333277538
57,2,0.95,0.7734844037910301
57,3,0.05,0.16615291883589833
57,3,0.10,0.3472077584853005
57,3,0.15,0.7859714811056875
57,3,0.20,0.888137291444873
57,3,0.25,0.7363762319694553
57,3,0.30,0.9413674612877331
57,3,0.35,0.9298180508827055
57,3,0.40,0.9417630053367025
57,3,0.45,0.8862204074076698
57,3,0.50,0.7384886213824845
57,3,0.55,0.7816425133906222
57,3,0.60,0.8851160892357011
57,3,0.65,0.9313343590123511
57,3,0.70,0.8326613233824781
57,3,0.75,0.901584692562106
57,3,0.80,0.8704051587061971
57,3,0.85,0.9197635707885192
57,3,0.90,0.9145140366631294
57,3,0.95,0.9277672520985745
57,4,0.05,0.25436345147707595
57,4,0.10,0.786018658028886
57,4,0.15,0.7556207980648534
57,4,0.20,0.9491759715072775
57,4,0.25,0.8744792800614877
57,4,0.30,0.818646526807913
57,4,0.35,0.7259655858267021
57,4,0.40,0.9163380752714393
57,4,0.45,0.9008374411019708
57,4,0.50,0.8784617260187053
57,4,0.55,0.8789354536657578
57,4,0.60,0.8015975459479274
57,4,0.65,0.7811555635094917
57,4,0.70,0.9499449282060279
57,4,0.75,0.9113614126787692
57,4,0.80,0.9297960347351658
57,4,0.85,0.9395694945051831
57,4,0.90,0.9349152351434152
57,4,0.95,0.8081860151959371
57,5,0.05,0.901052050590445
57,5,0.10,0.9265412586568532
57,5,0.15,0.9343397083818553
57,5,0.20,0.8363102160163958
57,5,0.25,0.8909626930358031
57,5,0.30,0.8712493366591715
57,5,0.35,0.9216141516456242
57,5,0.40,0.8965228280041506
57,5,0.45,0.7859354118690814
57,5,0.50,0.8783884560608302
57,5,0.55,0.880711420473111
57,5,0.60,0.9498926964067999
57,5,0.65,0.8394283924159981
57,5,0.70,0.8849825421443948
57,5,0.75,0.8773421877802937
57,5,0.80,0.9136992469384311
57,5,0.85,0.9337255871971337
57,5,0.90,0.9365539615360703
57,5,0.95,0.9060946220734161
57,6,0.05,0.605626384673543
57,6,0.10,0.9216515140877475
57,6,0.15,0.8716632491221157
57,6,0.20,0.9488313453819059
57,6,0.25,0.668173764860801
57,6,0.30,0.9245375535258691
57,6,0.35,0.8737297262715077
57,6,0.40,0.966246370138228
57,6,0.45,0.8389917476001965
57,6,0.50,0.9243473467563593
57,6,0.55,0.7906410405642027
57,6,0.60,0.8276710132865113
57,6,0.65,0.9078998993795924
57,6,0.70,0.8558201458464462
57,6,0.75,0.8225863345445806
57,6,0.80,0.8983684700075345
57,6,0.85,0.9436672096809892
57,6,0.90,0.8998299215361643
57,6,0.95,0.8945648897768983
57,7,0.05,0.6718188855368235
57,7,0.10,0.5193948502225607
57,7,0.15,0.9826394843645923
57,7,0.20,0.9308303796606053
57,7,0.25,0.9359230274214556
57,7,0.30,0.9504525026115431
57,7,0.35,0.9225224075724615
57,7,0.40,0.8824322734328405
57,7,0.45,0.9498702830925521
57,7,0.50,0.8677088897917775
57,7,0.55,0.8701197495317746
57,7,0.60,0.9090588599041747
57,7,0.65,0.7106084724264539
57,7,0.70,0.9338504376520501
57,7,0.75,0.8415506632899973
57,7,0.80,0.8212345896173329
57,7,0.85,0.8609372379572574
57,7,0.90,0.9059307141277061
57,7,0.95,0.8558312512592098
57,8,0.05,0.24361075520060782
57,8,0.10,0.9517661851372998
57,8,0.15,0.7667836136876092
57,8,0.20,0.8348940245567315
57,8,0.25,0.8082909996463197
57,8,0.30,0.7041558650901331
57,8,0.35,0.9290349768187086
57,8,0.40,0.9182075612232302
57,8,0.45,0.8407260545203209
57,8,0.50,0.8783947132923806
57,8,0.55,0.8568365953265196
57,8,0.60,0.8009275347917552
57,8,0.65,0.9131140572186089
57,8,0.70,0.8687853296295187
57,8,0.75,0.8746011621293077
57,8,0.80,0.8270740291910741
57,8,0.85,0.8855503825651189
57,8,0.90,0.8824093329686187
57,8,0.95,0.8871551806021213
57,9,0.05,0.12240454819618318
57,9,0.10,0.9139980100912051
57,9,0.15,0.9485190619887199
57,9,0.20,0.8410898121935075
57,9,0.25,0.8772277120257672
57,9,0.30,0.9474017132964787
57,9,0.35,0.936685938123052
57,9,0.40,0.9265894781723418
57,9,0.45,0.9406321486652442
57,9,0.50,0.9714477758857748
57,9,0.55,0.7991142140231595
57,9,0.60,0.7754089573370755
57,9,0.65,0.827036126268613
57,9,0.70,0.9008763490805617
57,9,0.75,0.8648308325513034
57,9,0.80,0.9284989225102314
57,9,0.85,0.9461801013450026
57,9,0.90,0.9550547041089746
57,9,0.95,0.8663325514399168
58,0,0.05,0.991828460390051
58,0,0.10,0.760712731906954
58,0,0.15,0.8478338487005511
58,0,0.20,0.7817368710784766
58,0,0.25,0.6544548421196905
58,0,0.30,0.8895449383237978
58,0,0.35,0.729263667507283
58,0,0.40,0.881000567930891
58,0,0.45,0.8069346385634987
58,0,0.50,0.7919174228105001
58,0,0.55,0.9448006275234451
58,0,0.60,0.6977126266109558
58,0,0.65,0.8860263944217136
58,0,0.70,0.9028596097112158
58,0,0.75,0.7297112182525494
58,0,0.80,0.8708923409803023
58,0,0.85,0.8167923322727753
58,0,0.90,0.8894073572519097
58,0,0.95,0.8462386798717856
58,1,0.05,0.9091132092092782
58,1,0.10,0.8366520619251068
58,1,0.15,0.7518054754199749
58,1,0.20,0.8086972684529049
58,1,0.25,0.6182187063911437
58,1,0.30,0.8741865748262261
58,1,0.35,0.6841078229892219
58,1,0.40,0.7466598989919985
58,1,0.45,0.8140921341820744
58,1,0.50,0.8666701194686747
58,1,0.55,0.9169037346432273
58,1,0.60,0.8549619733240919
58,1,0.65,0.9598663328679186
58,1,0.70,0.8545990837422572
58,1,0.75,0.8488758175351953
58,1,0.80,0.7777435804119488
58,1,0.85,0.8492296089333142
58,1,0.90,0.8441974736132507
58,1,0.95,0.8544506468947011
58,2,0.05,0.5255479915007839
58,2,0.10,0.19577529680076167
58,2,0.15,0.713081394062033
58,2,0.20,0.7031316502835929
58,2,0.25,0.6352090074676546
58,2,0.30,0.8523502298226074
58,2,0.35,0.5977466722811395
58,2,0.40,0.8784571991428463
58,2,0.45,0.9164463436356289
58,2,0.50,0.9268508295600234
58,2,0.55,0.8535112459675508
58,2,0.60,0.7826231959423067
58,2,0.65,0.8721835094759619
58,2,0.70,0.8285280071975811
58,2,0.75,0.8488578775011121
58,2,0.80,0.7659399230637624
58,2,0.85,0.7730615007434851
58,2,0.90,0.9156861893252677
58,2,0.95,0.9148848461018153
58,3,0.05,0.8491142914279755
58,3,0.10,0.7318890944745653
58,3,0.15,0.701704590801238
58,3,0.20,0.9252762199882401
58,3,0.25,0.7561045447840825
58,3,0.30,0.8349821533846877
58,3,0.35,0.9299353225674657
58,3,0.40,0.8806809732456011
58,3,0.45,0.8922093520473114
58,3,0.50,0.8908464225825264
58,3,0.55,0.7842546801173655
58,3,0.60,0.741041480110175
58,3,0.65,0.8729304711046346
58,3,0.70,0.9044850419435412
58,3,0.75,0.8766424522424694
58,3,0.80,0.8452082762569169
58,3,0.85,0.9291166274580666
58,3,0.90,0.8008920482940316
58,3,0.95,0.8552761783505598
58,4,0.05,0.7334781622783566
58,4,0.10,0.6801204127918561
58,4,0.15,0.7405632319020401
58,4,0.20,0.6880681171278578
58,4,0.25,0.8212446033287046
58,4,0.30,0.9350988879230475
58,4,0.35,0.9040255447770491
58,4,0.40,0.8933510958193023
58,4,0.45,0.9359355574079533
58,4,0.50,0.9076150637828818
58,4,0.55,0.7605880902958678
58,4,0.60,0.7344647187557096
58,4,0.65,0.9286744236174523
58,4,0.70,0.8220389899666554
58,4,0.75,0.910341184037357
58,4,0.80,0.91533734475073
58,4,0.85,0.8184692912384188
58,4,0.90,0.8334877587638423
58,4,0.95,0.9096372042840918
58,5,0.05,0.7635625611234165
58,5,0.10,0.8834585485859086
58,5,0.15,0.7324020541095083
58,5,0.20,0.7459061909361735
58,5,0.25,0.7387139541024785
58,5,0.30,0.7317495387854693
58,5,0.35,0.8934233720084462
58,5,0.40,0.8873508136382743
58,5,0.45,0.8946163509768448
58,5,0.50,0.6502219170013765
58,5,0.55,0.855391052982487
58,5,0.60,0.7359247565526037
58,5,0.65,0.944232238720168
58,5,0.70,0.8735878674916482
58,5,0.75,0.8855465035284076
58,5,0.80,0.9183824239225844
58,5,0.85,0.9301871042903034
58,5,0.90,0.826305540629848
58,5,0.95,0.8520841392194018
58,6,0.05,0.39202485909081675
58,6,0.10,0.9043726658906668
58,6,0.15,0.6759858552172076
58,6,0.20,0.8643635231047581
58,6,0.25,0.7878651256085996
58,6,0.30,0.761838178072084
58,6,0.35,0.6102531663328683
58,6,0.40,0.6960957673114881
58,6,0.45,0.694876845529798
58,6,0.50,0.777081636503903
58,6,0.55,0.6881868156247701
58,6,0.60,0.9257607479355763
58,6,0.65,0.9380077628603456
58,6,0.70,0.8231093616230388
58,6,0.75,0.7735937989454772
58,6,0.80,0.8216024026217652
58,6,0.85,0.8281550351459785
58,6,0.90,0.8453127801583704
58,6,0.95,0.942225848439774
58,7,0.05,0.873509048106275
58,7,0.10,0.9014487039959374
58,7,0.15,0.7006743158381188
58,7,0.20,0.761729411910168
58,7,0.25,0.8720587413909688
58,7,0.30,0.7698001776428358
58,7,0.35,0.8915805405396685
58,7,0.40,0.8945505503582821
58,7,0.45,0.8858173900198439
58,7,0.50,0.71733644638478
58,7,0.55,0.7473745675311079
58,7,0.60,0.9320384342277228
58,7,0.65,0.8247865166014368
58,7,0.70,0.7884505220218407
58,7,0.75,0.9124534866558649
58,7,0.80,0.948290895328719
58,7,0.85,0.90009873622166
58,7,0.90,0.8312753808325752
58,7,0.95,0.9223986975690217
58,8,0.05,0.8956309903803327
58,8,0.10,0.4775975006350993
58,8,0.15,0.7454159207581934
58,8,0.20,0.7814804248949728
58,8,0.25,0.538072712194626
58,8,0.30,0.6022091844912707
58,8,0.35,0.7658604472689251
58,8,0.40,0.8944515811238323
58,8,0.45,0.836352450297447
58,8,0.50,0.7629347997179243
58,8,0.55,0.8547361447999078
58,8,0.60,0.8258121081754564
58,8,0.65,0.8003093427908318
58,8,0.70,0.8987918788422878
58,8,0.75,0.7809311666452357
58,8,0.80,0.8974804907933293
58,8,0.85,0.8515061469730854
58,8,0.90,0.9057406254218157
58,8,0.95,0.7536419929101902
58,9,0.05,0.5010586213886221
58,9,0.10,0.7829401487862775
58,9,0.15,0.9159194154141928
58,9,0.20,0.7135490204621919
58,9,0.25,0.8161228244423498
58,9,0.30,0.6814040616661629
58,9,0.35,0.8900672808670187
58,9,0.40,0.7853437964999178
58,9,0.45,0.894966954104441
58,9,0.50,0.838638527064625
58,9,0.55,0.8104469684441612
58,9,0.60,0.7934612657012858
58,9,0.65,0.9480861472378662
58,9,0.70,0.8583354702756689
58,9,0.75,0.8692909768025827
58,9,0.80,0.8660543301316056
58,9,0.85,0.8268556743322981
58,9,0.90,0.9262727363693974
58,9,0.95,0.9620579418828503
59,0,0.05,0.8928941984193075
59,0,0.10,0.8944704781113577
59,0,0.15,0.9351347934452489
59,0,0.20,0.5285297068318473
59,0,0.25,0.8684602125137252
59,0,0.30,0.8879897799664491
59,0,0.35,0.8873802653707809
59,0,0.40,0.8796107517284051
59,0,0.45,0.679929531609196
59,0,0.50,0.8990040419435209
59,0,0.55,0.7914409853521991
59,0,0.60,0.938663190032788
59,0,0.65,0.914962888670958
59,0,0.70,0.9153931017003423
59,0,0.75,0.9254428722939713
59,0,0.80,0.935289400577635
59,0,0.85,0.9561701697154186
59,0,0.90,0.8959058611309273
59,0,0.95,0.8324793510672299
59,1,0.05,0.6616397701113675
59,1,0.10,0.7634455307037566
59,1,0.15,0.5235280028423633
59,1,0.20,0.6595886364391443
59,1,0.25,0.9059004414211108
59,1,0.30,0.705579283616079
59,1,0.35,0.7880705860258488
59,1,0.40,0.6508357645144537
59,1,0.45,0.8977778291893729
59,1,0.50,0.9283445622047592
59,1,0.55,0.9143625944024898
59,1,0.60,0.9350216859696063
59,1,0.65,0.8831935091903946
59,1,0.70,0.9297338271892823
59,1,0.75,0.9281524682575629
59,1,0.80,0.9153879568993463
59,1,0.85,0.8516476867186256
59,1,0.90,0.9015596047867336
59,1,0.95,0.9208830409197906
59,2,0.05,0.40255677826923153
59,2,0.10,0.6013833641603958
59,2,0.15,0.8958272069660782
59,2,0.20,0.9431315561364841
59,2,0.25,0.4524286778964648
59,2,0.30,0.816868420166663
59,2,0.35,0.8902174374485555
59,2,0.40,0.6633342266470001
59,2,0.45,0.8870385417736338
59,2,0.50,0.9247115023136988
59,2,0.55,0.9238285990750651
59,2,0.60,0.9408786114828185
59,2,0.65,0.888407226115588
59,2,0.70,0.862556078109466
59,2,0.75,0.9059453834830076
59,2,0.80,0.9143969679082188
59,2,0.85,0.8982145928235004
59,2,0.90,0.9305676352846586
59,2,0.95,0.8049979672519045
59,3,0.05,0.7919433702853687
59,3,0.10,0.7358661334756424
59,3,0.15,0.7408672338810093
59,3,0.20,0.8021552946940703
59,3,0.25,0.8570615686860794
59,3,0.30,0.9403335204065015
59,3,0.35,0.91728678341393
59,3,0.40,0.8635136505366415
59,3,0.45,0.933105968463986
59,3,0.50,0.822298477699139
59,3,0.55,0.8917770988604692
59,3,0.60,0.9294803158653543
59,3,0.65,0.9378726902264265
59,3,0.70,0.808201583483148
59,3,0.75,0.7903053582442201
59,3,0.80,0.8668650348362863
59,3,0.85,0.9180260884871259
59,3,0.90,0.8537324721402691
59,3,0.95,0.9054907008794645
59,4,0.05,0.4379541298423416
59,4,0.10,0.5624709507379471
59,4,0.15,0.6635514588380745
59,4,0.20,0.9683811619894163
59,4,0.25,0.9132361306339722
59,4,0.30,0.7895606291386904
59,4,0.35,0.9061719894699489
59,4,0.40,0.9037987312262314
59,4,0.45,0.9125712554416539
59,4,0.50,0.8767146435692152
59,4,0.55,0.92037156632308
59,4,0.60,0.9360704653425704
59,4,0.65,0.9234966108160888
59,4,0.70,0.875313560396707
59,4,0.75,0.9283007828118425
59,4,0.80,0.9589947269180019
59,4,0.85,0.8640420935744046
59,4,0.90,0.9366477192465515
59,4,0.95,0.8980982735212516
59,5,0.05,-0.9599434790158989
59,5,0.10,0.9110820328983833
59,5,0.15,0.4140574209044091
59,5,0.20,0.887465693749047
59,5,0.25,0.44879464400106595
59,5,0.30,0.7869736817832931
59,5,0.35,0.9277988393751583
59,5,0.40,0.9191824010538104
59,5,0.45,0.9212994693581568
59,5,0.50,0.9182003821444149
59,5,0.55,0.9049716850691237
59,5,0.60,0.9649828371268667
59,5,0.65,0.9552326601318846
59,5,0.70,0.8942533086418469
59,5,0.75,0.9230378396048081
59,5,0.80,0.8659483221396641
59,5,0.85,0.9423778606311671
59,5,0.90,0.8702024456850855
59,5,0.95,0.9255713658909774
59,6,0.05,0.2068634462153972
59,6,0.10,0.5843026356271432
59,6,0.15,0.6662276046497879
59,6,0.20,0.8758356541026462
59,6,0.25,0.8552317586536807
59,6,0.30,0.7004135974518687
59,6,0.35,0.888715429001434
59,6,0.40,0.7920688815543474
59,6,0.45,0.8735502218137235
59,6,0.50,0.9275734454655136
59,6,0.55,0.9482841848929413
59,6,0.60,0.9671805720715622
59,6,0.65,0.8998341902164733
59,6,0.70,0.8829543283251381
59,6,0.75,0.9360361053938777
59,6,0.80,0.9412143077305547
59,6,0.85,0.8985962410128521
59,6,0.90,0.9575210677315632
59,6,0.95,0.8277815369484117
59,7,0.05,0.8437709973456694
59,7,0.10,0.8074253762031662
59,7,0.15,0.8139241761052656
59,7,0.20,0.8670119649723993
59,7,0.25,0.7734980133254201
59,7,0.30,0.697045720729546
59,7,0.35,0.8188347242723406
59,7,0.40,0.8771855700001215
59,7,0.45,0.861852679723685
59,7,0.50,0.8721556305388242
59,7,0.55,0.9077684096320713
59,7,0.60,0.8483755267961887
59,7,0.65,0.8788339682570336
59,7,0.70,0.9312235827357321
59,7,0.75,0.9360029728836755
59,7,0.80,0.9188533429288912
59,7,0.85,0.8850317093126747
59,7,0.90,0.8678286226668759
59,7,0.95,0.8619752394125909
59,8,0.05,0.4052898762798455
59,8,0.10,0.33899727422610326
59,8,0.15,0.7843689478557705
59,8,0.20,0.9546143279187322
59,8,0.25,0.7747516195506671
59,8,0.30,0.7229386972488918
59,8,0.35,0.9264230620204372
59,8,0.40,0.8662004351318934
59,8,0.45,0.867670396283946
59,8,0.50,0.9171508770803448
59,8,0.55,0.8010899185360139
59,8,0.60,0.8957290932607194
59,8,0.65,0.9044240829456391
59,8,0.70,0.9281578756920381
59,8,0.75,0.8573155906510299
59,8,0.80,0.9233308040513808
59,8,0.85,0.9738955135313343
59,8,0.90,0.914572988053586
59,8,0.95,0.9392272737504488
59,9,0.05,0.29315186115996605
59,9,0.10,0.7042537630571852
59,9,0.15,0.7221277235777972
59,9,0.20,0.9076867674380071
59,9,0.25,0.879954357552543
59,9,0.30,0.8767633120256884
59,9,0.35,0.9421914494037282
59,9,0.40,0.7807879230920509
59,9,0.45,0.8805856678097594
59,9,0.50,0.8635649211245238
59,9,0.55,0.9335058256625111
59,9,0.60,0.9386783262524594
59,9,0.65,0.9563401129060882
59,9,0.70,0.911141091953724
59,9,0.75,0.81150380833984
59,9,0.80,0.8817351485308141
59,9,0.85,0.9387611497559625
59,9,0.90,0.883620210651232
59,9,0.95,0.906188500929418
60,0,0.05,0.7317272747047492
60,0,0.10,0.8156948463453553
60,0,0.15,0.7866516269477716
60,0,0.20,0.7133456414067535
60,0,0.25,0.8836860132014167
60,0,0.30,0.8803408440514259
60,0,0.35,0.7958948279307231
60,0,0.40,0.7147321996931788
60,0,0.45,0.8271458850841344
60,0,0.50,0.9109914450726472
60,0,0.55,0.9186891057482658
60,0,0.60,0.9632640042691943
60,0,0.65,0.7746643858731969
60,0,0.70,0.8624568611943996
60,0,0.75,0.879762533378564
60,0,0.80,0.9406533272058876
60,0,0.85,0.8264285236941038
60,0,0.90,0.9084690129760017
60,0,0.95,0.8360536543360139
60,1,0.05,-0.1678834000654399
60,1,0.10,0.7650616856333083
60,1,0.15,0.8849307365208446
60,1,0.20,0.8181155800634914
60,1,0.25,0.8470027312759008
60,1,0.30,0.640133186477496
60,1,0.35,0.8729111200125211
60,1,0.40,0.8102948938397815
60,1,0.45,0.7905002330083519
60,1,0.50,0.9103988540177519
60,1,0.55,0.7953646847707939
60,1,0.60,0.7780214660174121
60,1,0.65,0.8431369091533119
60,1,0.70,0.8358919831369198
60,1,0.75,0.864546590562606
60,1,0.80,0.8512534422642923
60,1,0.85,0.8292256626775607
60,1,0.90,0.9233839668215696
60,1,0.95,0.9454002469814351
60,2,0.05,0.8681717402163379
60,2,0.10,0.808770633585076
60,2,0.15,0.9578775316261645
60,2,0.20,0.6690996967712235
60,2,0.25,0.7095970462331802
60,2,0.30,0.9219137824524994
60,2,0.35,0.7727237294573597
60,2,0.40,0.820286957587352
60,2,0.45,0.7116585506758654
60,2,0.50,0.7847609689836471
60,2,0.55,0.9458059866941854
60,2,0.60,0.8851701165321038
60,2,0.65,0.8713037622386265
60,2,0.70,0.6559789023003677
60,2,0.75,0.9376014691513882
60,2,0.80,0.8947738647695476
60,2,0.85,0.8518336975594001
60,2,0.90,0.9472947990390677
60,2,0.95,0.8393986542148046
60,3,0.05,0.6143340313926093
60,3,0.10,-0.30873816490821615
60,3,0.15,0.850466402393275
60,3,0.20,0.747552443875394
60,3,0.25,0.6925099181177206
60,3,0.30,0.7702594005212953
60,3,0.35,0.8513571602063851
60,3,0.40,0.8967617725647112
60,3,0.45,0.7524517406928898
60,3,0.50,0.8569102946504994
60,3,0.55,0.8364578149942281
60,3,0.60,0.6782684511981942
60,3,0.65,0.8545712693183114
60,3,0.70,0.9474478303457893
60,3,0.75,0.8709335949451061
60,3,0.80,0.912852778266326
60,3,0.85,0.8874939117263623
60,3,0.90,0.9135036106625292
60,3,0.95,0.8434136615607684
60,4,0.05,0.7883204783195294
60,4,0.10,0.5828727614791696
60,4,0.15,0.5978794974119057
60,4,0.20,0.8004360655674129
60,4,0.25,0.6798085940358743
60,4,0.30,0.8786535658010624
60,4,0.35,0.8400082701944693
60,4,0.40,0.8380059597912887
60,4,0.45,0.9003693422610547
60,4,0.50,0.8417294984921389
60,4,0.55,0.9025007029988745
60,4,0.60,0.8466254161814187
60,4,0.65,0.8623931104513791
60,4,0.70,0.9169093453487503
60,4,0.75,0.8838021113022063
60,4,0.80,0.92695053037154
60,4,0.85,0.8497874812018142
60,4,0.90,0.8991880916341972
60,4,0.95,0.8920268005879786
60,5,0.05,0.15373237903391956
60,5,0.10,0.5645253525569738
60,5,0.15,0.895008835650236
60,5,0.20,0.34212062178068925
60,5,0.25,0.7678600608788401
60,5,0.30,0.8884265886679721
60,5,0.35,0.7810087590837628
60,5,0.40,0.8592414660747603
60,5,0.45,0.7430418816405904
60,5,0.50,0.7414079999837981
60,5,0.55,0.8921811919726338
60,5,0.60,0.853016926807442
60,5,0.65,0.8382954681873425
60,5,0.70,0.9132206881431095
60,5,0.75,0.9308035027540059
60,5,0.80,0.8434841691037935
60,5,0.85,0.9163682969622906
60,5,0.90,0.7844331607074125
60,5,0.95,0.9194956638430902
60,6,0.05,0.8785168989193376
60,6,0.10,0.6253476487090337
60,6,0.15,0.8029796797675393
60,6,0.20,0.39598104127001166
60,6,0.25,0.8771102804208417
60,6,0.30,0.6733860042303621
60,6,0.35,0.9148879520699497
60,6,0.40,0.9155764488824615
60,6,0.45,0.7728496578377652
60,6,0.50,0.8971528127975414
60,6,0.55,0.9352089567298504
60,6,0.60,0.8431113165621974
60,6,0.65,0.9167646002435689
60,6,0.70,0.8591810204769268
60,6,0.75,0.8331635276928392
60,6,0.80,0.8566780477089874
60,6,0.85,0.8210048323037419
60,6,0.90,0.9062355829774725
60,6,0.95,0.9241354444035231
60,7,0.05,0.1312467086053808
60,7,0.10,0.8198431914557094
60,7,0.15,0.8401425467704482
60,7,0.20,0.3680369806073369
60,7,0.25,0.7507337879164999
60,7,0.30,0.7515468149727857
60,7,0.35,0.671900577400238
60,7,0.40,0.8365269369239414
60,7,0.45,0.7115384219839842
60,7,0.50,0.8731052592585115
60,7,0.55,0.929978777330719
60,7,0.60,0.9005373021565944
60,7,0.65,0.8724202014004621
60,7,0.70,0.8858849645287625
60,7,0.75,0.9302275896785126
60,7,0.80,0.9299797958390869
60,7,0.85,0.8235458255208479
60,7,0.90,0.892992819732165
60,7,0.95,0.8988908420018548
60,8,0.05,0.9231256613478499
60,8,0.10,0.6977914768406714
60,8,0.15,0.8564567329998811
60,8,0.20,0.8470799276218648
60,8,0.25,0.8955188703546585
60,8,0.30,0.6952466080106524
60,8,0.35,0.8082244635735434
60,8,0.40,0.7171314355016483
60,8,0.45,0.737507007630574
60,8,0.50,0.7524084214139136
60,8,0.55,0.6366414381040251
60,8,0.60,0.8989368237275289
60,8,0.65,0.8986768955733953
60,8,0.70,0.8664659175246248
60,8,0.75,0.9100846680577002
60,8,0.80,0.8673201738935404
60,8,0.85,0.8371123169893543
60,8,0.90,0.9083881597933751
60,8,0.95,0.8114613950260373
60,9,0.05,-0.8105730349447289
60,9,0.10,0.4328657773703103
60,9,0.15,0.7981463225931635
60,9,0.20,0.5549728169081928
60,9,0.25,0.5524965510013209
60,9,0.30,0.7935632040417755
60,9,0.35,0.6750154429733453
60,9,0.40,0.6519307515094122
60,9,0.45,0.641646355816084
60,9,0.50,0.6440454990042572
60,9,0.55,0.9337963971729843
60,9,0.60,0.8164979958803996
60,9,0.65,0.924712408228036
60,9,0.70,0.8868267419277118
60,9,0.75,0.933523921466175
60,9,0.80,0.8359341901342925
60,9,0.85,0.8660571002558276
60,9,0.90,0.7673491743072689
60,9,0.95,0.8644977664498651
61,0,0.05,0.2617332515116363
61,0,0.10,0.7002558509702689
61,0,0.15,0.8800785818722354
61,0,0.20,0.8977826698375345
61,0,0.25,0.789849771315029
61,0,0.30,0.775777588622003
61,0,0.35,0.7846910643068794
61,0,0.40,0.7957738119716635
61,0,0.45,0.9241176754048542
61,0,0.50,0.895622743349565
61,0,0.55,0.9143377063478505
61,0,0.60,0.9461944574539207
61,0,0.65,0.8925426905744364
61,0,0.70,0.9327673141302492
61,0,0.75,0.8634342171679694
61,0,0.80,0.9475314257702072
61,0,0.85,0.8003186016405546
61,0,0.90,0.9321740420241307
61,0,0.95,0.8144479743709372
61,1,0.05,0.5240858543905842
61,1,0.10,0.34830405103861717
61,1,0.15,0.7688112952890985
61,1,0.20,0.7760336558726337
61,1,0.25,0.8606089857797556
61,1,0.30,0.907631015334902
61,1,0.35,0.8772795354367544
61,1,0.40,0.8863565920965897
61,1,0.45,0.8377227754473193
61,1,0.50,0.8798724919610869
61,1,0.55,0.9439379723805491
61,1,0.60,0.9029607402800384
61,1,0.65,0.9295243377120174
61,1,0.70,0.8660965034149868
61,1,0.75,0.8673825985578374
61,1,0.80,0.8605180522194895
61,1,0.85,0.8016149846009746
61,1,0.90,0.8519068827553649
61,1,0.95,0.852309608417623
61,2,0.05,-0.042351688143733135
61,2,0.10,0.6052631179840138
61,2,0.15,0.8757645575885731
61,2,0.20,0.6841414141717767
61,2,0.25,0.9665489737504731
61,2,0.30,0.8418379584626425
61,2,0.35,0.8172696940381129
61,2,0.40,0.9178493581483316
61,2,0.45,0.8942208508493322
61,2,0.50,0.8777553469821009
61,2,0.55,0.89399054908052
61,2,0.60,0.7717044387374327
61,2,0.65,0.8922930930357644
61,2,0.70,0.8296631363420633
61,2,0.75,0.9198926290192587
61,2,0.80,0.9429984058325958
61,2,0.85,0.8298372784351371
61,2,0.90,0.9074936642467081
61,2,0.95,0.8833472604004655
61,3,0.05,-0.10909280305902369
61,3,0.10,0.6836211537472241
61,3,0.15,0.7478511583717596
61,3,0.20,0.6460765103317218
61,3,0.25,0.8962919038637716
61,3,0.30,0.6674265366910068
61,3,0.35,0.9493838016191193
61,3,0.40,0.9398497316603731
61,3,0.45,0.7826936789312738
61,3,0.50,0.8686490948832283
61,3,0.55,0.8315000040281378
61,3,0.60,0.95287563304153
61,3,0.65,0.8063950018278814
61,3,0.70,0.944716021655234
61,3,0.75,0.9320231554987767
61,3,0.80,0.9549351326867892
61,3,0.85,0.8959433063961273
61,3,0.90,0.8680889285024009
61,3,0.95,0.9392799283094293
61,4,0.05,0.8842891229140011
61,4,0.10,0.508901956394372
61,4,0.15,0.1915628714706049
61,4,0.20,0.758833266301383
61,4,0.25,0.8476846065380276
61,4,0.30,0.7172539001058722
61,4,0.35,0.7186230673632059
61,4,0.40,0.9038075147604883
61,4,0.45,0.8916645315012646
61,4,0.50,0.9128290995374696
61,4,0.55,0.9016484813155264
61,4,0.60,0.8662318026692843
61,4,0.65,0.8552817627363383
61,4,0.70,0.9460237270061786
61,4,0.75,0.928247259276061
61,4,0.80,0.7997307513314682
61,4,0.85,0.939755278352353
61,4,0.90,0.8776467361819479
61,4,0.95,0.8935478075022687
61,5,0.05,-0.6228374706999691
61,5,0.10,0.011734364811217146
61,5,0.15,0.6600846103335115
61,5,0.20,0.6173041404779946
61,5,0.25,0.9510893061628075
61,5,0.30,0.846136579836339
61,5,0.35,0.9318089333314892
61,5,0.40,0.8798904830103116
61,5,0.45,0.9533057760554075
61,5,0.50,0.9135537806549043
61,5,0.55,0.9272193362222952
61,5,0.60,0.8420158810474809
61,5,0.65,0.8573410146162403
61,5,0.70,0.9384860126610863
61,5,0.75,0.905985685502661
61,5,0.80,0.8765235201017795
61,5,0.85,0.867016913701262
61,5,0.90,0.8822992374735641
61,5,0.95,0.8783411660566126
61,6,0.05,-1.2415383731532281
61,6,0.10,0.6853047127744722
61,6,0.15,0.4033925717666046
61,6,0.20,0.6009786231004585
61,6,0.25,0.6393643568873495
61,6,0.30,0.9392279479832625
61,6,0.35,0.9176404961003773
61,6,0.40,0.7087370400633248
61,6,0.45,0.8837956517136248
61,6,0.50,0.8394306948587936
61,6,0.55,0.8643169544337908
61,6,0.60,0.8878821675943517
61,6,0.65,0.8559359217967284
61,6,0.70,0.9400949467292241
61,6,0.75,0.885491336838343
61,6,0.80,0.8520497850763673
61,6,0.85,0.8028677317617223
61,6,0.90,0.9099016821909851
61,6,0.95,0.8491303129611282
61,7,0.05,-0.4257547587428121
61,7,0.10,0.7317820640310178
61,7,0.15,0.9184035648167395
61,7,0.20,0.7479061546641984
61,7,0.25,0.9361051713930948
61,7,0.30,0.9402958241705929
61,7,0.35,0.7061438515158024
61,7,0.40,0.9342898577654372
61,7,0.45,0.8040166562268267
61,7,0.50,0.8556244678983631
61,7,0.55,0.9195296130455297
61,7,0.60,0.8281926622019307
61,7,0.65,0.8755311424429781
61,7,0.70,0.9363679790130828
61,7,0.75,0.9143817222501649
61,7,0.80,0.856991171664732
61,7,0.85,0.8555288742550727
61,7,0.90,0.8773461747252098
61,7,0.95,0.9291671232791685
61,8,0.05,0.06829768093009991
61,8,0.10,0.6323596646233617
61,8,0.15,0.8103225704745709
61,8,0.20,0.6995985283985806
61,8,0.25,0.9093458924324143
61,8,0.30,0.6536654949154855
61,8,0.35,0.904331829861456
61,8,0.40,0.9061760320752595
61,8,0.45,0.738513422673728
61,8,0.50,0.884509951102878
61,8,0.55,0.9066126519299779
61,8,0.60,0.9452650691220146
61,8,0.65,0.9426614117689519
61,8,0.70,0.885221064205454
61,8,0.75,0.8575000417970551
61,8,0.80,0.9025618496135518
61,8,0.85,0.8801362078241292
61,8,0.90,0.8914417061730866
61,8,0.95,0.8060109370661144
61,9,0.05,0.7715810626589741
61,9,0.10,0.648207937204744
61,9,0.15,0.7773039082720731
61,9,0.20,0.4887734482298308
61,9,0.25,0.7530920079909429
61,9,0.30,0.7402179600909371
61,9,0.35,0.8369986961327368
61,9,0.40,0.9651048696031616
61,9,0.45,0.7895090918647164
61,9,0.50,0.8420337197019653
61,9,0.55,0.9254279661070076
61,9,0.60,0.9223532948225187
61,9,0.65,0.8345520502153445
61,9,0.70,0.9317796785280441
61,9,0.75,0.8525171001434114
61,9,0.80,0.880778677683209
61,9,0.85,0.8233998500359381
61,9,0.90,0.9207939813595898
61,9,0.95,0.9393926462849792
62,0,0.05,-0.09666237959171009
62,0,0.10,0.6625752338403306
62,0,0.15,0.8941996273836372
62,0,0.20,0.915726173457299
62,0,0.25,0.7160533804304001
62,0,0.30,0.7845237814584786
62,0,0.35,0.8527993981338315
62,0,0.40,0.8868101606779409
62,0,0.45,0.8675537723603142
62,0,0.50,0.9486514894370642
62,0,0.55,0.9420040458825176
62,0,0.60,0.8420058425590925
62,0,0.65,0.9123287584489247
62,0,0.70,0.8783495631454765
62,0,0.75,0.6864938657409357
62,0,0.80,0.8213498428667693
62,0,0.85,0.9090725900553399
62,0,0.90,0.912604121511745
62,0,0.95,0.863663468480401
62,1,0.05,-2.521306490549393
62,1,0.10,0.31121403560689853
62,1,0.15,0.8608360186807318
62,1,0.20,0.8012796918207277
62,1,0.25,0.8640969796965912
62,1,0.30,0.906692718073945
62,1,0.35,0.8411854409591617
62,1,0.40,0.9210649253811276
62,1,0.45,0.8865887166986066
62,1,0.50,0.8571629251986531
62,1,0.55,0.8878922597278728
62,1,0.60,0.8935824436237143
62,1,0.65,0.8958067953310945
62,1,0.70,0.8967137151026608
62,1,0.75,0.9485594293001622
62,1,0.80,0.9011528413977827
62,1,0.85,0.8059149571655824
62,1,0.90,0.8737509288747028
62,1,0.95,0.8872799226119111
62,2,0.05,0.8840666366289446
62,2,0.10,0.8323424377458344
62,2,0.15,0.6572469229216442
62,2,0.20,0.9301719909805142
62,2,0.25,0.5206760951326519
62,2,0.30,0.8460927413564417
62,2,0.35,0.9223762990502967
62,2,0.40,0.7380321311172832
62,2,0.45,0.9483884853282676
62,2,0.50,0.8310136586104282
62,2,0.55,0.9036121877447796
62,2,0.60,0.8889958180302421
62,2,0.65,0.821266648240154
62,2,0.70,0.9207149316734958
62,2,0.75,0.9380719198509817
62,2,0.80,0.8828874275746121
62,2,0.85,0.9098448762013932
62,2,0.90,0.8834406747276755
62,2,0.95,0.8286073985835561
62,3,0.05,-0.22675928553137958
62,3,0.10,0.7189993582850766
62,3,0.15,0.8208488330565148
62,3,0.20,0.9528456089803463
62,3,0.25,0.5340959191051995
62,3,0.30,0.8021346896883192
62,3,0.35,0.8773147339897024
62,3,0.40,0.793552287218169
62,3,0.45,0.8651881360025935
62,3,0.50,0.8539863117753298
62,3,0.55,0.8282788855406946
62,3,0.60,0.7581319116024379
62,3,0.65,0.8299231993950829
62,3,0.70,0.8605320606896083
62,3,0.75,0.9269139968862308
62,3,0.80,0.9588398078019729
62,3,0.85,0.86770769318044
62,3,0.90,0.9015469684887611
62,3,0.95,0.9310339219041643
62,4,0.05,0.864336368604373
62,4,0.10,0.6968760897486609
62,4,0.15,0.9567889597361007
62,4,0.20,0.8830813375880422
62,4,0.25,0.8107963329114078
62,4,0.30,0.8160992419040927
62,4,0.35,0.7396027275697582
62,4,0.40,0.9346560836560185
62,4,0.45,0.9494088511160217
62,4,0.50,0.9174209101927059
62,4,0.55,0.8791665656102774
62,4,0.60,0.9204512896453763
62,4,0.65,0.8131843512255073
62,4,0.70,0.895818542661877
62,4,0.75,0.882738964601525
62,4,0.80,0.9050231665451922
62,4,0.85,0.8539853162493944
62,4,0.90,0.8760688841823532
62,4,0.95,0.8958677438272381
62,5,0.05,-0.29825625519604726
62,5,0.10,0.6295138280127741
62,5,0.15,0.7984155718515548
62,5,0.20,0.9551733478237708
62,5,0.25,0.7918013100427158
62,5,0.30,0.8527062131235297
62,5,0.35,0.912859798620755
62,5,0.40,0.9565473229935076
62,5,0.45,0.8958062957180365
62,5,0.50,0.893619144301302
62,5,0.55,0.8593470278366377
62,5,0.60,0.8155970530857591
62,5,0.65,0.9203726281068592
62,5,0.70,0.9101083328708296
62,5,0.75,0.9314132701677951
62,5,0.80,0.8790770806421468
62,5,0.85,0.9127567614196208
62,5,0.90,0.849266375349643
62,5,0.95,0.8350290981176615
62,6,0.05,0.6280844169020043
62,6,0.10,0.8708013490444767
62,6,0.15,0.4040559999696094
62,6,0.20,0.7583361575210614
62,6,0.25,0.9249536648165754
62,6,0.30,0.9060050970951059
62,6,0.35,0.9296687332141188
62,6,0.40,0.8934273869004591
62,6,0.45,0.8236566898965497
62,6,0.50,0.8706722079720384
62,6,0.55,0.8566969961065608
62,6,0.60,0.865458316951573
62,6,0.65,0.8215050710443913
62,6,0.70,0.903742387754276
62,6,0.75,0.896195216935248
62,6,0.80,0.927403668784084
62,6,0.85,0.9344888981120567
62,6,0.90,0.9197189564313596
62,6,0.95,0.8766289410217731
62,7,0.05,0.12063188051275198
62,7,0.10,0.9285807668729572
62,7,0.15,0.7894591089781887
62,7,0.20,0.48279772706029855
62,7,0.25,0.7427062704340788
62,7,0.30,0.8531616156072297
62,7,0.35,0.920936424939274
62,7,0.40,0.8250289520522447
62,7,0.45,0.9153420851122831
62,7,0.50,0.8956865977209679
62,7,0.55,0.8468075582983691
62,7,0.60,0.84648200625227
62,7,0.65,0.8291502641276187
62,7,0.70,0.6807366202308067
62,7,0.75,0.9201648326092875
62,7,0.80,0.8773767105992211
62,7,0.85,0.8766773573895762
62,7,0.90,0.8702509191867871
62,7,0.95,0.8758989809873189
62,8,0.05,-0.016230442660112754
62,8,0.10,0.9097096602659921
62,8,0.15,0.4914302532636282
62,8,0.20,0.8481770786327132
62,8,0.25,0.6807287691250719
62,8,0.30,0.7385986094229844
62,8,0.35,0.8710105650515667
62,8,0.40,0.8552873502983773
62,8,0.45,0.8296324165673832
62,8,0.50,0.8620117739602506
62,8,0.55,0.8813342996967416
62,8,0.60,0.9001236595427937
62,8,0.65,0.7626317315640541
62,8,0.70,0.8882889465793792
62,8,0.75,0.946297756075139
62,8,0.80,0.8729478575964752
62,8,0.85,0.9152869782809893
62,8,0.90,0.8978471046064667
62,8,0.95,0.7277402249170821
62,9,0.05,0.7749749281522414
62,9,0.10,0.17029205323295948
62,9,0.15,0.43945412445560206
62,9,0.20,0.9344727431340869
62,9,0.25,0.8802652561350681
62,9,0.30,0.7062939938787969
62,9,0.35,0.929300253348129
62,9,0.40,0.8767315043932746
62,9,0.45,0.8196626861283912
62,9,0.50,0.9167278021251134
62,9,0.55,0.8691313683467015
62,9,0.60,0.8950104312012961
62,9,0.65,0.8441836430416921
62,9,0.70,0.8844152796776613
62,9,0.75,0.9048179636381013
62,9,0.80,0.9398395351684911
62,9,0.85,0.9346011980267807
62,9,0.90,0.7576206228253621
62,9,0.95,0.8426285783789623
63,0,0.05,0.9664732295354405
63,0,0.10,0.5942111732716941
63,0,0.15,0.9466224384721613
63,0,0.20,0.7894210688671455
63,0,0.25,0.8148215633329444
63,0,0.30,0.7023955096214347
63,0,0.35,0.8833855751703583
63,0,0.40,0.8223310402493733
63,0,0.45,0.8821469110458503
63,0,0.50,0.8509354303387857
63,0,0.55,0.8758097038214114
63,0,0.60,0.9129017576241893
63,0,0.65,0.9064522414838441
63,0,0.70,0.9182855930943723
63,0,0.75,0.9299984458196935
63,0,0.80,0.9266827932199262
63,0,0.85,0.9177739077957966
63,0,0.90,0.8625280932598002
63,0,0.95,0.8986546886384211
63,1,0.05,0.17652331127510512
63,1,0.10,0.030362285754965246
63,1,0.15,0.6891423229748288
63,1,0.20,0.7846876235811389
63,1,0.25,0.6609320377794772
63,1,0.30,0.9182901091909984
63,1,0.35,0.8873657945395238
63,1,0.40,0.8689102798754751
63,1,0.45,0.7766849236699956
63,1,0.50,0.8877357592311922
63,1,0.55,0.954327424045946
63,1,0.60,0.9557637057714146
63,1,0.65,0.7734379660343025
63,1,0.70,0.9236188099409679
63,1,0.75,0.9119735529550284
63,1,0.80,0.8746769353246864
63,1,0.85,0.8706337882071586
63,1,0.90,0.9153487863096156
63,1,0.95,0.8932418211546839
63,2,0.05,0.4930117214776796
63,2,0.10,0.8745842539979345
63,2,0.15,0.9576595863927748
63,2,0.20,0.7584063473510321
63,2,0.25,0.7214143754248498
63,2,0.30,0.9706078882273917
63,2,0.35,0.9660421398555604
63,2,0.40,0.9305623811329795
63,2,0.45,0.8807189383592199
63,2,0.50,0.8196051487091583
63,2,0.55,0.642527616018205
63,2,0.60,0.672568485688934
63,2,0.65,0.9534005178197107
63,2,0.70,0.9125128674681069
63,2,0.75,0.9433437821630128
63,2,0.80,0.9117967419785961
63,2,0.85,0.9256485703486768
63,2,0.90,0.8976381006692179
63,2,0.95,0.8941048006076067
63,3,0.05,-2.978353454274166
63,3,0.10,0.8024090418712142
63,3,0.15,0.9615406601726076
63,3,0.20,0.8067338406271747
63,3,0.25,0.8271072614048421
63,3,0.30,0.8995537725232372
63,3,0.35,0.8996366859877849
63,3,0.40,0.7676575068898303
63,3,0.45,0.6976818392531485
63,3,0.50,0.9283302921251255
63,3,0.55,0.9151968568699647
63,3,0.60,0.8340846380310456
63,3,0.65,0.8540214270886511
63,3,0.70,0.8672388576161341
63,3,0.75,0.882644190337489
63,3,0.80,0.940191323264084
63,3,0.85,0.8848328106034934
63,3,0.90,0.9241739199390478
63,3,0.95,0.8507969231161409
63,4,0.05,0.3243900218280633
63,4,0.10,0.448595067685018
63,4,0.15,0.7231732746366897
63,4,0.20,0.8444293316404006
63,4,0.25,0.6478596643069942
63,4,0.30,0.8284476068431993
63,4,0.35,0.8067345567715654
63,4,0.40,0.9143414017842242
63,4,0.45,0.9549694039628559
63,4,0.50,0.7476190779434899
63,4,0.55,0.8858175655246735
63,4,0.60,0.9150144562307676
63,4,0.65,0.9525318276769273
63,4,0.70,0.8658468229798677
63,4,0.75,0.9373292414978255
63,4,0.80,0.9007052844948129
63,4,0.85,0.8962209569354381
63,4,0.90,0.8692990088615223
63,4,0.95,0.8704866238885322
63,5,0.05,0.5443841465817296
63,5,0.10,0.4169998097406603
63,5,0.15,0.7883925214474709
63,5,0.20,0.952047813458973
63,5,0.25,0.7761207498581512
63,5,0.30,0.8177628235320594
63,5,0.35,0.897273195978522
63,5,0.40,0.8360734353376373
63,5,0.45,0.7719590564469527
63,5,0.50,0.8485474876059439
63,5,0.55,0.9269523706191334
63,5,0.60,0.9056254056687636
63,5,0.65,0.9377651474209232
63,5,0.70,0.8554408165098649
63,5,0.75,0.871098921140832
63,5,0.80,0.9218587957991191
63,5,0.85,0.9245549511685348
63,5,0.90,0.8985572487654516
63,5,0.95,0.8745428621463942
63,6,0.05,0.6515379840475858
63,6,0.10,0.7439490384850915
63,6,0.15,0.9048319041279225
63,6,0.20,0.949640397474373
63,6,0.25,0.8714445491734982
63,6,0.30,0.8985097664885071
63,6,0.35,0.7712640678830809
63,6,0.40,0.9504506166946205
63,6,0.45,0.9214063490843126
63,6,0.50,0.9032795931980071
63,6,0.55,0.8745936653858517
63,6,0.60,0.8296757523070473
63,6,0.65,0.8732872341501787
63,6,0.70,0.8768934893889728
63,6,0.75,0.8310763240615024
63,6,0.80,0.8615039813481687
63,6,0.85,0.9253591180411153
63,6,0.90,0.8922145383986151
63,6,0.95,0.91554006752264
63,7,0.05,0.11145411583006992
63,7,0.10,0.8119800552786143
63,7,0.15,0.8268953910986678
63,7,0.20,0.8807794010266398
63,7,0.25,0.8631891601880531
63,7,0.30,0.9293764024197532
63,7,0.35,0.8857835282076538
63,7,0.40,0.966694477865502
63,7,0.45,0.8712678971617344
63,7,0.50,0.8827605712217574
63,7,0.55,0.9360975770530193
63,7,0.60,0.9216401983065181
63,7,0.65,0.89145599537913
63,7,0.70,0.863873219003517
63,7,0.75,0.9356772935827745
63,7,0.80,0.8488381883492557
63,7,0.85,0.9056562490888483
63,7,0.90,0.8717856523122645
63,7,0.95,0.8783513787412106
63,8,0.05,0.23229382384944297
63,8,0.10,0.8646916459468695
63,8,0.15,0.5424766764694543
63,8,0.20,0.9432378389267033
63,8,0.25,0.8337696772593578
63,8,0.30,0.9185611295881764
63,8,0.35,0.9565343320076108
63,8,0.40,0.8572257145879518
63,8,0.45,0.9152133754216032
63,8,0.50,0.8233388901543266
63,8,0.55,0.8698872298392001
63,8,0.60,0.9328365839880103
63,8,0.65,0.9245225492457946
63,8,0.70,0.9191218195659283
63,8,0.75,0.9158653467278692
63,8,0.80,0.9113176347741234
63,8,0.85,0.9171405688238488
63,8,0.90,0.9110846043970895
63,8,0.95,0.9160080316260599
63,9,0.05,0.04503991390128936
63,9,0.10,0.18993842005201889
63,9,0.15,0.8258479347337218
63,9,0.20,0.9008514590475553
63,9,0.25,0.7588241966541096
63,9,0.30,0.8828426454596054
63,9,0.35,0.9014820791278423
63,9,0.40,0.8824756207788524
63,9,0.45,0.7833103287767531
63,9,0.50,0.8728352397303021
63,9,0.55,0.9017608063918735
63,9,0.60,0.9163434652371887
63,9,0.65,0.9185012589408501
63,9,0.70,0.8993247126554843
63,9,0.75,0.8273594734982939
63,9,0.80,0.8966529020513478
63,9,0.85,0.8322406000125173
63,9,0.90,0.8033468112371387
63,9,0.95,0.8992097021352244
64,0,0.05,0.8997079863920138
64,0,0.10,0.3389218605869009
64,0,0.15,0.9444764673416011
64,0,0.20,0.8909284547780544
64,0,0.25,0.678290087377003
64,0,0.30,0.7830489078943972
64,0,0.35,0.9325893715642518
64,0,0.40,0.9757346833897274
64,0,0.45,0.9162096981045522
64,0,0.50,0.8829805014472822
64,0,0.55,0.923350532752935
64,0,0.60,0.9240364622234346
64,0,0.65,0.9446983448141957
64,0,0.70,0.8820480391309081
64,0,0.75,0.9161516354701074
64,0,0.80,0.8721031572817003
64,0,0.85,0.9323180140275533
64,0,0.90,0.8443383620881867
64,0,0.95,0.9032921522890588
64,1,0.05,0.6880487093758311
64,1,0.10,0.8274498032697439
64,1,0.15,0.7165255382915336
64,1,0.20,0.5656514013863178
64,1,0.25,0.8564730394061764
64,1,0.30,0.8024067775915428
64,1,0.35,0.9524141310655813
64,1,0.40,0.9381051329234855
64,1,0.45,0.9280843850822078
64,1,0.50,0.8968077934774524
64,1,0.55,0.8728074985811552
64,1,0.60,0.9418589666432752
64,1,0.65,0.8325467553044056
64,1,0.70,0.8446104742379166
64,1,0.75,0.823717951763852
64,1,0.80,0.8890924885517758
64,1,0.85,0.8296108860688517
64,1,0.90,0.8715621854986926
64,1,0.95,0.8933145203633601
64,2,0.05,0.2937518743390882
64,2,0.10,0.8807780549983266
64,2,0.15,0.7472634038654562
64,2,0.20,0.8897308791675871
64,2,0.25,0.7853505705973899
64,2,0.30,0.920279184580807
64,2,0.35,0.858880426676761
64,2,0.40,0.9236951841206915
64,2,0.45,0.9433138253808095
64,2,0.50,0.8901895961510754
64,2,0.55,0.9286430394052261
64,2,0.60,0.8811771301828121
64,2,0.65,0.9387122872414284
64,2,0.70,0.8882299576729659
64,2,0.75,0.8942808325553008
64,2,0.80,0.8429112102813812
64,2,0.85,0.856760733114784
64,2,0.90,0.8721704553111398
64,2,0.95,0.8131558649276617
64,3,0.05,0.9589306586430962
64,3,0.10,0.6359883964645936
64,3,0.15,0.5957182168225486
64,3,0.20,0.616201065401982
64,3,0.25,0.8424755844321048
64,3,0.30,0.8543177069532766
64,3,0.35,0.8985215284262058
64,3,0.40,0.9145873311100734
64,3,0.45,0.8897212746374512
64,3,0.50,0.9281770064506819
64,3,0.55,0.9413663772650538
64,3,0.60,0.8260668445535757
64,3,0.65,0.9477066260533492
64,3,0.70,0.9165127478594829
64,3,0.75,0.869787118728422
64,3,0.80,0.732697078211014
64,3,0.85,0.9247176786451136
64,3,0.90,0.7702708097428104
64,3,0.95,0.8266058861908684
64,4,0.05,0.4560926847879513
64,4,0.10,0.6953682273505489
64,4,0.15,0.5905921978548321
64,4,0.20,0.7747308210371906
64,4,0.25,0.6449973475505963
64,4,0.30,0.8236487095845837
64,4,0.35,0.906128513676159
64,4,0.40,0.8805931927637827
64,4,0.45,0.9321807244753205
64,4,0.50,0.9186102805342716
64,4,0.55,0.9473527220739841
64,4,0.60,0.9185649779741508
64,4,0.65,0.8583789213053967
64,4,0.70,0.8865325339464796
64,4,0.75,0.9303598090894143
64,4,0.80,0.8076176032981868
64,4,0.85,0.8072333005212324
64,4,0.90,0.9126894145141737
64,4,0.95,0.8628731188227698
64,5,0.05,0.8809004763067296
64,5,0.10,0.5270936647222921
64,5,0.15,0.8400841991403921
64,5,0.20,0.41254806485564377
64,5,0.25,0.7385549424914934
64,5,0.30,0.8805596032346815
64,5,0.35,0.809615857567701
64,5,0.40,0.9229927699103605
64,5,0.45,0.9059388331595185
64,5,0.50,0.8925777151247476
64,5,0.55,0.9121464280348035
64,5,0.60,0.876353005108631
64,5,0.65,0.8632249619360632
64,5,0.70,0.9096256182391185
64,5,0.75,0.8550941014175806
64,5,0.80,0.934587442502917
64,5,0.85,0.9513123921356397
64,5,0.90,0.8607227085301963
64,5,0.95,0.7973818889454776
64,6,0.05,0.19543417646671735
64,6,0.10,0.26838625321714926
64,6,0.15,0.5241858447729009
64,6,0.20,0.8247140241103116
64,6,0.25,0.7805287897972597
64,6,0.30,0.7705632288904142
64,6,0.35,0.9403190521264458
64,6,0.40,0.8704431286792511
64,6,0.45,0.617293885949596
64,6,0.50,0.864507453112074
64,6,0.55,0.8298218385547849
64,6,0.60,0.8120212569701604
64,6,0.65,0.927025759372972
64,6,0.70,0.8833057192434774
64,6,0.75,0.8336257034000946
64,6,0.80,0.8783782105256873
64,6,0.85,0.8702237720379266
64,6,0.90,0.9348724714622876
64,6,0.95,0.9347945886981855
64,7,0.05,0.8025199843037786
64,7,0.10,0.7583787995333098
64,7,0.15,0.807850602356039
64,7,0.20,0.820624034203363
64,7,0.25,0.8815747501459209
64,7,0.30,0.8643071471094826
64,7,0.35,0.9218196030914478
64,7,0.40,0.922586355495356
64,7,0.45,0.9230314624645215
64,7,0.50,0.9287925532041121
64,7,0.55,0.9327686691394583
64,7,0.60,0.8437227333993687
64,7,0.65,0.9456562686083906
64,7,0.70,0.8927524766572948
64,7,0.75,0.8815618906921756
64,7,0.80,0.8934640906258078
64,7,0.85,0.8597635913416637
64,7,0.90,0.8041707726330718
64,7,0.95,0.830178686807519
64,8,0.05,0.9598038960008519
64,8,0.10,0.866389634039386
64,8,0.15,0.8272034948076785
64,8,0.20,0.7756822910793779
64,8,0.25,0.8275297026382318
64,8,0.30,0.8967853376494082
64,8,0.35,0.8634078567939698
64,8,0.40,0.8654532932291576
64,8,0.45,0.9047090625068377
64,8,0.50,0.9141583472240311
64,8,0.55,0.8213695481956856
64,8,0.60,0.7900713102470259
64,8,0.65,0.961017821644114
64,8,0.70,0.8882285121871715
64,8,0.75,0.8440592222950166
64,8,0.80,0.9336844544516909
64,8,0.85,0.8826422642454055
64,8,0.90,0.8074593585443313
64,8,0.95,0.9369007013301298
64,9,0.05,0.1256088079318307
64,9,0.10,0.6229443228942619
64,9,0.15,0.7098934267990329
64,9,0.20,0.7481119226907125
64,9,0.25,0.9022586585728873
64,9,0.30,0.6903234092567594
64,9,0.35,0.8302011631286664
64,9,0.40,0.9476954097305613
64,9,0.45,0.9408823161408136
64,9,0.50,0.8039277318719682
64,9,0.55,0.9013676283623873
64,9,0.60,0.9431943557542716
64,9,0.65,0.9088521142492312
64,9,0.70,0.9458794570092448
64,9,0.75,0.8702206658273512
64,9,0.80,0.9351301247041763
64,9,0.85,0.8168689329437115
64,9,0.90,0.8535912629095315
64,9,0.95,0.9101189235791751
65,0,0.05,0.8571932977093077
65,0,0.10,0.9474331187622687
65,0,0.15,0.8672158205591051
65,0,0.20,0.5574169021073525
65,0,0.25,0.7811777714233601
65,0,0.30,0.7081801061076349
65,0,0.35,0.6956568484361473
65,0,0.40,0.7516753108494765
65,0,0.45,0.8660553403921389
65,0,0.50,0.9382903369558168
65,0,0.55,0.8796920086731117
65,0,0.60,0.8242410249043548
65,0,0.65,0.89669706406675
65,0,0.70,0.8843596143644982
65,0,0.75,0.849958169523408
65,0,0.80,0.9407042669758054
65,0,0.85,0.9554993966866284
65,0,0.90,0.8037721714341534
65,0,0.95,0.8319608497594622
65,1,0.05,0.342711594660809
65,1,0.10,0.9057499523858503
65,1,0.15,0.6668926540744632
65,1,0.20,0.8033618281717965
65,1,0.25,0.8832855122733781
65,1,0.30,0.898629753376401
65,1,0.35,0.727789871407059
65,1,0.40,0.815864874412155
65,1,0.45,0.7515387077098012
65,1,0.50,0.9205447190358971
65,1,0.55,0.6867588809822089
65,1,0.60,0.8710899742863754
65,1,0.65,0.9337676158766928
65,1,0.70,0.849918512350037
65,1,0.75,0.7772222637832409
65,1,0.80,0.9410874808236354
65,1,0.85,0.9054903731530793
65,1,0.90,0.90627312264281
65,1,0.95,0.9189226201061562
65,2,0.05,0.8899240797408399
65,2,0.10,0.3119976510439778
65,2,0.15,0.5524486369821997
65,2,0.20,0.9620152045360677
65,2,0.25,0.9433627412148484
65,2,0.30,0.7131670864759392
65,2,0.35,0.7601393470833097
65,2,0.40,0.786938765855513
65,2,0.45,0.7555316548791479
65,2,0.50,0.7716780754982705
65,2,0.55,0.8498467203793998
65,2,0.60,0.7932421697815715
65,2,0.65,0.8839545525356662
65,2,0.70,0.9082682764129577
65,2,0.75,0.9088434707848075
65,2,0.80,0.9446044868294468
65,2,0.85,0.8729042804853437
65,2,0.90,0.9175666512159065
65,2,0.95,0.9458029173376686
65,3,0.05,0.7258817841610639
65,3,0.10,0.6129713250901445
65,3,0.15,0.8384629844564482
65,3,0.20,0.6708903395801831
65,3,0.25,0.8699794553482456
65,3,0.30,0.8526977436861879
65,3,0.35,0.7628064613927725
65,3,0.40,0.7162247531040953
65,3,0.45,0.6983108903139117
65,3,0.50,0.7639035839940815
65,3,0.55,0.7734515199381101
65,3,0.60,0.8065947790652583
65,3,0.65,0.8447552038833913
65,3,0.70,0.773334517172501
65,3,0.75,0.9583405088437439
65,3,0.80,0.8497745038048888
65,3,0.85,0.8686615431462742
65,3,0.90,0.8410437823995084
65,3,0.95,0.9289938907771008
65,4,0.05,0.8881116948195429
65,4,0.10,0.7942087081744917
65,4,0.15,0.9111831400935486
65,4,0.20,0.7655129439286884
65,4,0.25,0.8332403582514216
65,4,0.30,0.6555157779797942
65,4,0.35,0.7841064428823666
65,4,0.40,0.9329185294487262
65,4,0.45,0.888574262694624
65,4,0.50,0.8534110657683036
65,4,0.55,0.729425492311226
65,4,0.60,0.9221126531741884
65,4,0.65,0.7893803430826869
65,4,0.70,0.8870154857738504
65,4,0.75,0.9419524135231837
65,4,0.80,0.8678679526034637
65,4,0.85,0.8330084087803039
65,4,0.90,0.876677991879413
65,4,0.95,0.8624453099410234
65,5,0.05,0.32459413583535957
65,5,0.10,0.7519391719384414
65,5,0.15,0.619289492839271
65,5,0.20,0.82934095366226
65,5,0.25,0.9635114237484546
65,5,0.30,0.80051998599225
65,5,0.35,0.8042022414318839
65,5,0.40,0.9100096113387486
65,5,0.45,0.8398498806260499
65,5,0.50,0.9573171333753998
65,5,0.55,0.9465311977409282
65,5,0.60,0.9090940064678433
65,5,0.65,0.8352452349588338
65,5,0.70,0.8445398804616753
65,5,0.75,0.9252099205597479
65,5,0.80,0.951433379632897
65,5,0.85,0.8755221895391816
65,5,0.90,0.8042929326921718
65,5,0.95,0.8652233638317968
65,6,0.05,0.9676832192320075
65,6,0.10,0.831145392264253
65,6,0.15,0.7726706641676507
65,6,0.20,0.9513699103680424
65,6,0.25,0.8685388969484491
65,6,0.30,0.763798248546033
65,6,0.35,0.6073006973214747
65,6,0.40,0.7959030436709309
65,6,0.45,0.8010595285115835
65,6,0.50,0.8960626978242018
65,6,0.55,0.8611489906475478
65,6,0.60,0.7778131988427152
65,6,0.65,0.8446314472903832
65,6,0.70,0.9438911151100684
65,6,0.75,0.826850698989625
65,6,0.80,0.9032505386984607
65,6,0.85,0.8840271488289144
65,6,0.90,0.8839231921790761
65,6,0.95,0.8484451225838368
65,7,0.05,0.6429092200396549
65,7,0.10,0.6955210899455404
65,7,0.15,0.64248120623734
65,7,0.20,0.7636882687676225
65,7,0.25,0.8619823632416425
65,7,0.30,0.7365811474531183
65,7,0.35,0.8196927838032568
65,7,0.40,0.8795599975196238
65,7,0.45,0.915026254940914
65,7,0.50,0.8559379741406619
65,7,0.55,0.887762068729347
65,7,0.60,0.8536121126387333
65,7,0.65,0.8007772467991189
65,7,0.70,0.9088127736986414
65,7,0.75,0.8588483358279594
65,7,0.80,0.8779563635993878
65,7,0.85,0.8969513262858843
65,7,0.90,0.8271718354380289
65,7,0.95,0.8429070379725481
65,8,0.05,0.8726507645962167
65,8,0.10,0.6602037400409129
65,8,0.15,0.5676694927719781
65,8,0.20,0.615256558781685
65,8,0.25,0.9543980212703191
65,8,0.30,0.9360354636014317
65,8,0.35,0.8135805113390433
65,8,0.40,0.647100038787463
65,8,0.45,0.677354146960754
65,8,0.50,0.8461685218155945
65,8,0.55,0.6947640338611161
65,8,0.60,0.7790883503509679
65,8,0.65,0.8306207477613488
65,8,0.70,0.8478642221724484
65,8,0.75,0.9199936492663763
65,8,0.80,0.9148786864685888
65,8,0.85,0.870405196826366
65,8,0.90,0.8741966371619176
65,8,0.95,0.9207246998027276
65,9,0.05,0.9835946926689838
65,9,0.10,0.8130856041261257
65,9,0.15,0.7645430796155851
65,9,0.20,0.9090071218306782
65,9,0.25,0.8399589387407898
65,9,0.30,0.8804737025707785
65,9,0.35,0.865373202221605
65,9,0.40,0.8817730185911009
65,9,0.45,0.8485886671459465
65,9,0.50,0.8711995703817231
65,9,0.55,0.8385373653547371
65,9,0.60,0.8417986275718974
65,9,0.65,0.844584574503126
65,9,0.70,0.9008225002816476
65,9,0.75,0.8806902411525881
65,9,0.80,0.905484741579244
65,9,0.85,0.8364125925079988
65,9,0.90,0.8580893446330967
65,9,0.95,0.9030193041975779
66,0,0.05,0.8625373295380625
66,0,0.10,0.6885720926946544
66,0,0.15,0.8647461345092347
66,0,0.20,0.5546639839068062
66,0,0.25,0.5085234880862588
66,0,0.30,0.7578533449512207
66,0,0.35,0.7893707436760504
66,0,0.40,0.860485467908187
66,0,0.45,0.8258408137807411
66,0,0.50,0.8937084656692027
66,0,0.55,0.8116915092103706
66,0,0.60,0.9114577649995128
66,0,0.65,0.9116424528867708
66,0,0.70,0.9252039196124222
66,0,0.75,0.9440221442397994
66,0,0.80,0.8687289817731942
66,0,0.85,0.9188720442155422
66,0,0.90,0.8538919067333033
66,0,0.95,0.9496634659743854
66,1,0.05,-0.08007262785337943
66,1,0.10,0.42924039927257407
66,1,0.15,0.8814787860598394
66,1,0.20,0.5370253010387831
66,1,0.25,0.7444419067860368
66,1,0.30,0.8243204377655374
66,1,0.35,0.763444721995469
66,1,0.40,0.7952217762048208
66,1,0.45,0.8666889076447796
66,1,0.50,0.8850689003667498
66,1,0.55,0.9346271554575678
66,1,0.60,0.8404528630361172
66,1,0.65,0.9104537538123263
66,1,0.70,0.9159918638806213
66,1,0.75,0.8353651869431824
66,1,0.80,0.8517912778893793
66,1,0.85,0.94346587893478
66,1,0.90,0.9314040017283779
66,1,0.95,0.9131110064730874
66,2,0.05,0.9525330625982394
66,2,0.10,0.7889510684521861
66,2,0.15,0.8192468005221177
66,2,0.20,0.41933337522801295
66,2,0.25,0.7912487366673294
66,2,0.30,0.7898379936606765
66,2,0.35,0.8874618708550743
66,2,0.40,0.719465683484827
66,2,0.45,0.8692772517806029
66,2,0.50,0.8235100829739116
66,2,0.55,0.9444868101321373
66,2,0.60,0.9313701750639187
66,2,0.65,0.9106557197941556
66,2,0.70,0.9468950157223155
66,2,0.75,0.9177971114382542
66,2,0.80,0.9164201795218112
66,2,0.85,0.944611830753009
66,2,0.90,0.9293902046214957
66,2,0.95,0.8579490425051279
66,3,0.05,0.8545685543089084
66,3,0.10,0.7454527295188714
66,3,0.15,0.8084885782217478
66,3,0.20,0.6715927582516537
66,3,0.25,0.7006396734603098
66,3,0.30,0.7744284606638809
66,3,0.35,0.6726821398808518
66,3,0.40,0.8096728096389139
66,3,0.45,0.7972305846224375
66,3,0.50,0.9209967803786455
66,3,0.55,0.8432284650122168
66,3,0.60,0.8993756132978126
66,3,0.65,0.9086098118522122
66,3,0.70,0.7459303909070021
66,3,0.75,0.9145250363271302
66,3,0.80,0.9131891563280816
66,3,0.85,0.834470558582274
66,3,0.90,0.8402117926427477
66,3,0.95,0.8455401289125601
66,4,0.05,0.943724318641041
66,4,0.10,0.7459410770778121
66,4,0.15,0.8288689192394778
66,4,0.20,0.7219182316888904
66,4,0.25,0.8203953705228938
66,4,0.30,0.8734065845203745
66,4,0.35,0.7984151765856993
66,4,0.40,0.850333107177177
66,4,0.45,0.9080723670469952
66,4,0.50,0.7653445255575293
66,4,0.55,0.9291935035199509
66,4,0.60,0.8483554277457558
66,4,0.65,0.826531779626325
66,4,0.70,0.8675389215395306
66,4,0.75,0.9405442846523693
66,4,0.80,0.8513256558129894
66,4,0.85,0.8678829760614563
66,4,0.90,0.8861861096590659
66,4,0.95,0.8301807606309604
66,5,0.05,0.3722328133687637
66,5,0.10,0.7710299615355823
66,5,0.15,0.9595086461182908
66,5,0.20,0.8300428056931727
66,5,0.25,0.8092995825967828
66,5,0.30,0.8538582412247397
66,5,0.35,0.6612135617459604
66,5,0.40,0.7821304335898488
66,5,0.45,0.8669189718455045
66,5,0.50,0.9058931165044604
66,5,0.55,0.8335975645474749
66,5,0.60,0.8841683890470529
66,5,0.65,0.8511478495506222
66,5,0.70,0.879583073283725
66,5,0.75,0.8391669008555901
66,5,0.80,0.8542606361057871
66,5,0.85,0.8463237519584352
66,5,0.90,0.941952680463776
66,5,0.95,0.8612764777988788
66,6,0.05,0.9330251756973861
66,6,0.10,0.47577428449276604
66,6,0.15,0.7738865923511009
66,6,0.20,0.9182545305131019
66,6,0.25,0.8757195493828986
66,6,0.30,0.8588325651570105
66,6,0.35,0.8771668025506314
66,6,0.40,0.8675776800809474
66,6,0.45,0.7582391898513228
66,6,0.50,0.7064636992247323
66,6,0.55,0.9071375965881449
66,6,0.60,0.9418064916418016
66,6,0.65,0.8724031538125822
66,6,0.70,0.8856907874397336
66,6,0.75,0.9570835713856863
66,6,0.80,0.9260299782480735
66,6,0.85,0.8369042805283389
66,6,0.90,0.9241480255781077
66,6,0.95,0.8825963084302307
66,7,0.05,0.4628460091674961
66,7,0.10,0.6108607127441372
66,7,0.15,0.7319497648759907
66,7,0.20,0.7239309154655036
66,7,0.25,0.7723548386724193
66,7,0.30,0.704049840443622
66,7,0.35,0.9344126598223995
66,7,0.40,0.9164941273535397
66,7,0.45,0.8157357414348513
66,7,0.50,0.8557614806217886
66,7,0.55,0.8855420725546217
66,7,0.60,0.9086276079033138
66,7,0.65,0.8844647469373828
66,7,0.70,0.9044712820144664
66,7,0.75,0.8899061484265572
66,7,0.80,0.8093520473329393
66,7,0.85,0.858631844446469
66,7,0.90,0.9011761374338613
66,7,0.95,0.8853831989811306
66,8,0.05,0.4575641278048588
66,8,0.10,0.9222590260340382
66,8,0.15,0.7997654921809977
66,8,0.20,0.8380783888578549
66,8,0.25,0.7865395893031517
66,8,0.30,0.8543412247240242
66,8,0.35,0.8049388328239132
66,8,0.40,0.8434295744503214
66,8,0.45,0.8614588644102434
66,8,0.50,0.886516213633365
66,8,0.55,0.9067537011124616
66,8,0.60,0.8966732838865421
66,8,0.65,0.8815869254222505
66,8,0.70,0.9404635442077787
66,8,0.75,0.8981683025409372
66,8,0.80,0.8974074098251317
66,8,0.85,0.9417310971268983
66,8,0.90,0.8567025708539175
66,8,0.95,0.869320040965811
66,9,0.05,0.9410656831888773
66,9,0.10,0.9185839343647856
66,9,0.15,0.6789700069893194
66,9,0.20,0.7288854888289706
66,9,0.25,0.7285798024991015
66,9,0.30,0.6213499597321448
66,9,0.35,0.7474293094286575
66,9,0.40,0.8585956529906829
66,9,0.45,0.8003712503812149
66,9,0.50,0.6788880612172812
66,9,0.55,0.9223493988470877
66,9,0.60,0.9042689647323656
66,9,0.65,0.9354611779789996
66,9,0.70,0.9113039462939518
66,9,0.75,0.9197590647510157
66,9,0.80,0.9255295668995577
66,9,0.85,0.8748646866767095
66,9,0.90,0.88520414136793
66,9,0.95,0.8757796663147092
67,0,0.05,0.7176242602901846
67,0,0.10,0.6557951750797576
67,0,0.15,0.9255543160187953
67,0,0.20,0.8460746820112977
67,0,0.25,0.6962131668033305
67,0,0.30,0.8211444260182197
67,0,0.35,0.8912085737256192
67,0,0.40,0.8679074724370203
67,0,0.45,0.9278314101075747
67,0,0.50,0.9090128764555703
67,0,0.55,0.7809570882575892
67,0,0.60,0.8474128415384007
67,0,0.65,0.8547291844019694
67,0,0.70,0.9364424140003709
67,0,0.75,0.8718230646294964
67,0,0.80,0.8154082811937167
67,0,0.85,0.8033564433822258
67,0,0.90,0.8346841995427912
67,0,0.95,0.8361729609093932
67,1,0.05,0.5618314327939089
67,1,0.10,0.8032112914588112
67,1,0.15,0.3071798166454469
67,1,0.20,0.8696100837009269
67,1,0.25,0.7829861579099011
67,1,0.30,0.7567265087647513
67,1,0.35,0.9219864003975229
67,1,0.40,0.9581827807617384
67,1,0.45,0.8826100830438934
67,1,0.50,0.9485142943788787
67,1,0.55,0.9190352620055507
67,1,0.60,0.7284663095941366
67,1,0.65,0.8134087014532007
67,1,0.70,0.9129821371654321
67,1,0.75,0.8655552219343934
67,1,0.80,0.8138160269665642
67,1,0.85,0.8734732254962421
67,1,0.90,0.9187647000790928
67,1,0.95,0.952844219843986
67,2,0.05,0.7604642417503978
67,2,0.10,0.9225300677812712
67,2,0.15,0.7927220534038654
67,2,0.20,0.7578736917549063
67,2,0.25,0.8409357491615882
67,2,0.30,0.8731748374800052
67,2,0.35,0.9140114883330125
67,2,0.40,0.9327415045051656
67,2,0.45,0.8911264902546777
67,2,0.50,0.946122518743375
67,2,0.55,0.9306589302905949
67,2,0.60,0.7668016533256505
67,2,0.65,0.9048846554099533
67,2,0.70,0.7159726630752812
67,2,0.75,0.8041636810175552
67,2,0.80,0.8961697358434199
67,2,0.85,0.8867171737155919
67,2,0.90,0.8768564893921449
67,2,0.95,0.8805095088315582
67,3,0.05,0.5168231379994966
67,3,0.10,0.6176194853568197
67,3,0.15,0.8464567518194719
67,3,0.20,0.5859362926785432
67,3,0.25,0.7071902713083629
67,3,0.30,0.7104532675085979
67,3,0.35,0.8176347067539292
67,3,0.40,0.9022096166485768
67,3,0.45,0.9078987066132763
67,3,0.50,0.8380709592883583
67,3,0.55,0.915132444537005
67,3,0.60,0.9603426083316747
67,3,0.65,0.8848823700204743
67,3,0.70,0.8972097224214829
67,3,0.75,0.8568490441914656
67,3,0.80,0.8276621407166876
67,3,0.85,0.7385978668954432
67,3,0.90,0.8167621086634369
67,3,0.95,0.9266188131841813
67,4,0.05,0.40836453883793244
67,4,0.10,0.8831962065427603
67,4,0.15,0.7557427765760205
67,4,0.20,0.7613867860119988
67,4,0.25,0.8961244652596745
67,4,0.30,0.893326578724959
67,4,0.35,0.9182655151894381
67,4,0.40,0.8562269993023184
67,4,0.45,0.9542120812752899
67,4,0.50,0.9216218648947798
67,4,0.55,0.7971035997497146
67,4,0.60,0.8276446890960332
67,4,0.65,0.8604746759588953
67,4,0.70,0.7946496756258686
67,4,0.75,0.7766357994871385
67,4,0.80,0.9395649504335445
67,4,0.85,0.823625176082209
67,4,0.90,0.8620732750672995
67,4,0.95,0.9032764877812018
67,5,0.05,0.5420366317660779
67,5,0.10,0.3501440205964269
67,5,0.15,0.7995315628782284
67,5,0.20,0.9214757537283862
67,5,0.25,0.8905936216819142
67,5,0.30,0.8322042890439514
67,5,0.35,0.940028025734214
67,5,0.40,0.7582422330594054
67,5,0.45,0.9128660019084398
67,5,0.50,0.8711461736952253
67,5,0.55,0.8759130802553505
67,5,0.60,0.9055483496850049
67,5,0.65,0.9235533033620018
67,5,0.70,0.905176229350989
67,5,0.75,0.9476071796866353
67,5,0.80,0.82833753887447
67,5,0.85,0.9002537622958907
67,5,0.90,0.9076548590147426
67,5,0.95,0.8473273944623155
67,6,0.05,0.5460832405960256
67,6,0.10,0.5148968737266921
67,6,0.15,0.7816172397926773
67,6,0.20,0.7287812810365846
67,6,0.25,0.9018507466197753
67,6,0.30,0.8414598030621039
67,6,0.35,0.950802779044104
67,6,0.40,0.8935842741049204
67,6,0.45,0.9381585924833888
67,6,0.50,0.8949784154719023
67,6,0.55,0.8428122491761413
67,6,0.60,0.8185976711147875
67,6,0.65,0.6695533697891792
67,6,0.70,0.8580507518802137
67,6,0.75,0.9270680517590587
67,6,0.80,0.7827567249531112
67,6,0.85,0.8342891339575232
67,6,0.90,0.9409756339570075
67,6,0.95,0.9359132028282984
67,7,0.05,-0.4854754305961755
67,7,0.10,0.6063058616463625
67,7,0.15,0.8749427233911816
67,7,0.20,0.9579131404862912
67,7,0.25,0.8899787596479989
67,7,0.30,0.9151269281233074
67,7,0.35,0.7668301865004283
67,7,0.40,0.8626935637260313
67,7,0.45,0.943656127683924
67,7,0.50,0.8789462920928743
67,7,0.55,0.92967630889507
67,7,0.60,0.943326633209497
67,7,0.65,0.8053438547124345
67,7,0.70,0.9073321274274061
67,7,0.75,0.8487332361469938
67,7,0.80,0.8674419374564848
67,7,0.85,0.8328665997172647
67,7,0.90,0.8483654466390306
67,7,0.95,0.8654284899408708
67,8,0.05,0.9646976257886579
67,8,0.10,0.9269140977795349
67,8,0.15,0.9275176080407765
67,8,0.20,0.4569873417906688
67,8,0.25,0.8885150036079598
67,8,0.30,0.9309493399045425
67,8,0.35,0.9330310499890777
67,8,0.40,0.9363257932412772
67,8,0.45,0.8944600920659957
67,8,0.50,0.9121951110722812
67,8,0.55,0.8468456952622248
67,8,0.60,0.936490283582358
67,8,0.65,0.8752251542526446
67,8,0.70,0.8144154755468458
67,8,0.75,0.9174538778615368
67,8,0.80,0.8787840647608162
67,8,0.85,0.8329477309285238
67,8,0.90,0.9496566373106441
67,8,0.95,0.9190520646423219
67,9,0.05,-1.4687058790468397
67,9,0.10,0.8978510895117738
67,9,0.15,0.7292161805093387
67,9,0.20,0.9226590467242024
67,9,0.25,0.9385928284385269
67,9,0.30,0.9155980811351687
67,9,0.35,0.894537503580979
67,9,0.40,0.8887302563614763
67,9,0.45,0.916736775883218
67,9,0.50,0.9268491435815491
67,9,0.55,0.773986347252953
67,9,0.60,0.8493497903336142
67,9,0.65,0.8673707606692492
67,9,0.70,0.9172469479106607
67,9,0.75,0.8959885406223378
67,9,0.80,0.8389938291150159
67,9,0.85,0.8692596342668092
67,9,0.90,0.8534104084591869
67,9,0.95,0.8943341648627547
68,0,0.05,-0.028317581394093017
68,0,0.10,0.9550405912550434
68,0,0.15,0.9705485835025877
68,0,0.20,0.41625491450254415
68,0,0.25,0.5740483735824211
68,0,0.30,0.832028838979143
68,0,0.35,0.8955278717434311
68,0,0.40,0.8841607847157986
68,0,0.45,0.8660194342855269
68,0,0.50,0.851280136121803
68,0,0.55,0.8390578555154
68,0,0.60,0.8813157838043624
68,0,0.65,0.912947749785559
68,0,0.70,0.940367666827141
68,0,0.75,0.9434294792400517
68,0,0.80,0.8922494110158217
68,0,0.85,0.8894351404433355
68,0,0.90,0.9479030213774517
68,0,0.95,0.8761895884131655
68,1,0.05,0.1775405336521012
68,1,0.10,0.8557723607984116
68,1,0.15,0.8595020901057961
68,1,0.20,0.8826926321815725
68,1,0.25,0.8850878880928779
68,1,0.30,0.8346168742850721
68,1,0.35,0.7596347099404259
68,1,0.40,0.8916022389913912
68,1,0.45,0.8889086292273383
68,1,0.50,0.8398849086936192
68,1,0.55,0.8534994843872081
68,1,0.60,0.8715449074014906
68,1,0.65,0.9329163716294845
68,1,0.70,0.9147799674104189
68,1,0.75,0.8709925165860737
68,1,0.80,0.9338867397793479
68,1,0.85,0.8794660781392507
68,1,0.90,0.8991725432589155
68,1,0.95,0.8432297200332961
68,2,0.05,0.16167650255132082
68,2,0.10,0.8902762521404604
68,2,0.15,0.8442002079570782
68,2,0.20,0.7017407610010671
68,2,0.25,0.7623289905308521
68,2,0.30,0.9331369612572343
68,2,0.35,0.7448037465901128
68,2,0.40,0.8503186039348845
68,2,0.45,0.9348445510557359
68,2,0.50,0.8937554285201192
68,2,0.55,0.9468673340487249
68,2,0.60,0.9617202910150163
68,2,0.65,0.9090512510059442
68,2,0.70,0.8760204140685023
68,2,0.75,0.9416722087297754
68,2,0.80,0.8503817805672713
68,2,0.85,0.8856150175846417
68,2,0.90,0.9289230917441265
68,2,0.95,0.7714256849261758
68,3,0.05,-1.6727472615316192
68,3,0.10,0.9596464431028999
68,3,0.15,0.55322836567046
68,3,0.20,0.8926991290244692
68,3,0.25,0.8045908823118462
68,3,0.30,0.7800853230101412
68,3,0.35,0.7044931603717988
68,3,0.40,0.9411156062990166
68,3,0.45,0.9279053147304099
68,3,0.50,0.8775987396822102
68,3,0.55,0.883998501038358
68,3,0.60,0.9775347370941546
68,3,0.65,0.924994062837418
68,3,0.70,0.8805253733599152
68,3,0.75,0.8371013185007976
68,3,0.80,0.8829017867773482
68,3,0.85,0.9422719223791606
68,3,0.90,0.8648884861594753
68,3,0.95,0.8941489695135004
68,4,0.05,0.16449912329678518
68,4,0.10,0.6505784273854704
68,4,0.15,0.9098828735310045
68,4,0.20,0.3452840929833225
68,4,0.25,0.7703703859246567
68,4,0.30,0.8145993636040948
68,4,0.35,0.9225781132816365
68,4,0.40,0.7739027544274015
68,4,0.45,0.8327005975361946
68,4,0.50,0.8881219617100171
68,4,0.55,0.9480469404041635
68,4,0.60,0.9321938221389193
68,4,0.65,0.9095285008265965
68,4,0.70,0.8758637134261261
68,4,0.75,0.8809155118923129
68,4,0.80,0.9263872937460603
68,4,0.85,0.8475109775609795
68,4,0.90,0.858825126037456
68,4,0.95,0.8938307005970652
68,5,0.05,0.8241108561391906
68,5,0.10,0.8491894374061428
68,5,0.15,0.7468663766711705
68,5,0.20,0.8319637762122496
68,5,0.25,0.8447850159095264
68,5,0.30,0.7609691462706354
68,5,0.35,0.6499412377468691
68,5,0.40,0.8945305806738302
68,5,0.45,0.9418620974975142
68,5,0.50,0.894947286777252
68,5,0.55,0.8970716952902881
68,5,0.60,0.9050968080402719
68,5,0.65,0.945504279165463
68,5,0.70,0.9310757098139416
68,5,0.75,0.865748494417137
68,5,0.80,0.950556645369472
68,5,0.85,0.9284012366927465
68,5,0.90,0.9183645736766826
68,5,0.95,0.9313548114183394
68,6,0.05,-2.6290797500648444
68,6,0.10,0.9582186076627741
68,6,0.15,0.7557935905157124
68,6,0.20,0.8985590157669305
68,6,0.25,0.9018760150704919
68,6,0.30,0.8960866021994318
68,6,0.35,0.7032539821620638
68,6,0.40,0.9056505247072795
68,6,0.45,0.918054867523062
68,6,0.50,0.8761008359111695
68,6,0.55,0.9439193618633326
68,6,0.60,0.8690599514289088
68,6,0.65,0.8863405445853252
68,6,0.70,0.9040706006791372
68,6,0.75,0.8680688847888667
68,6,0.80,0.9641103817545611
68,6,0.85,0.9010749909518836
68,6,0.90,0.9051608690140066
68,6,0.95,0.9103660433061467
68,7,0.05,0.21764304118064226
68,7,0.10,0.9336086558309012
68,7,0.15,0.9083398319385928
68,7,0.20,0.9134159014758586
68,7,0.25,0.6651179880626582
68,7,0.30,0.921710863205985
68,7,0.35,0.7838610190548517
68,7,0.40,0.8205945416500495
68,7,0.45,0.8804559491014704
68,7,0.50,0.8983788609646711
68,7,0.55,0.8862019246628345
68,7,0.60,0.9508535062297824
68,7,0.65,0.8970541202850698
68,7,0.70,0.9150310911068225
68,7,0.75,0.8937467144456308
68,7,0.80,0.8770070742831422
68,7,0.85,0.8834826424218984
68,7,0.90,0.9164384281770499
68,7,0.95,0.8847526544088335
68,8,0.05,-5.102186752491098
68,8,0.10,0.9284982613554175
68,8,0.15,0.5805717682308479
68,8,0.20,0.8083116745528106
68,8,0.25,0.933493391027202
68,8,0.30,0.8852284839458978
68,8,0.35,0.8532624252211701
68,8,0.40,0.8712788311703856
68,8,0.45,0.9121041232685831
68,8,0.50,0.8839003149750321
68,8,0.55,0.9623544572410676
68,8,0.60,0.8768284536188351
68,8,0.65,0.8906608129038414
68,8,0.70,0.8614257477384801
68,8,0.75,0.8664523396752741
68,8,0.80,0.92917472686646
68,8,0.85,0.7841443555423553
68,8,0.90,0.9438647204055991
68,8,0.95,0.8661739880660075
68,9,0.05,0.9902113307437032
68,9,0.10,0.8123105398166494
68,9,0.15,0.8623980528606097
68,9,0.20,0.8844978104844803
68,9,0.25,0.8364734007898952
68,9,0.30,0.8426541050556359
68,9,0.35,0.9056615189530717
68,9,0.40,0.892700462565992
68,9,0.45,0.9423323547349025
68,9,0.50,0.8704951336816148
68,9,0.55,0.9338290106759557
68,9,0.60,0.9383525865458204
68,9,0.65,0.9422807877794237
68,9,0.70,0.9075938284660816
68,9,0.75,0.9116805094173281
68,9,0.80,0.8882230321717917
68,9,0.85,0.7909482585183352
68,9,0.90,0.9075431099245241
68,9,0.95,0.9012611308690321
69,0,0.05,0.45153095129763066
69,0,0.10,0.809826061601015
69,0,0.15,0.09912660737472068
69,0,0.20,0.8461194848017602
69,0,0.25,0.8235270626973841
69,0,0.30,0.9575503644434664
69,0,0.35,0.9337035409760168
69,0,0.40,0.6589923249429308
69,0,0.45,0.6716429192041147
69,0,0.50,0.938190885768053
69,0,0.55,0.8507869953344315
69,0,0.60,0.9033091967162166
69,0,0.65,0.8678490566274648
69,0,0.70,0.8637296477221779
69,0,0.75,0.9287860074778977
69,0,0.80,0.8593948639210871
69,0,0.85,0.92534227415542
69,0,0.90,0.9068623073391497
69,0,0.95,0.8687677786682028
69,1,0.05,0.07204159638558594
69,1,0.10,0.7024880109729147
69,1,0.15,0.9184199922240444
69,1,0.20,0.9205068101151496
69,1,0.25,0.8681582304764162
69,1,0.30,0.9180849498355508
69,1,0.35,0.7752899296622726
69,1,0.40,0.9352726885807634
69,1,0.45,0.9467376064379016
69,1,0.50,0.808314517069374
69,1,0.55,0.641073878836482
69,1,0.60,0.9723710018072357
69,1,0.65,0.8551885769094807
69,1,0.70,0.7621595432470551
69,1,0.75,0.9569758669453974
69,1,0.80,0.9461632021846317
69,1,0.85,0.9135050678825222
69,1,0.90,0.9122612797791907
69,1,0.95,0.9097689923649268
69,2,0.05,0.5814018994129373
69,2,0.10,0.8385328057034617
69,2,0.15,0.798921824826121
69,2,0.20,0.6000385260834975
69,2,0.25,0.9486044929277765
69,2,0.30,0.9380710851410003
69,2,0.35,0.7810635390134758
69,2,0.40,0.9386583862539036
69,2,0.45,0.7974604477741571
69,2,0.50,0.8321405043549911
69,2,0.55,0.9116654225711995
69,2,0.60,0.8410233534969347
69,2,0.65,0.8017786111146575
69,2,0.70,0.9620225775785338
69,2,0.75,0.8903623681506097
69,2,0.80,0.8321351448068441
69,2,0.85,0.8987020483042284
69,2,0.90,0.8636940626833733
69,2,0.95,0.9089164784494917
69,3,0.05,-0.4070079913984459
69,3,0.10,0.9036837830519007
69,3,0.15,0.734129866864529
69,3,0.20,0.9696244678089406
69,3,0.25,0.8634219934369778
69,3,0.30,0.8915622037538378
69,3,0.35,0.886164774336487
69,3,0.40,0.8707109228414215
69,3,0.45,0.8440898766072332
69,3,0.50,0.9373626296042359
69,3,0.55,0.9463158163822233
69,3,0.60,0.944721427346113
69,3,0.65,0.9498323938783513
69,3,0.70,0.8972643521206938
69,3,0.75,0.9195185209755893
69,3,0.80,0.8666678447646182
69,3,0.85,0.921886229633457
69,3,0.90,0.9068349931585975
69,3,0.95,0.9234815178322399
69,4,0.05,-0.08120651134607915
69,4,0.10,0.7963842163678616
69,4,0.15,0.9009734083060665
69,4,0.20,0.9084706082904193
69,4,0.25,0.8427336121438993
69,4,0.30,0.925797859473994
69,4,0.35,0.9293523203584052
69,4,0.40,0.9317915639441621
69,4,0.45,0.9654377018117146
69,4,0.50,0.8371010247951343
69,4,0.55,0.9184154427271279
69,4,0.60,0.9253097085949225
69,4,0.65,0.7688346372598402
69,4,0.70,0.8224432219990533
69,4,0.75,0.9347568720189536
69,4,0.80,0.9173899980786357
69,4,0.85,0.753106934568222
69,4,0.90,0.9318392014245651
69,4,0.95,0.8693400381027595
69,5,0.05,-0.3597322592382235
69,5,0.10,0.8561584119952783
69,5,0.15,0.8398276743186401
69,5,0.20,0.9143899111174868
69,5,0.25,0.8848774725431384
69,5,0.30,0.7795063340114549
69,5,0.35,0.923528269581298
69,5,0.40,0.8596283594093925
69,5,0.45,0.8469172062608585
69,5,0.50,0.8366121999253608
69,5,0.55,0.8188247479916314
69,5,0.60,0.877826855470246
69,5,0.65,0.91578381174857
69,5,0.70,0.8668291270607233
69,5,0.75,0.9415483310665916
69,5,0.80,0.8603141563029038
69,5,0.85,0.8924972881123123
69,5,0.90,0.8894468153022814
69,5,0.95,0.8847591995827953
69,6,0.05,0.2538020498289887
69,6,0.10,0.9002935006538824
69,6,0.15,0.9123130380441293
69,6,0.20,0.8040738083161701
69,6,0.25,0.8377215776717778
69,6,0.30,0.7111812723540352
69,6,0.35,0.7362095667653208
69,6,0.40,0.8600617311190127
69,6,0.45,0.8408853151214255
69,6,0.50,0.9339883559590062
69,6,0.55,0.847853796687726
69,6,0.60,0.9587052077330157
69,6,0.65,0.7370345356228237
69,6,0.70,0.8577650842493599
69,6,0.75,0.8743375718693854
69,6,0.80,0.9478702120315937
69,6,0.85,0.8861240160767301
69,6,0.90,0.8557013436120258
69,6,0.95,0.9155227973672311
69,7,0.05,0.5102488728645733
69,7,0.10,0.7472420918402134
69,7,0.15,0.9609993691768641
69,7,0.20,0.8378407077289762
69,7,0.25,0.8837339552877148
69,7,0.30,0.8702985060133467
69,7,0.35,0.7345630187890636
69,7,0.40,0.7131839691318488
69,7,0.45,0.8306202109142486
69,7,0.50,0.9017860268999472
69,7,0.55,0.9145321971243666
69,7,0.60,0.8054742209920289
69,7,0.65,0.8299709119645098
69,7,0.70,0.8987925863385811
69,7,0.75,0.9119551381828612
69,7,0.80,0.8706089414848615
69,7,0.85,0.8210182654296687
69,7,0.90,0.8692332645353958
69,7,0.95,0.8372680087379951
69,8,0.05,0.30927075154394634
69,8,0.10,0.8312696407501299
69,8,0.15,0.9198438738862225
69,8,0.20,0.753150197745601
69,8,0.25,0.8728285920162242
69,8,0.30,0.9054696677592309
69,8,0.35,0.9156410883957633
69,8,0.40,0.9000471391849982
69,8,0.45,0.7352464104693077
69,8,0.50,0.8512057655276393
69,8,0.55,0.8359591173595029
69,8,0.60,0.812569268949437
69,8,0.65,0.9572512406051502
69,8,0.70,0.9432764371710893
69,8,0.75,0.8435457297812554
69,8,0.80,0.9075333557262596
69,8,0.85,0.8546162265941453
69,8,0.90,0.8450839462937841
69,8,0.95,0.8499701007575575
69,9,0.05,-0.08451233541926784
69,9,0.10,0.7007429388234345
69,9,0.15,0.9137754553607531
69,9,0.20,0.8376418195385607
69,9,0.25,0.8777953148816763
69,9,0.30,0.9073974144368995
69,9,0.35,0.6539868405538843
69,9,0.40,0.787311063078673
69,9,0.45,0.9531130142429513
69,9,0.50,0.7844180417013152
69,9,0.55,0.8926638966871493
69,9,0.60,0.9278526382994001
69,9,0.65,0.9415027780788932
69,9,0.70,0.7742427533467245
69,9,0.75,0.9603977766162222
69,9,0.80,0.9339650428390558
69,9,0.85,0.8916834196253682
69,9,0.90,0.9015360117784905
69,9,0.95,0.9289222248312055
70,0,0.05,0.5694382828039608
70,0,0.10,0.7800106374401676
70,0,0.15,0.8685514497472031
70,0,0.20,0.9428474075952068
70,0,0.25,0.8119064080243367
70,0,0.30,0.8577932105132446
70,0,0.35,0.7705371652250583
70,0,0.40,0.772241911319236
70,0,0.45,0.7913362714462668
70,0,0.50,0.8398730146293498
70,0,0.55,0.7585757829976932
70,0,0.60,0.9329521135808667
70,0,0.65,0.9663560259107019
70,0,0.70,0.9116579124469966
70,0,0.75,0.927436669485974
70,0,0.80,0.8905518094110534
70,0,0.85,0.7963010796995673
70,0,0.90,0.9086624785378169
70,0,0.95,0.9176445868578116
70,1,0.05,0.5744423192875163
70,1,0.10,-0.42659089322703636
70,1,0.15,0.8181114189636127
70,1,0.20,0.8029099776746642
70,1,0.25,0.812010107743518
70,1,0.30,0.9277498361984974
70,1,0.35,0.9107055634679475
70,1,0.40,0.8414265168974859
70,1,0.45,0.8109128949826989
70,1,0.50,0.8120006803816211
70,1,0.55,0.9111758733246875
70,1,0.60,0.9547967201919874
70,1,0.65,0.8922307424776066
70,1,0.70,0.8444360249511
70,1,0.75,0.9181812749883557
70,1,0.80,0.88328200149837
70,1,0.85,0.8856927439019916
70,1,0.90,0.8823988298030642
70,1,0.95,0.9347765055872157
70,2,0.05,0.8295603449707106
70,2,0.10,0.6384244694096269
70,2,0.15,0.7940221033779085
70,2,0.20,0.5615308414608062
70,2,0.25,0.8669230334246607
70,2,0.30,0.9012717624844964
70,2,0.35,0.8264143027617441
70,2,0.40,0.8907328541094046
70,2,0.45,0.9095416704192714
70,2,0.50,0.7532940349791023
70,2,0.55,0.8702765530272956
70,2,0.60,0.8552512207290077
70,2,0.65,0.9361993269330158
70,2,0.70,0.9416997634952169
70,2,0.75,0.8692157228649842
70,2,0.80,0.9149982672283019
70,2,0.85,0.8824116430902501
70,2,0.90,0.9188265567881839
70,2,0.95,0.8866682066540251
70,3,0.05,0.878765208826775
70,3,0.10,0.7849314259438345
70,3,0.15,0.4625627740471734
70,3,0.20,0.7192777922836293
70,3,0.25,0.9054775017083602
70,3,0.30,0.8438789717690518
70,3,0.35,0.9468290743885114
70,3,0.40,0.888446157590937
70,3,0.45,0.8558787990858987
70,3,0.50,0.7597989588927048
70,3,0.55,0.9034354261932894
70,3,0.60,0.8749771251849119
70,3,0.65,0.9374541485838424
70,3,0.70,0.8469965102110175
70,3,0.75,0.9355643289940174
70,3,0.80,0.8657105299965419
70,3,0.85,0.920480076065511
70,3,0.90,0.7899317599749061
70,3,0.95,0.849500008612768
70,4,0.05,0.9571655226228392
70,4,0.10,0.4981887152108463
70,4,0.15,0.637582725594604
70,4,0.20,0.8987742374600471
70,4,0.25,0.9075928165194552
70,4,0.30,0.9013004181240204
70,4,0.35,0.8666440681852302
70,4,0.40,0.8079809884228581
70,4,0.45,0.8158111843842698
70,4,0.50,0.8798840075144564
70,4,0.55,0.9251365572597565
70,4,0.60,0.8956315164507157
70,4,0.65,0.9030919794335065
70,4,0.70,0.8364683259718887
70,4,0.75,0.8816952248750594
70,4,0.80,0.8552216185458164
70,4,0.85,0.8988568567217099
70,4,0.90,0.8672172433440424
70,4,0.95,0.8793784732833733
70,5,0.05,0.9558680771362399
70,5,0.10,0.9284212523209375
70,5,0.15,0.8796086983198299
70,5,0.20,0.5455055727170737
70,5,0.25,0.8121892032800698
70,5,0.30,0.7639214231656933
70,5,0.35,0.9624217555947077
70,5,0.40,0.914218774942459
70,5,0.45,0.7977246957900236
70,5,0.50,0.9159004357421608
70,5,0.55,0.9430096947845741
70,5,0.60,0.7231112826842514
70,5,0.65,0.8599315525035477
70,5,0.70,0.9563275265166228
70,5,0.75,0.8748232389934373
70,5,0.80,0.843757879201692
70,5,0.85,0.8090212069504498
70,5,0.90,0.8547894148061638
70,5,0.95,0.8774739577580182
70,6,0.05,0.9187691475996168
70,6,0.10,0.6562056809941993
70,6,0.15,0.9041214026554045
70,6,0.20,0.8700500099144032
70,6,0.25,0.6646585087966148
70,6,0.30,0.8478469227738894
70,6,0.35,0.9434058860155358
70,6,0.40,0.9037665639618362
70,6,0.45,0.907312187925796
70,6,0.50,0.77642664956607
70,6,0.55,0.8824762531064365
70,6,0.60,0.8943429522573263
70,6,0.65,0.9145721732642352
70,6,0.70,0.9164223523155971
70,6,0.75,0.8673685486506889
70,6,0.80,0.8884671629672529
70,6,0.85,0.9452706292400616
70,6,0.90,0.8648178656669698
70,6,0.95,0.7982579330543027
70,7,0.05,0.628757873778985
70,7,0.10,0.6518444850264159
70,7,0.15,0.8422862421520516
70,7,0.20,0.9261431292626684
70,7,0.25,0.9365459885258897
70,7,0.30,0.6842658572703104
70,7,0.35,0.6995363424628595
70,7,0.40,0.777018799953887
70,7,0.45,0.7636626927169204
70,7,0.50,0.8046954054133866
70,7,0.55,0.922321500706206
70,7,0.60,0.9204456352440686
70,7,0.65,0.9325966130138591
70,7,0.70,0.830903647335808
70,7,0.75,0.8506344844841875
70,7,0.80,0.9479036899139276
70,7,0.85,0.8818375077771266
70,7,0.90,0.8517351060093233
70,7,0.95,0.9113269897655024
70,8,0.05,0.9278007019880004
70,8,0.10,0.7950960735701382
70,8,0.15,0.7557000894156904
70,8,0.20,0.8909991964835762
70,8,0.25,0.8443000865329614
70,8,0.30,0.8547027876002753
70,8,0.35,0.9278957981737342
70,8,0.40,0.8661954922555093
70,8,0.45,0.9105229111180559
70,8,0.50,0.8160215617165335
70,8,0.55,0.9463679528917276
70,8,0.60,0.8874945818106114
70,8,0.65,0.9396605794721664
70,8,0.70,0.8415599105837055
70,8,0.75,0.8536904146215991
70,8,0.80,0.7422858022328858
70,8,0.85,0.8765771680845845
70,8,0.90,0.9476112528866861
70,8,0.95,0.8236144114560399
70,9,0.05,0.912597479351223
70,9,0.10,0.6915025109554915
70,9,0.15,0.861309214710146
70,9,0.20,0.5656791471101409
70,9,0.25,0.8524721643793134
70,9,0.30,0.8136542880958362
70,9,0.35,0.9129480997561542
70,9,0.40,0.8858829553758977
70,9,0.45,0.8430286543117078
70,9,0.50,0.8529539883410787
70,9,0.55,0.855640706107077
70,9,0.60,0.938881677661366
70,9,0.65,0.9159762420452462
70,9,0.70,0.9025656265047874
70,9,0.75,0.9110179886128905
70,9,0.80,0.878172632465779
70,9,0.85,0.8567586850085086
70,9,0.90,0.8933613634183974
70,9,0.95,0.9016428531065342
71,0,0.05,-1.8917412163911895
71,0,0.10,0.7957212235106614
71,0,0.15,0.8166615263797768
71,0,0.20,0.807159912654957
71,0,0.25,0.8045525739934303
71,0,0.30,0.921576103199072
71,0,0.35,0.9131954784382508
71,0,0.40,0.9124275717598296
71,0,0.45,0.93782824910177
71,0,0.50,0.9399509529262696
71,0,0.55,0.9272355991378955
71,0,0.60,0.9257893196124913
71,0,0.65,0.8373440537444843
71,0,0.70,0.9208616527631615
71,0,0.75,0.9429502636200159
71,0,0.80,0.9489579460855019
71,0,0.85,0.9286728042305425
71,0,0.90,0.8441879766561619
71,0,0.95,0.8805597037751706
71,1,0.05,-1.5977667495155945
71,1,0.10,0.31158277650872324
71,1,0.15,0.4999015870591714
71,1,0.20,0.8308844414633734
71,1,0.25,0.6703664195420751
71,1,0.30,0.9301084875986065
71,1,0.35,0.9263307064060546
71,1,0.40,0.9129154581174872
71,1,0.45,0.8726804947641884
71,1,0.50,0.9268812521981391
71,1,0.55,0.9062361390663015
71,1,0.60,0.920637458230526
71,1,0.65,0.863532445058003
71,1,0.70,0.8322028198451862
71,1,0.75,0.8646341968824792
71,1,0.80,0.8725891663971159
71,1,0.85,0.8718713366999573
71,1,0.90,0.9259633136252817
71,1,0.95,0.772074828830484
71,2,0.05,0.07634382180305854
71,2,0.10,0.3541490255583173
71,2,0.15,0.8778804454459153
71,2,0.20,0.8121688286811664
71,2,0.25,0.060576795131247696
71,2,0.30,0.9167561417203718
71,2,0.35,0.8881341632287078
71,2,0.40,0.9472906505157491
71,2,0.45,0.876694785138356
71,2,0.50,0.902577655823152
71,2,0.55,0.9155332609408838
71,2,0.60,0.9614284645971167
71,2,0.65,0.9069722125881419
71,2,0.70,0.930930951016534
71,2,0.75,0.9113993960991198
71,2,0.80,0.9440594207623783
71,2,0.85,0.9077262288813279
71,2,0.90,0.9488381333791127
71,2,0.95,0.8924828760769928
71,3,0.05,0.6262308133953146
71,3,0.10,0.883949722976299
71,3,0.15,0.8123524203007532
71,3,0.20,0.7246104174733435
71,3,0.25,0.930177598208348
71,3,0.30,0.9126879554011316
71,3,0.35,0.8952487733587793
71,3,0.40,0.9217970190989773
71,3,0.45,0.8621890055458281
71,3,0.50,0.888413806870581
71,3,0.55,0.9155774334141717
71,3,0.60,0.8439503997695439
71,3,0.65,0.9474501215827921
71,3,0.70,0.9387371997063509
71,3,0.75,0.837092894808626
71,3,0.80,0.881575865540684
71,3,0.85,0.9206252398801554
71,3,0.90,0.8466626372873898
71,3,0.95,0.7955911142221403
71,4,0.05,0.43352092468176173
71,4,0.10,0.818374162298088
71,4,0.15,0.7004186952313922
71,4,0.20,0.8741146254829156
71,4,0.25,0.8251623847697477
71,4,0.30,0.9248709680728137
71,4,0.35,0.8774302007569942
71,4,0.40,0.9381732697310038
71,4,0.45,0.9083448535987683
71,4,0.50,0.9494807418879916
71,4,0.55,0.9453819525348549
71,4,0.60,0.9264851826553524
71,4,0.65,0.9536149985887631
71,4,0.70,0.8971467540062266
71,4,0.75,0.8825475554428004
71,4,0.80,0.9221471262809152
71,4,0.85,0.8935748185125467
71,4,0.90,0.8823159979571952
71,4,0.95,0.840226766915877
71,5,0.05,0.8808059006440057
71,5,0.10,0.19454070176594884
71,5,0.15,0.8781872131077857
71,5,0.20,0.918229897125074
71,5,0.25,0.8971368989942617
71,5,0.30,0.8313433200460046
71,5,0.35,0.937252920991998
71,5,0.40,0.9064748821820974
71,5,0.45,0.8425967113796676
71,5,0.50,0.934840396419213
71,5,0.55,0.9316061296789245
71,5,0.60,0.7640338741270691
71,5,0.65,0.8856476054103797
71,5,0.70,0.8704903820442502
71,5,0.75,0.9120948072886049
71,5,0.80,0.9437567396649456
71,5,0.85,0.9230523753461615
71,5,0.90,0.9534148258459887
71,5,0.95,0.8225789472218485
71,6,0.05,0.909852543245224
71,6,0.10,0.7644989428202184
71,6,0.15,0.9579829603068019
71,6,0.20,0.8787133687421576
71,6,0.25,0.9161522560281579
71,6,0.30,0.9217017600898029
71,6,0.35,0.9053385259567531
71,6,0.40,0.9005658643785103
71,6,0.45,0.727926713472645
71,6,0.50,0.9580573154579529
71,6,0.55,0.9497968613273111
71,6,0.60,0.8344594248141008
71,6,0.65,0.8922034374758526
71,6,0.70,0.7925344057414467
71,6,0.75,0.8587122967477175
71,6,0.80,0.9276087461556443
71,6,0.85,0.9431742408539863
71,6,0.90,0.9361939262698665
71,6,0.95,0.8754786784771793
71,7,0.05,0.9191349004946268
71,7,0.10,0.8148025228511375
71,7,0.15,0.8386529640997898
71,7,0.20,0.3750710427997158
71,7,0.25,0.9282322781388346
71,7,0.30,0.8202212762823995
71,7,0.35,0.874229910433238
71,7,0.40,0.930284438732469
71,7,0.45,0.894334233767961
71,7,0.50,0.9320089265377985
71,7,0.55,0.8866347699880305
71,7,0.60,0.8936252213480376
71,7,0.65,0.9031729172887324
71,7,0.70,0.9275594319522784
71,7,0.75,0.9249775766835308
71,7,0.80,0.890112751677675
71,7,0.85,0.9066758247640263
71,7,0.90,0.8193143763561188
71,7,0.95,0.9164972944936876
71,8,0.05,0.2567500699923151
71,8,0.10,0.01423742922634974
71,8,0.15,0.9552987048979591
71,8,0.20,0.9144046703409935
71,8,0.25,0.6782520736044702
71,8,0.30,0.9605934165126269
71,8,0.35,0.964759326661036
71,8,0.40,0.9379241640879559
71,8,0.45,0.9402886351094459
71,8,0.50,0.8913766839786456
71,8,0.55,0.9005999719369453
71,8,0.60,0.9003555514443355
71,8,0.65,0.9263952204200453
71,8,0.70,0.9067129494124297
71,8,0.75,0.8790721086887207
71,8,0.80,0.9475847506792495
71,8,0.85,0.8792968019518832
71,8,0.90,0.858442340914756
71,8,0.95,0.932999946293916
71,9,0.05,0.906642409461461
71,9,0.10,0.04344852584119918
71,9,0.15,0.7533688256238219
71,9,0.20,0.9094626366365155
71,9,0.25,0.7597575438668257
71,9,0.30,0.8799752360713797
71,9,0.35,0.8830880082682766
71,9,0.40,0.9268091397567348
71,9,0.45,0.9162407197763467
71,9,0.50,0.8695973214068233
71,9,0.55,0.9367234412888645
71,9,0.60,0.8975298017614018
71,9,0.65,0.7574280861733382
71,9,0.70,0.8944271817261105
71,9,0.75,0.9260723234508482
71,9,0.80,0.8763711569314147
71,9,0.85,0.8603501079525554
71,9,0.90,0.8996819695296261
71,9,0.95,0.8966215422183124
72,0,0.05,-0.0808224505623647
72,0,0.10,0.6548626726234452
72,0,0.15,0.8001379598462196
72,0,0.20,0.833434875718602
72,0,0.25,0.9148988470138372
72,0,0.30,0.8389804905349328
72,0,0.35,0.8525053871547763
72,0,0.40,0.9174534251797083
72,0,0.45,0.8656283150916158
72,0,0.50,0.7861839220390987
72,0,0.55,0.893890221444259
72,0,0.60,0.9140995698310291
72,0,0.65,0.8731830273000267
72,0,0.70,0.8778668090746572
72,0,0.75,0.8545772306037327
72,0,0.80,0.9103883168468186
72,0,0.85,0.8189688122950071
72,0,0.90,0.8721673708724775
72,0,0.95,0.872113505053254
72,1,0.05,-1.8767555833809606
72,1,0.10,0.8421850182040479
72,1,0.15,0.8010004954052122
72,1,0.20,0.7382990256556048
72,1,0.25,0.9539958895102825
72,1,0.30,0.8449921261501172
72,1,0.35,0.9266296761716013
72,1,0.40,0.8502909376075917
72,1,0.45,0.7914763318403689
72,1,0.50,0.9511943266619284
72,1,0.55,0.8150694282136914
72,1,0.60,0.8962898947846096
72,1,0.65,0.9310374445336799
72,1,0.70,0.8557253213330496
72,1,0.75,0.9061593914311613
72,1,0.80,0.8759843690211592
72,1,0.85,0.8227466784786239
72,1,0.90,0.9256769323636307
72,1,0.95,0.8800147007024821
72,2,0.05,0.45657290741557577
72,2,0.10,0.8031518790478519
72,2,0.15,0.8183378493229495
72,2,0.20,0.9027576515490605
72,2,0.25,0.941516645665425
72,2,0.30,0.8835320062426132
72,2,0.35,0.9042399923111187
72,2,0.40,0.7486858063388552
72,2,0.45,0.8468956151371843
72,2,0.50,0.9067038919239293
72,2,0.55,0.8719382717209947
72,2,0.60,0.938855000218188
72,2,0.65,0.8596895745661719
72,2,0.70,0.915836474756089
72,2,0.75,0.8753626185123818
72,2,0.80,0.9310574657585848
72,2,0.85,0.9473618116066931
72,2,0.90,0.8986245316008692
72,2,0.95,0.8873459676097831
72,3,0.05,0.5698740083411429
72,3,0.10,0.6254694947128941
72,3,0.15,0.8018717955351609
72,3,0.20,0.3062337033663931
72,3,0.25,0.8303191046664231
72,3,0.30,0.8698741000619794
72,3,0.35,0.8511391577351516
72,3,0.40,0.8338350910550133
72,3,0.45,0.9031833922899085
72,3,0.50,0.7487541143343959
72,3,0.55,0.951498460829877
72,3,0.60,0.9407031990902319
72,3,0.65,0.8973160651185561
72,3,0.70,0.8899900845558165
72,3,0.75,0.9101385315360577
72,3,0.80,0.8867283423475611
72,3,0.85,0.8916644016207624
72,3,0.90,0.8765651029480773
72,3,0.95,0.8733863101695343
72,4,0.05,-0.44880527464679343
72,4,0.10,0.7709159854245939
72,4,0.15,0.9200072380003343
72,4,0.20,0.7440150502974975
72,4,0.25,0.9245623116880476
72,4,0.30,0.9153623897838244
72,4,0.35,0.885317949070931
72,4,0.40,0.8889434393159957
72,4,0.45,0.8409969512461752
72,4,0.50,0.7060673179494426
72,4,0.55,0.8862615943843128
72,4,0.60,0.9174615146730446
72,4,0.65,0.7627862593707878
72,4,0.70,0.909087631850174
72,4,0.75,0.8852389200205592
72,4,0.80,0.9032030394034632
72,4,0.85,0.8094897839145798
72,4,0.90,0.8991346304770251
72,4,0.95,0.9025100550165075
72,5,0.05,-0.02014550444931973
72,5,0.10,0.7206381572282952
72,5,0.15,0.4996459181793723
72,5,0.20,0.9409456029441239
72,5,0.25,0.7405039015424524
72,5,0.30,0.9272339887817824
72,5,0.35,0.783330730533297
72,5,0.40,0.9182648883899186
72,5,0.45,0.9451603695698928
72,5,0.50,0.9292573417600589
72,5,0.55,0.8413329258417227
72,5,0.60,0.9205840469220937
72,5,0.65,0.9361107990991703
72,5,0.70,0.8823283494599549
72,5,0.75,0.8975619910402447
72,5,0.80,0.8806837900496559
72,5,0.85,0.8822028016306611
72,5,0.90,0.8419312218464146
72,5,0.95,0.8420356439022175
72,6,0.05,0.5546352356294615
72,6,0.10,0.8105811319915813
72,6,0.15,0.8628633427186596
72,6,0.20,0.6592969326754712
72,6,0.25,0.9290891476123517
72,6,0.30,0.9061637749112187
72,6,0.35,0.8780984654924918
72,6,0.40,0.8785727961047396
72,6,0.45,0.8655117157459586
72,6,0.50,0.9037846201089862
72,6,0.55,0.9130964190337297
72,6,0.60,0.9209392872174373
72,6,0.65,0.8892357914500544
72,6,0.70,0.9183095492245923
72,6,0.75,0.8698578448971984
72,6,0.80,0.8928206717465839
72,6,0.85,0.9085124687928975
72,6,0.90,0.9353850768235311
72,6,0.95,0.8090374079087702
72,7,0.05,-0.684847287348826
72,7,0.10,0.7426308498354927
72,7,0.15,0.5675032869993067
72,7,0.20,0.7587590860769242
72,7,0.25,0.8442588897080346
72,7,0.30,0.8951041770209918
72,7,0.35,0.7701641734367836
72,7,0.40,0.68405394802338
72,7,0.45,0.7798994218647324
72,7,0.50,0.9492962097338097
72,7,0.55,0.9126251901672574
72,7,0.60,0.8622249638382979
72,7,0.65,0.9122356069824362
72,7,0.70,0.9001495077429549
72,7,0.75,0.7926505887471134
72,7,0.80,0.9400754337337892
72,7,0.85,0.8818668770647882
72,7,0.90,0.8964030376607219
72,7,0.95,0.9359651915451814
72,8,0.05,0.7932242839033867
72,8,0.10,0.699796656824148
72,8,0.15,0.7936765918113182
72,8,0.20,0.8646755633649862
72,8,0.25,0.8240764091781423
72,8,0.30,0.8648133855109958
72,8,0.35,0.9252432966749684
72,8,0.40,0.864357630274044
72,8,0.45,0.8222089960551439
72,8,0.50,0.9424744582703175
72,8,0.55,0.9641952372618834
72,8,0.60,0.8558760702104792
72,8,0.65,0.8972280948838091
72,8,0.70,0.8531588576495531
72,8,0.75,0.9078332423642548
72,8,0.80,0.880444811383136
72,8,0.85,0.8590733388080642
72,8,0.90,0.899232258159557
72,8,0.95,0.9210475231827834
72,9,0.05,0.7105001924730412
72,9,0.10,0.7479383031366411
72,9,0.15,0.8090863519101774
72,9,0.20,0.782135549580627
72,9,0.25,0.8621781921900724
72,9,0.30,0.9045776371508869
72,9,0.35,0.8439375255235309
72,9,0.40,0.652531875885845
72,9,0.45,0.8019743125375141
72,9,0.50,0.8917957625203234
72,9,0.55,0.8926738062728699
72,9,0.60,0.8417899524251065
72,9,0.65,0.6899202441070941
72,9,0.70,0.9236708365427464
72,9,0.75,0.7822731454503278
72,9,0.80,0.921651176657828
72,9,0.85,0.8908750897708768
72,9,0.90,0.896138068591488
72,9,0.95,0.946806177518777
73,0,0.05,-0.1294688863275708
73,0,0.10,0.7479760890026739
73,0,0.15,0.5966447184502308
73,0,0.20,0.8359992472971015
73,0,0.25,0.8703923963827538
73,0,0.30,0.88270450661192
73,0,0.35,0.9093366242573407
73,0,0.40,0.7969869692558058
73,0,0.45,0.8283617392512383
73,0,0.50,0.9336722344953369
73,0,0.55,0.8708494640936735
73,0,0.60,0.7968918430451655
73,0,0.65,0.8714921578124057
73,0,0.70,0.8629111185701319
73,0,0.75,0.8656982965838198
73,0,0.80,0.9031574287152533
73,0,0.85,0.8754605545623952
73,0,0.90,0.8999701248427509
73,0,0.95,0.8882978615115888
73,1,0.05,0.365778819473743
73,1,0.10,0.3403375865982833
73,1,0.15,0.8108533244447483
73,1,0.20,0.6323909073370235
73,1,0.25,0.8324348746805539
73,1,0.30,0.8817009851238592
73,1,0.35,0.8642355121330054
73,1,0.40,0.9199865484621652
73,1,0.45,0.9576881129338153
73,1,0.50,0.9000623973138325
73,1,0.55,0.9344103903616758
73,1,0.60,0.8118161506613468
73,1,0.65,0.8961741492725408
73,1,0.70,0.7812111381688391
73,1,0.75,0.8063351381457866
73,1,0.80,0.9343327612544718
73,1,0.85,0.8976580986694908
73,1,0.90,0.9083230126131211
73,1,0.95,0.9139277223835871
73,2,0.05,0.8348386752375363
73,2,0.10,0.8051716055588974
73,2,0.15,0.11139139828115496
73,2,0.20,0.8836176011515181
73,2,0.25,0.8497759732930437
73,2,0.30,0.8377341680781167
73,2,0.35,0.8997253211708293
73,2,0.40,0.8890847521310012
73,2,0.45,0.9712681088720198
73,2,0.50,0.9359068684403661
73,2,0.55,0.9279133043826685
73,2,0.60,0.907169858821546
73,2,0.65,0.8298169637373912
73,2,0.70,0.7671940751953226
73,2,0.75,0.8798055429956408
73,2,0.80,0.7439786096892911
73,2,0.85,0.8180321048418235
73,2,0.90,0.8654979937330459
73,2,0.95,0.9205785098670738
73,3,0.05,0.9474144029863028
73,3,0.10,0.7163218601946868
73,3,0.15,0.6234192950069569
73,3,0.20,0.8459997051415361
73,3,0.25,0.8607594839407066
73,3,0.30,0.9139713329562313
73,3,0.35,0.8277529324007921
73,3,0.40,0.9045849353057672
73,3,0.45,0.915109642467376
73,3,0.50,0.8603215238659395
73,3,0.55,0.9579701730483405
73,3,0.60,0.9247556673871413
73,3,0.65,0.9090370673588037
73,3,0.70,0.7979547186410163
73,3,0.75,0.8853992004753115
73,3,0.80,0.8343795820727793
73,3,0.85,0.8736139655770045
73,3,0.90,0.882562590911843
73,3,0.95,0.8378557969385526
73,4,0.05,0.9263030873913415
73,4,0.10,0.8452709878819569
73,4,0.15,0.7567676822695056
73,4,0.20,0.7599346349808535
73,4,0.25,0.6745348195889271
73,4,0.30,0.6526312459659009
73,4,0.35,0.8686528897210584
73,4,0.40,0.8695727479999732
73,4,0.45,0.7879737538735516
73,4,0.50,0.816667844297476
73,4,0.55,0.949581041343524
73,4,0.60,0.8669298245642646
73,4,0.65,0.7747107342812154
73,4,0.70,0.8052538251433055
73,4,0.75,0.8995008418086368
73,4,0.80,0.8448843225020405
73,4,0.85,0.8941174307093431
73,4,0.90,0.8850898040690374
73,4,0.95,0.8671691106405517
73,5,0.05,-0.04033099876500623
73,5,0.10,0.7045265944162036
73,5,0.15,0.7539027268422687
73,5,0.20,0.8639226540933176
73,5,0.25,0.9096377998966193
73,5,0.30,0.927077559405891
73,5,0.35,0.8666331994618288
73,5,0.40,0.8520844345331147
73,5,0.45,0.8419491690087709
73,5,0.50,0.8933803006146817
73,5,0.55,0.8504357170462338
73,5,0.60,0.8445534108417301
73,5,0.65,0.9140332727798254
73,5,0.70,0.8188169262985668
73,5,0.75,0.8190823929528881
73,5,0.80,0.9144529261465474
73,5,0.85,0.8971641049085557
73,5,0.90,0.9234605957421644
73,5,0.95,0.8900174252158665
73,6,0.05,-7.031757874769514
73,6,0.10,0.7908960079512352
73,6,0.15,0.662467288179233
73,6,0.20,0.7780573380339961
73,6,0.25,0.8624012529268222
73,6,0.30,0.8601979008010641
73,6,0.35,0.9025127822142642
73,6,0.40,0.7736755889434968
73,6,0.45,0.928462080320922
73,6,0.50,0.8754241089230548
73,6,0.55,0.8864832117428454
73,6,0.60,0.7913802354908668
73,6,0.65,0.8826236145262811
73,6,0.70,0.8074965408078312
73,6,0.75,0.8027535388933092
73,6,0.80,0.9090818380378627
73,6,0.85,0.85042710306378
73,6,0.90,0.8535920826898691
73,6,0.95,0.9046775310992218
73,7,0.05,0.012837697844058304
73,7,0.10,0.9369029323645762
73,7,0.15,0.8756582952435684
73,7,0.20,0.6774374404943685
73,7,0.25,0.8817619706643423
73,7,0.30,0.7263376239181225
73,7,0.35,0.9154484468780685
73,7,0.40,0.9010740586320569
73,7,0.45,0.804059145657601
73,7,0.50,0.8715227971909101
73,7,0.55,0.8600771812030339
73,7,0.60,0.9336362498137039
73,7,0.65,0.8190559148554943
73,7,0.70,0.8204254846728567
73,7,0.75,0.8753489890621037
73,7,0.80,0.8327833446918589
73,7,0.85,0.8923848358142532
73,7,0.90,0.8805927416231292
73,7,0.95,0.8383470867865661
73,8,0.05,0.7780427520504266
73,8,0.10,0.8066644432211003
73,8,0.15,0.8414351970078631
73,8,0.20,0.6798592083423658
73,8,0.25,0.7351874000753051
73,8,0.30,0.8302572328424567
73,8,0.35,0.9340723952827494
73,8,0.40,0.9500216094405727
73,8,0.45,0.8805113676305536
73,8,0.50,0.761459516212873
73,8,0.55,0.9036450136245348
73,8,0.60,0.7651576550664321
73,8,0.65,0.8457268033639626
73,8,0.70,0.8971059491192833
73,8,0.75,0.8682915492757898
73,8,0.80,0.9091931563032274
73,8,0.85,0.923405221180889
73,8,0.90,0.8468412584673544
73,8,0.95,0.9191837563721657
73,9,0.05,0.8352886187786328
73,9,0.10,0.7256381893877779
73,9,0.15,0.7694914548587997
73,9,0.20,0.839280008772349
73,9,0.25,0.8638822788393301
73,9,0.30,0.8499757765200356
73,9,0.35,0.9521921120217659
73,9,0.40,0.8543487852143936
73,9,0.45,0.8482565971230753
73,9,0.50,0.7746256219410741
73,9,0.55,0.9423636498122073
73,9,0.60,0.8136468395380884
73,9,0.65,0.9397123396541482
73,9,0.70,0.8388072405381289
73,9,0.75,0.8739567091313049
73,9,0.80,0.9131127174400123
73,9,0.85,0.905964486399079
73,9,0.90,0.9434828780245369
73,9,0.95,0.9023668984084311
74,0,0.05,0.4307533143842437
74,0,0.10,0.38989613344506147
74,0,0.15,0.8051038299101747
74,0,0.20,0.4627557721994776
74,0,0.25,0.6567843764730981
74,0,0.30,0.8363230662952237
74,0,0.35,0.940661200689538
74,0,0.40,0.9077012541524624
74,0,0.45,0.8334939673590238
74,0,0.50,0.8421928862934769
74,0,0.55,0.8288791341521325
74,0,0.60,0.8466452406721197
74,0,0.65,0.9023809340170238
74,0,0.70,0.824737132184289
74,0,0.75,0.9083193391695771
74,0,0.80,0.8873518509645136
74,0,0.85,0.8896356927213492
74,0,0.90,0.9389970393152057
74,0,0.95,0.8518329957359153
74,1,0.05,0.19534726036060301
74,1,0.10,0.8429223271323121
74,1,0.15,0.6265512707071141
74,1,0.20,0.8840765257124572
74,1,0.25,0.7819378429850552
74,1,0.30,0.2714298927344373
74,1,0.35,0.9336607942881281
74,1,0.40,0.8364207172993583
74,1,0.45,0.6829640338358431
74,1,0.50,0.8001125196687053
74,1,0.55,0.8969445770250372
74,1,0.60,0.910792706711485
74,1,0.65,0.8367121114150043
74,1,0.70,0.7757153641498584
74,1,0.75,0.8959990149612139
74,1,0.80,0.8548466141665633
74,1,0.85,0.9006388603370501
74,1,0.90,0.8571597494460848
74,1,0.95,0.8285755344401438
74,2,0.05,0.08669520693852617
74,2,0.10,0.5345362705760224
74,2,0.15,0.8766403589928282
74,2,0.20,0.9521396547570274
74,2,0.25,0.9179606471044366
74,2,0.30,0.7140593393708925
74,2,0.35,0.9013200822674399
74,2,0.40,0.9078209722397013
74,2,0.45,0.7421181175124566
74,2,0.50,0.7305165668086928
74,2,0.55,0.8926533183562066
74,2,0.60,0.8233646479199294
74,2,0.65,0.9222237980486913
74,2,0.70,0.9139449188061003
74,2,0.75,0.9131853865974038
74,2,0.80,0.8571500024014016
74,2,0.85,0.9016653229509113
74,2,0.90,0.880109405229748
74,2,0.95,0.9313176223497119
74,3,0.05,0.11752045172507297
74,3,0.10,0.5830140518288279
74,3,0.15,0.5367446483011162
74,3,0.20,0.45395635177555194
74,3,0.25,0.9587033556748724
74,3,0.30,0.8646805150330106
74,3,0.35,0.9402908867190184
74,3,0.40,0.8326193311519621
74,3,0.45,0.8129927186457964
74,3,0.50,0.7936040788785321
74,3,0.55,0.8138844659428586
74,3,0.60,0.7575285826036375
74,3,0.65,0.8755649224957339
74,3,0.70,0.9279436856762897
74,3,0.75,0.9076512267804353
74,3,0.80,0.8688481874031128
74,3,0.85,0.8984547343439302
74,3,0.90,0.9374936092882024
74,3,0.95,0.8500179839711899
74,4,0.05,-7.186858376236406
74,4,0.10,0.9183870228760314
74,4,0.15,0.3610172188161509
74,4,0.20,0.8679782224316629
74,4,0.25,0.8788346871297994
74,4,0.30,0.9421662268223394
74,4,0.35,0.9238789148097624
74,4,0.40,0.9109030746452307
74,4,0.45,0.9146628244570931
74,4,0.50,0.7314563542689979
74,4,0.55,0.9040104967196348
74,4,0.60,0.7474651832986086
74,4,0.65,0.9101936723351475
74,4,0.70,0.8991264947086793
74,4,0.75,0.8264997119841014
74,4,0.80,0.8845319496493073
74,4,0.85,0.8925579861830686
74,4,0.90,0.8130402071825079
74,4,0.95,0.9116202340581043
74,5,0.05,0.83204709683831
74,5,0.10,0.03943622706820238
74,5,0.15,0.8182494476216551
74,5,0.20,0.7769294536110829
74,5,0.25,0.7908673087927901
74,5,0.30,0.8148399599565213
74,5,0.35,0.9268159947294942
74,5,0.40,0.8507536889754762
74,5,0.45,0.6553556388505841
74,5,0.50,0.8522900528420945
74,5,0.55,0.7189713478398906
74,5,0.60,0.8952050027044939
74,5,0.65,0.7885029569817508
74,5,0.70,0.8746902504700742
74,5,0.75,0.9205304176613213
74,5,0.80,0.931109175686232
74,5,0.85,0.8756259062641853
74,5,0.90,0.8729544044724058
74,5,0.95,0.8083272832055364
74,6,0.05,0.5153855470498035
74,6,0.10,0.8133260795143901
74,6,0.15,0.8112479332164044
74,6,0.20,0.8432078175844628
74,6,0.25,0.9349299398599533
74,6,0.30,0.9477049818190235
74,6,0.35,0.8242826302396246
74,6,0.40,0.8777859576911377
74,6,0.45,0.570683497417307
74,6,0.50,0.7809798987800425
74,6,0.55,0.8832871315294099
74,6,0.60,0.8868123783739026
74,6,0.65,0.8977379217623379
74,6,0.70,0.9269322998293115
74,6,0.75,0.7203066597846803
74,6,0.80,0.8491329715660143
74,6,0.85,0.8355695180712268
74,6,0.90,0.9150769613348494
74,6,0.95,0.8600888208266808
74,7,0.05,0.5418838662848595
74,7,0.10,0.8428030336640846
74,7,0.15,0.8071283712846781
74,7,0.20,0.6557589419324004
74,7,0.25,0.853883589213229
74,7,0.30,0.7975280328063663
74,7,0.35,0.4364838554195042
74,7,0.40,0.8118183110985189
74,7,0.45,0.9061719398843641
74,7,0.50,0.8721670159523185
74,7,0.55,0.7927187363204629
74,7,0.60,0.8545977300048647
74,7,0.65,0.9062815254275799
74,7,0.70,0.9548992703176856
74,7,0.75,0.8577168679893443
74,7,0.80,0.9386932463891593
74,7,0.85,0.9424149368811604
74,7,0.90,0.9094973820243966
74,7,0.95,0.8326311927792208
74,8,0.05,0.7565584564552759
74,8,0.10,0.005824766685525784
74,8,0.15,0.7066273208670809
74,8,0.20,0.5383063338385745
74,8,0.25,0.8598784936847129
74,8,0.30,0.8829257483133388
74,8,0.35,0.9056037762180983
74,8,0.40,0.7167227282427941
74,8,0.45,0.8105061361843949
74,8,0.50,0.8457195072164349
74,8,0.55,0.918261602111743
74,8,0.60,0.8757667884678273
74,8,0.65,0.9128055748060315
74,8,0.70,0.8696322462531171
74,8,0.75,0.832622959367099
74,8,0.80,0.8756843613072164
74,8,0.85,0.8496778480987137
74,8,0.90,0.9057793914658948
74,8,0.95,0.8346288892313806
74,9,0.05,-0.40163476837927803
74,9,0.10,0.3321626549101745
74,9,0.15,0.9438781319188688
74,9,0.20,0.9446335230853243
74,9,0.25,0.7984487255339476
74,9,0.30,0.8061746704002052
74,9,0.35,0.8125319627112367
74,9,0.40,0.9264172640007527
74,9,0.45,0.81114734995866
74,9,0.50,0.8726655733276036
74,9,0.55,0.911954453759277
74,9,0.60,0.8323406354289474
74,9,0.65,0.8123522122434067
74,9,0.70,0.7870025492969899
74,9,0.75,0.93067294872981
74,9,0.80,0.8521993936920647
74,9,0.85,0.8666554415999693
74,9,0.90,0.9391960044115127
74,9,0.95,0.9491091057831568
75,0,0.05,0.922945508485596
75,0,0.10,0.08669213111021357
75,0,0.15,0.9095995910725618
75,0,0.20,0.8964660674634091
75,0,0.25,0.8811503811747073
75,0,0.30,0.7931521556425565
75,0,0.35,0.8903172422320096
75,0,0.40,0.8570921396221451
75,0,0.45,0.7507412343195781
75,0,0.50,0.8663265232211026
75,0,0.55,0.8123504437551646
75,0,0.60,0.8221540953696684
75,0,0.65,0.7000137149701801
75,0,0.70,0.8742940135148649
75,0,0.75,0.8774176455356757
75,0,0.80,0.8750198662772576
75,0,0.85,0.8974119500150561
75,0,0.90,0.8739001748602012
75,0,0.95,0.9360273538303358
75,1,0.05,0.3344971818741497
75,1,0.10,0.6037668023696399
75,1,0.15,0.5297752319021205
75,1,0.20,0.8505115549129606
75,1,0.25,0.9260713567006383
75,1,0.30,0.855845774600045
75,1,0.35,0.9310011124780802
75,1,0.40,0.8201865150734559
75,1,0.45,0.8105263382467073
75,1,0.50,0.9520978414554592
75,1,0.55,0.9040103335313157
75,1,0.60,0.7927457886968781
75,1,0.65,0.839795166766068
75,1,0.70,0.8586400172156923
75,1,0.75,0.8015039168122734
75,1,0.80,0.8568234177272326
75,1,0.85,0.9050907682703204
75,1,0.90,0.8938466715803051
75,1,0.95,0.930440148348221
75,2,0.05,0.8884082859700174
75,2,0.10,0.7068921031271129
75,2,0.15,0.8964835142211945
75,2,0.20,0.8922392812823939
75,2,0.25,0.7176042547551079
75,2,0.30,0.43897704771285806
75,2,0.35,0.6114473595939824
75,2,0.40,0.8523145019498667
75,2,0.45,0.5937391072649545
75,2,0.50,0.8244419763369025
75,2,0.55,0.7523133462852927
75,2,0.60,0.8754943762980062
75,2,0.65,0.8848387443029013
75,2,0.70,0.8851759433344283
75,2,0.75,0.7757678711271039
75,2,0.80,0.8949069726314716
75,2,0.85,0.9319773818677437
75,2,0.90,0.8873926617606878
75,2,0.95,0.9194115555478164
75,3,0.05,0.7698605896095434
75,3,0.10,0.5908718102321193
75,3,0.15,0.8544960200237638
75,3,0.20,0.46904021520889383
75,3,0.25,0.6971639627912406
75,3,0.30,0.6236199363585044
75,3,0.35,0.9343383610104896
75,3,0.40,0.6805353543704782
75,3,0.45,0.7874968945003871
75,3,0.50,0.8908512111169486
75,3,0.55,0.8924805230879116
75,3,0.60,0.8268380079636442
75,3,0.65,0.8231993144679108
75,3,0.70,0.8276443530961708
75,3,0.75,0.8471894708489617
75,3,0.80,0.9131192582129678
75,3,0.85,0.9065152697884671
75,3,0.90,0.8318522418262514
75,3,0.95,0.9502480956239485
75,4,0.05,0.016137177343130915
75,4,0.10,0.9258881272944772
75,4,0.15,0.7953042974508753
75,4,0.20,0.812495411591455
75,4,0.25,0.8176378594997719
75,4,0.30,0.5208803507504468
75,4,0.35,0.8747966658839581
75,4,0.40,0.914088131978062
75,4,0.45,0.8613129882223189
75,4,0.50,0.9259810383391636
75,4,0.55,0.8527864156735937
75,4,0.60,0.884238754171546
75,4,0.65,0.8976332095923796
75,4,0.70,0.7720298218415143
75,4,0.75,0.8989146784920969
75,4,0.80,0.8526828091564249
75,4,0.85,0.8830828045044841
75,4,0.90,0.9112780466671389
75,4,0.95,0.9199341446350456
75,5,0.05,0.2223674183130281
75,5,0.10,0.5653582717862531
75,5,0.15,0.9169012012588181
75,5,0.20,0.7254825671535771
75,5,0.25,0.6881729633388918
75,5,0.30,0.8844057974623493
75,5,0.35,0.9041979106991336
75,5,0.40,0.7802187469959545
75,5,0.45,0.8469678801895898
75,5,0.50,0.7731821800675491
75,5,0.55,0.8667417764999585
75,5,0.60,0.927155648383612
75,5,0.65,0.8418079161872445
75,5,0.70,0.8232154585592747
75,5,0.75,0.7945276828917224
75,5,0.80,0.8813327069963434
75,5,0.85,0.8017420277995336
75,5,0.90,0.8484847934110361
75,5,0.95,0.8472155911378683
75,6,0.05,0.9500123888947329
75,6,0.10,0.8049895470858438
75,6,0.15,0.5324361832157336
75,6,0.20,0.22590729831983813
75,6,0.25,0.6540017843781503
75,6,0.30,0.7439410880768993
75,6,0.35,0.8283584583962059
75,6,0.40,0.8241610216323271
75,6,0.45,0.7047828700151543
75,6,0.50,0.9254637885780048
75,6,0.55,0.8889862142142266
75,6,0.60,0.7791601853413205
75,6,0.65,0.8055111288356277
75,6,0.70,0.868944984591086
75,6,0.75,0.7590658939407778
75,6,0.80,0.9409231783315356
75,6,0.85,0.8866387913975114
75,6,0.90,0.9094996714632092
75,6,0.95,0.9019013402984672
75,7,0.05,0.9311190465691591
75,7,0.10,0.8620192587521478
75,7,0.15,0.15202254653868985
75,7,0.20,0.6782836136688108
75,7,0.25,0.7678938409761586
75,7,0.30,0.6884737148993458
75,7,0.35,0.9127337500151292
75,7,0.40,0.9567488087288663
75,7,0.45,0.9002691447437262
75,7,0.50,0.8708305748516917
75,7,0.55,0.9416478927153142
75,7,0.60,0.8968622653151604
75,7,0.65,0.8436089461343264
75,7,0.70,0.8780675022818905
75,7,0.75,0.8908140695925616
75,7,0.80,0.8523505841816887
75,7,0.85,0.7395840474136917
75,7,0.90,0.8572717548887084
75,7,0.95,0.9228812984800265
75,8,0.05,0.0889899895167281
75,8,0.10,0.8568626090172682
75,8,0.15,0.7472761282310776
75,8,0.20,0.42806670834231575
75,8,0.25,0.9074407362623322
75,8,0.30,0.8865356380162928
75,8,0.35,0.7706858374793736
75,8,0.40,0.8289627304301277
75,8,0.45,0.8666136390278978
75,8,0.50,0.790540098104669
75,8,0.55,0.9073719164686745
75,8,0.60,0.7598285838473
75,8,0.65,0.8511485072608714
75,8,0.70,0.899810287121497
75,8,0.75,0.8638321751279644
75,8,0.80,0.8863667570784101
75,8,0.85,0.887136247658477
75,8,0.90,0.8809230264457383
75,8,0.95,0.8516396346851584
75,9,0.05,-0.01062997630948459
75,9,0.10,0.8827280352520284
75,9,0.15,0.8221910947495782
75,9,0.20,0.5398898546631588
75,9,0.25,0.8242455749140702
75,9,0.30,0.7816115221810328
75,9,0.35,0.8697498229697972
75,9,0.40,0.9375455283302719
75,9,0.45,0.8767970124409512
75,9,0.50,0.879734481839827
75,9,0.55,0.8920748477334355
75,9,0.60,0.8282779085356603
75,9,0.65,0.8229138173096933
75,9,0.70,0.8900826195007454
75,9,0.75,0.8063682852440758
75,9,0.80,0.8902597262103485
75,9,0.85,0.8607078746712893
75,9,0.90,0.9131788113925157
75,9,0.95,0.9059617098945463
76,0,0.05,0.9142187726979841
76,0,0.10,0.3309890533693812
76,0,0.15,0.8336051981117992
76,0,0.20,0.8083181118354952
76,0,0.25,0.9572222192630979
76,0,0.30,0.8965500121315941
76,0,0.35,0.7299035306068071
76,0,0.40,0.7498361280648439
76,0,0.45,0.8663056731101657
76,0,0.50,0.9058942172021702
76,0,0.55,0.8155546485996261
76,0,0.60,0.9442581863806062
76,0,0.65,0.9531672859685892
76,0,0.70,0.9007938204991472
76,0,0.75,0.9368807261667305
76,0,0.80,0.9304818268078499
76,0,0.85,0.8814546933870003
76,0,0.90,0.7795316397422531
76,0,0.95,0.8332835977749223
76,1,0.05,-1.0895690040428478
76,1,0.10,0.29589526960856993
76,1,0.15,0.8856822066653394
76,1,0.20,0.9057480409051407
76,1,0.25,0.5863727398780623
76,1,0.30,0.8897765750013766
76,1,0.35,0.9314291191884708
76,1,0.40,0.9304044180208532
76,1,0.45,0.9297943621310145
76,1,0.50,0.8499543056205527
76,1,0.55,0.8974178251660214
76,1,0.60,0.918981212023124
76,1,0.65,0.8421432347101886
76,1,0.70,0.8755793430128678
76,1,0.75,0.9338076946079868
76,1,0.80,0.8366050967331488
76,1,0.85,0.9119204594528146
76,1,0.90,0.9013795342591387
76,1,0.95,0.890136434115042
76,2,0.05,0.827994585245895
76,2,0.10,0.7551167144339591
76,2,0.15,0.9295321864246868
76,2,0.20,0.5922396941518577
76,2,0.25,0.7875308583690013
76,2,0.30,0.8464922916319013
76,2,0.35,0.8495283685103615
76,2,0.40,0.7416242173956822
76,2,0.45,0.9244869505868696
76,2,0.50,0.8012983952956373
76,2,0.55,0.8604581774226394
76,2,0.60,0.6957226356027411
76,2,0.65,0.9155865325314873
76,2,0.70,0.9110063531586439
76,2,0.75,0.9348755506870675
76,2,0.80,0.9316524230700498
76,2,0.85,0.891464336915985
76,2,0.90,0.9019073711014112
76,2,0.95,0.8988017676880313
76,3,0.05,0.8724761269023158
76,3,0.10,0.7588189421569835
76,3,0.15,0.9350566387578692
76,3,0.20,0.5462845579353182
76,3,0.25,0.8711859053990365
76,3,0.30,0.8957834735982463
76,3,0.35,0.9146980812369689
76,3,0.40,0.9076803546873292
76,3,0.45,0.9007410583009822
76,3,0.50,0.8402351593354014
76,3,0.55,0.9275706593149144
76,3,0.60,0.9002763418852797
76,3,0.65,0.8988866584696555
76,3,0.70,0.8839834311678139
76,3,0.75,0.8712159807230966
76,3,0.80,0.8813931328882877
76,3,0.85,0.8832571471671912
76,3,0.90,0.8684630292307011
76,3,0.95,0.9307505790451422
76,4,0.05,0.9282940890926853
76,4,0.10,0.564609887693922
76,4,0.15,0.8860167376917033
76,4,0.20,0.8467132744998154
76,4,0.25,0.4969103954833862
76,4,0.30,0.8536773239064863
76,4,0.35,0.9138510118520462
76,4,0.40,0.9651503647855906
76,4,0.45,0.9467507576116198
76,4,0.50,0.8677726694734762
76,4,0.55,0.8389368660402957
76,4,0.60,0.832444049465769
76,4,0.65,0.867722661021028
76,4,0.70,0.909469458001373
76,4,0.75,0.8612902212371333
76,4,0.80,0.8403652093052165
76,4,0.85,0.8509610169865188
76,4,0.90,0.9262890377148508
76,4,0.95,0.8829825525355987
76,5,0.05,0.8526571163567312
76,5,0.10,0.5300239325707773
76,5,0.15,0.882562297651022
76,5,0.20,0.5225759725300023
76,5,0.25,0.8028435957195253
76,5,0.30,0.24721802225790745
76,5,0.35,0.44616275584517917
76,5,0.40,0.9383717178271186
76,5,0.45,0.91768393339091
76,5,0.50,0.8346761631104422
76,5,0.55,0.8872820602805858
76,5,0.60,0.8519680470310855
76,5,0.65,0.9296431395707749
76,5,0.70,0.8477972444180806
76,5,0.75,0.9036809760900527
76,5,0.80,0.8920350317395035
76,5,0.85,0.8753685223098047
76,5,0.90,0.9105091476132307
76,5,0.95,0.9440388108114327
76,6,0.05,0.7271507916017163
76,6,0.10,0.8243368790681609
76,6,0.15,0.9751485342021922
76,6,0.20,0.5985055850533029
76,6,0.25,0.8946349655829113
76,6,0.30,0.5296327962840031
76,6,0.35,0.8576655514339423
76,6,0.40,0.847777487917428
76,6,0.45,0.9494635201925478
76,6,0.50,0.8429491443869348
76,6,0.55,0.9026034604806699
76,6,0.60,0.9203270045962341
76,6,0.65,0.8589335413567541
76,6,0.70,0.877088925596408
76,6,0.75,0.8892138695683212
76,6,0.80,0.8746585016127447
76,6,0.85,0.8855967613903972
76,6,0.90,0.8540272191638507
76,6,0.95,0.8435858510165715
76,7,0.05,0.9653122227755809
76,7,0.10,0.8413600083098327
76,7,0.15,0.7250048225214443
76,7,0.20,0.8779250101402936
76,7,0.25,0.7252401225595477
76,7,0.30,0.8577644141333922
76,7,0.35,0.8325623232947875
76,7,0.40,0.9249818910151413
76,7,0.45,0.9632158068615745
76,7,0.50,0.7931174276751451
76,7,0.55,0.9328904806672217
76,7,0.60,0.8087669585377399
76,7,0.65,0.8644071179278381
76,7,0.70,0.9350849704035065
76,7,0.75,0.8281501804503765
76,7,0.80,0.8856808841445009
76,7,0.85,0.8093470900168912
76,7,0.90,0.9234533395577131
76,7,0.95,0.8529536826797433
76,8,0.05,-0.4032845333953685
76,8,0.10,0.7514955236167256
76,8,0.15,0.9633152961418662
76,8,0.20,0.613298815495209
76,8,0.25,0.8867819492158198
76,8,0.30,0.7641172859083656
76,8,0.35,0.8156041372384595
76,8,0.40,0.9724951681972958
76,8,0.45,0.9043667555809369
76,8,0.50,0.848423803340769
76,8,0.55,0.8242410941543771
76,8,0.60,0.9406529825438884
76,8,0.65,0.8538206793736989
76,8,0.70,0.9177560491426955
76,8,0.75,0.8997657987586366
76,8,0.80,0.9207430041871388
76,8,0.85,0.837861782777692
76,8,0.90,0.8988219332295987
76,8,0.95,0.8473154689611677
76,9,0.05,0.629147199483423
76,9,0.10,0.911773138239494
76,9,0.15,0.9503459642561337
76,9,0.20,0.6038024901552891
76,9,0.25,0.8668681225034893
76,9,0.30,0.923083349187132
76,9,0.35,0.8352236566283506
76,9,0.40,0.9631622608722141
76,9,0.45,0.8315109961671853
76,9,0.50,0.8568482525349976
76,9,0.55,0.8100825231634554
76,9,0.60,0.7957688490967831
76,9,0.65,0.8477220984408881
76,9,0.70,0.8897257878771493
76,9,0.75,0.8254579887594305
76,9,0.80,0.8978080826609882
76,9,0.85,0.8283322863234273
76,9,0.90,0.8631731063283958
76,9,0.95,0.853544337654302
77,0,0.05,0.5869807261600366
77,0,0.10,0.7140752170360505
77,0,0.15,0.9297871307110224
77,0,0.20,0.6972970058380148
77,0,0.25,0.9245953373753343
77,0,0.30,0.8708709416579016
77,0,0.35,0.803088273863849
77,0,0.40,0.6369111193820045
77,0,0.45,0.8565918968480623
77,0,0.50,0.7220765688328945
77,0,0.55,0.8471538840643633
77,0,0.60,0.8906001662452824
77,0,0.65,0.8362474925650341
77,0,0.70,0.8979493223334073
77,0,0.75,0.8824720363117291
77,0,0.80,0.8783648772663655
77,0,0.85,0.9103558055196892
77,0,0.90,0.9437868087420934
77,0,0.95,0.879850736875093
77,1,0.05,0.20681658606871556
77,1,0.10,0.851610132377523
77,1,0.15,0.44706384773160557
77,1,0.20,0.8293903638892308
77,1,0.25,0.928122639972648
77,1,0.30,0.8614972187709319
77,1,0.35,0.922675085101907
77,1,0.40,0.9031877122326777
77,1,0.45,0.7661378277654713
77,1,0.50,0.8419640802006372
77,1,0.55,0.8781477026724055
77,1,0.60,0.9354224044644117
77,1,0.65,0.8322385970644901
77,1,0.70,0.9304136529360424
77,1,0.75,0.8380855060356364
77,1,0.80,0.8488934001062174
77,1,0.85,0.8472637058978649
77,1,0.90,0.904960046678259
77,1,0.95,0.9158076443304503
77,2,0.05,0.8600460437048827
77,2,0.10,0.48576672518729447
77,2,0.15,0.864187873340907
77,2,0.20,0.8935012556073091
77,2,0.25,0.7092926279304155
77,2,0.30,0.9509401840003441
77,2,0.35,0.885893115561509
77,2,0.40,0.9271518966395663
77,2,0.45,0.9166953692783955
77,2,0.50,0.8413867157774094
77,2,0.55,0.8441101499507558
77,2,0.60,0.8907685476130506
77,2,0.65,0.8098399028337803
77,2,0.70,0.8916253853832187
77,2,0.75,0.925099391650825
77,2,0.80,0.8804399391608856
77,2,0.85,0.9187871834666637
77,2,0.90,0.8514439250811919
77,2,0.95,0.8704736752541764
77,3,0.05,0.988982502042442
77,3,0.10,0.9315974119774906
77,3,0.15,0.9179323259976969
77,3,0.20,0.38754839656448814
77,3,0.25,0.8775634752227883
77,3,0.30,0.9514112662478867
77,3,0.35,0.8634849430028326
77,3,0.40,0.774003746681281
77,3,0.45,0.8451479806551185
77,3,0.50,0.7348371018609587
77,3,0.55,0.9105429576971302
77,3,0.60,0.9180737565354419
77,3,0.65,0.895941586342637
77,3,0.70,0.8636093154353693
77,3,0.75,0.8842774076407883
77,3,0.80,0.8822838079961509
77,3,0.85,0.8842353688842626
77,3,0.90,0.8809057435288532
77,3,0.95,0.9205349449041005
77,4,0.05,0.9646958806560517
77,4,0.10,0.3777033373278551
77,4,0.15,0.6310160046926798
77,4,0.20,0.8955700587036289
77,4,0.25,0.8350658586465498
77,4,0.30,0.9523730836791391
77,4,0.35,0.8941526508607027
77,4,0.40,0.9023570587928605
77,4,0.45,0.8150027325065815
77,4,0.50,0.7769628112399122
77,4,0.55,0.9328822808345271
77,4,0.60,0.9055365897601083
77,4,0.65,0.8733092304935406
77,4,0.70,0.7465605269940276
77,4,0.75,0.7820895886416378
77,4,0.80,0.8539502980350205
77,4,0.85,0.8906736409173468
77,4,0.90,0.8612705088800026
77,4,0.95,0.9313240434394668
77,5,0.05,-2.583842856312127
77,5,0.10,0.7301378377370795
77,5,0.15,0.6359924219561139
77,5,0.20,0.9087151506542087
77,5,0.25,0.9004971756496515
77,5,0.30,0.934893391095359
77,5,0.35,0.8999093815883836
77,5,0.40,0.9417056984144815
77,5,0.45,0.9437245081556699
77,5,0.50,0.8144453552271194
77,5,0.55,0.888013501254968
77,5,0.60,0.8555718545109487
77,5,0.65,0.8148058741607083
77,5,0.70,0.765503348753801
77,5,0.75,0.815863775693165
77,5,0.80,0.9013032665469083
77,5,0.85,0.9018204152085275
77,5,0.90,0.8983417168890492
77,5,0.95,0.8604365313914375
77,6,0.05,-2.6264405491549803
77,6,0.10,0.5179133593764134
77,6,0.15,0.829672171148697
77,6,0.20,0.9263219793344234
77,6,0.25,0.8651915885456047
77,6,0.30,0.9439266060159729
77,6,0.35,0.8664487206857676
77,6,0.40,0.9615490656109446
77,6,0.45,0.9577275174524673
77,6,0.50,0.8555502634851289
77,6,0.55,0.8782734017810977
77,6,0.60,0.8870952686067477
77,6,0.65,0.7852587201502251
77,6,0.70,0.8897441884915089
77,6,0.75,0.8580085857462945
77,6,0.80,0.8450595453676154
77,6,0.85,0.7783760403332177
77,6,0.90,0.8372523369583356
77,6,0.95,0.8694940097284842
77,7,0.05,0.20388877725178667
77,7,0.10,0.8691667496748193
77,7,0.15,0.8817804064140783
77,7,0.20,0.8701315485936914
77,7,0.25,0.8423194562518687
77,7,0.30,0.8533117921134098
77,7,0.35,0.9059855808889634
77,7,0.40,0.9080784224486327
77,7,0.45,0.9536852134843633
77,7,0.50,0.8938782581248899
77,7,0.55,0.8233406446286385
77,7,0.60,0.8984729451359594
77,7,0.65,0.8655959110524067
77,7,0.70,0.782838292792356
77,7,0.75,0.8953956247317704
77,7,0.80,0.8678945832684921
77,7,0.85,0.9142259321770662
77,7,0.90,0.850548422900347
77,7,0.95,0.901422862953814
77,8,0.05,0.7122526616159659
77,8,0.10,0.652423918980602
77,8,0.15,0.9246531955992331
77,8,0.20,0.8977216478393438
77,8,0.25,0.9387185772403064
77,8,0.30,0.8327934727884406
77,8,0.35,0.9066191104838547
77,8,0.40,0.745210489272566
77,8,0.45,0.8722909966306468
77,8,0.50,0.8570872183871775
77,8,0.55,0.8278963820317479
77,8,0.60,0.9512338692828929
77,8,0.65,0.8579847217425483
77,8,0.70,0.9021340883781991
77,8,0.75,0.8033291207814731
77,8,0.80,0.8762593335681416
77,8,0.85,0.867290400514561
77,8,0.90,0.841544456165883
77,8,0.95,0.9348010851675265
77,9,0.05,0.8627337427974917
77,9,0.10,0.7753553597054388
77,9,0.15,0.8967095283703104
77,9,0.20,0.9502595819649701
77,9,0.25,0.8841691936113186
77,9,0.30,0.9204968941923883
77,9,0.35,0.8995307460370392
77,9,0.40,0.8444212225909797
77,9,0.45,0.7484098755862061
77,9,0.50,0.7842673501796651
77,9,0.55,0.8972978107017044
77,9,0.60,0.9145240723072908
77,9,0.65,0.922383698971322
77,9,0.70,0.8719249955452785
77,9,0.75,0.9384998658031268
77,9,0.80,0.9147130048874538
77,9,0.85,0.8411110871698687
77,9,0.90,0.9029226781212271
77,9,0.95,0.9181855001407021
78,0,0.05,-0.8350413354342305
78,0,0.10,0.494222306764618
78,0,0.15,-0.3459147718585316
78,0,0.20,0.45435613627281146
78,0,0.25,0.7262094538468615
78,0,0.30,0.8665604011813182
78,0,0.35,0.9368183643655046
78,0,0.40,0.9466199093460353
78,0,0.45,0.8159446499649445
78,0,0.50,0.9459878940732702
78,0,0.55,0.8155539485447252
78,0,0.60,0.9104498576978046
78,0,0.65,0.8711324443558525
78,0,0.70,0.9032626512358988
78,0,0.75,0.8034706268443403
78,0,0.80,0.8735256614260929
78,0,0.85,0.911712820588622
78,0,0.90,0.8419124115243537
78,0,0.95,0.8328622594371453
78,1,0.05,0.5279435982812626
78,1,0.10,0.293557004751521
78,1,0.15,0.9064730555704016
78,1,0.20,0.5966199375674521
78,1,0.25,0.9292285316658453
78,1,0.30,0.960786744641919
78,1,0.35,0.8112564538202882
78,1,0.40,0.7262892867622246
78,1,0.45,0.8922744348517329
78,1,0.50,0.8904940193199431
78,1,0.55,0.915378839458583
78,1,0.60,0.9131190867309225
78,1,0.65,0.8372246611079646
78,1,0.70,0.8036401799093024
78,1,0.75,0.8517996883580081
78,1,0.80,0.8850560603458908
78,1,0.85,0.905019530924694
78,1,0.90,0.8953629939917787
78,1,0.95,0.8847985288341886
78,2,0.05,-0.614352220723408
78,2,0.10,0.31705165230305765
78,2,0.15,0.828274432867899
78,2,0.20,0.5362245376978381
78,2,0.25,0.6144305578381084
78,2,0.30,0.612853873608432
78,2,0.35,0.7592749838431274
78,2,0.40,0.741532359783438
78,2,0.45,0.9146347166451032
78,2,0.50,0.8377364442168892
78,2,0.55,0.9285229081711741
78,2,0.60,0.898308791967839
78,2,0.65,0.8964270249604127
78,2,0.70,0.9519545147633336
78,2,0.75,0.9222520965810592
78,2,0.80,0.8261144111627936
78,2,0.85,0.9246777846709191
78,2,0.90,0.8981346420537337
78,2,0.95,0.8431221831802229
78,3,0.05,-0.15032396036252416
78,3,0.10,0.5614658035854148
78,3,0.15,0.4696840725397887
78,3,0.20,0.6833780403281342
78,3,0.25,0.77787246718707
78,3,0.30,0.9324239887152516
78,3,0.35,0.8323238726890407
78,3,0.40,0.9491637586365181
78,3,0.45,0.8640405011429043
78,3,0.50,0.9102408683618275
78,3,0.55,0.9197459710984278
78,3,0.60,0.9694899470608934
78,3,0.65,0.8956206889626289
78,3,0.70,0.7651340958109067
78,3,0.75,0.909158903392208
78,3,0.80,0.8392016737938934
78,3,0.85,0.9008508490714302
78,3,0.90,0.8259629432380772
78,3,0.95,0.7848441377386283
78,4,0.05,0.8748461544202849
78,4,0.10,-0.20272053998749007
78,4,0.15,0.897125788759602
78,4,0.20,0.8603074779863584
78,4,0.25,0.8747453694903846
78,4,0.30,0.8539014692066804
78,4,0.35,0.91746901069449
78,4,0.40,0.8126013131218451
78,4,0.45,0.8109549281266649
78,4,0.50,0.7685351972960226
78,4,0.55,0.8509983339468938
78,4,0.60,0.8942040564342117
78,4,0.65,0.8821590613019189
78,4,0.70,0.9394825665118365
78,4,0.75,0.846486980037105
78,4,0.80,0.8495099773345293
78,4,0.85,0.9246307496430837
78,4,0.90,0.8670789123505414
78,4,0.95,0.9086339879045896
78,5,0.05,0.9398776970198747
78,5,0.10,0.4193327739245296
78,5,0.15,0.7157188299781394
78,5,0.20,0.8285957317066289
78,5,0.25,0.91716959117731
78,5,0.30,0.8514319311829188
78,5,0.35,0.9105399886989843
78,5,0.40,0.8795291959199361
78,5,0.45,0.8637962113216848
78,5,0.50,0.8641920931939715
78,5,0.55,0.9278511957452813
78,5,0.60,0.9206868085253704
78,5,0.65,0.8816949522604585
78,5,0.70,0.867200042233567
78,5,0.75,0.8502479831499623
78,5,0.80,0.8592482722219229
78,5,0.85,0.8851695186829398
78,5,0.90,0.8431646289273362
78,5,0.95,0.830224289870089
78,6,0.05,0.9686449489934724
78,6,0.10,0.36200409746269213
78,6,0.15,0.52407879990948
78,6,0.20,0.8256302294831018
78,6,0.25,0.9729762367824619
78,6,0.30,0.8412927087225552
78,6,0.35,0.8388155557862376
78,6,0.40,0.8839702125478378
78,6,0.45,0.8172339172901085
78,6,0.50,0.8819414373262461
78,6,0.55,0.7815461204275754
78,6,0.60,0.9394093531160717
78,6,0.65,0.8934956009403618
78,6,0.70,0.8803563385523505
78,6,0.75,0.8357256231909417
78,6,0.80,0.9022131554812137
78,6,0.85,0.886129882551081
78,6,0.90,0.9466128705182293
78,6,0.95,0.9402381225627646
78,7,0.05,0.7114941412750464
78,7,0.10,0.6501164711057675
78,7,0.15,0.5662947470288435
78,7,0.20,0.5420364004005938
78,7,0.25,0.6664381048627603
78,7,0.30,0.8810759834263951
78,7,0.35,0.8096530886648098
78,7,0.40,0.9031738429605074
78,7,0.45,0.9205653117968979
78,7,0.50,0.9072075809196692
78,7,0.55,0.786914512262985
78,7,0.60,0.865915723665198
78,7,0.65,0.931493797998094
78,7,0.70,0.8797736806621292
78,7,0.75,0.9361852981500545
78,7,0.80,0.8934632119647695
78,7,0.85,0.9031754032950406
78,7,0.90,0.8855933095528064
78,7,0.95,0.8648036366239407
78,8,0.05,-0.47828564717430644
78,8,0.10,0.8831610087947329
78,8,0.15,0.7067460771751564
78,8,0.20,0.899845195913256
78,8,0.25,0.6966052546614422
78,8,0.30,0.8071444011698378
78,8,0.35,0.8825923932723378
78,8,0.40,0.827944075909194
78,8,0.45,0.846802690417464
78,8,0.50,0.9293806399236498
78,8,0.55,0.8857096450942518
78,8,0.60,0.9423326431888234
78,8,0.65,0.8541863103641633
78,8,0.70,0.8802147141925368
78,8,0.75,0.9263991444659548
78,8,0.80,0.9081992399206835
78,8,0.85,0.9203806678375267
78,8,0.90,0.8852008742989196
78,8,0.95,0.8966396800781704
78,9,0.05,0.2777555015476456
78,9,0.10,0.6052865565816071
78,9,0.15,0.928784517944901
78,9,0.20,0.7917463015842428
78,9,0.25,0.7882913570745058
78,9,0.30,0.8419038369955266
78,9,0.35,0.8811129194824169
78,9,0.40,0.7967960938536969
78,9,0.45,0.8443907360135298
78,9,0.50,0.7934322952268827
78,9,0.55,0.8638507975979834
78,9,0.60,0.836873692913871
78,9,0.65,0.9381765958612004
78,9,0.70,0.9306075715948104
78,9,0.75,0.9030220591222642
78,9,0.80,0.9325948608582147
78,9,0.85,0.9038808314794875
78,9,0.90,0.9232023143070632
78,9,0.95,0.8796838662367911
79,0,0.05,0.4404911228232158
79,0,0.10,0.8142285861159703
79,0,0.15,0.8691566127711444
79,0,0.20,0.5104633380411526
79,0,0.25,0.8038606047569985
79,0,0.30,0.917643950118184
79,0,0.35,0.805357468478282
79,0,0.40,0.9139556368486426
79,0,0.45,0.8781145609820303
79,0,0.50,0.8678394169057704
79,0,0.55,0.8188941119542973
79,0,0.60,0.9069099520455118
79,0,0.65,0.8824178887802071
79,0,0.70,0.8797411844649402
79,0,0.75,0.8289855060477387
79,0,0.80,0.8929379889064569
79,0,0.85,0.8099131594076184
79,0,0.90,0.8468255416338979
79,0,0.95,0.8912548283382056
79,1,0.05,-0.14731587887178654
79,1,0.10,0.7151873359780403
79,1,0.15,0.6625507291710704
79,1,0.20,0.7758927725105422
79,1,0.25,0.7626622438997952
79,1,0.30,0.9173552197557024
79,1,0.35,0.8545061710055692
79,1,0.40,0.8772816991870291
79,1,0.45,0.9079247732671905
79,1,0.50,0.881458271929307
79,1,0.55,0.9385037349559797
79,1,0.60,0.9122238777475725
79,1,0.65,0.9060844596153224
79,1,0.70,0.902572718720152
79,1,0.75,0.9193461366536172
79,1,0.80,0.8987176459101073
79,1,0.85,0.8726478156387956
79,1,0.90,0.9192505034032683
79,1,0.95,0.9109577589010741
79,2,0.05,-4.6739308203231404
79,2,0.10,0.18862678660221255
79,2,0.15,0.8324511596993299
79,2,0.20,0.6684765509473024
79,2,0.25,0.9261760211610874
79,2,0.30,0.8420603108950837
79,2,0.35,0.6850739202281605
79,2,0.40,0.8473945393597496
79,2,0.45,0.909214863283086
79,2,0.50,0.9106811090186947
79,2,0.55,0.8557271083847071
79,2,0.60,0.8711077745028385
79,2,0.65,0.8338668626674737
79,2,0.70,0.8526120201721757
79,2,0.75,0.8800862867153053
79,2,0.80,0.8474922947209851
79,2,0.85,0.8660930147449947
79,2,0.90,0.8064544249028434
79,2,0.95,0.8700704964648771
79,3,0.05,-33.2338784587317
79,3,0.10,0.8007050931690132
79,3,0.15,0.8954755728890272
79,3,0.20,0.7675790848287753
79,3,0.25,0.911892797134741
79,3,0.30,0.886478732597858
79,3,0.35,0.9362893553192903
79,3,0.40,0.9178621118287086
79,3,0.45,0.864074502437696
79,3,0.50,0.896617615479678
79,3,0.55,0.936541731551444
79,3,0.60,0.9237219006176917
79,3,0.65,0.8407100243152819
79,3,0.70,0.8212100606724044
79,3,0.75,0.8364477333911037
79,3,0.80,0.876049146930659
79,3,0.85,0.8990166646737929
79,3,0.90,0.9280056892966635
79,3,0.95,0.9161040020825297
79,4,0.05,0.1539861774757062
79,4,0.10,0.8731096018937134
79,4,0.15,0.7093821456151874
79,4,0.20,0.7862624732531771
79,4,0.25,0.8433838074311686
79,4,0.30,0.7812358486794274
79,4,0.35,0.8680427946833562
79,4,0.40,0.8559229994642585
79,4,0.45,0.8877260293794449
79,4,0.50,0.877518410015142
79,4,0.55,0.9182839022487326
79,4,0.60,0.837964382091781
79,4,0.65,0.8440983625471296
79,4,0.70,0.8481059019297762
79,4,0.75,0.8688632248785031
79,4,0.80,0.835797033582262
79,4,0.85,0.9134861773450913
79,4,0.90,0.9300697507226299
79,4,0.95,0.9049884773581914
79,5,0.05,0.6316210686061681
79,5,0.10,0.8656179354277574
79,5,0.15,0.6561500005110074
79,5,0.20,0.8341370438341147
79,5,0.25,0.7680660284031819
79,5,0.30,0.8920096151489576
79,5,0.35,0.8777141568587311
79,5,0.40,0.8301870268902632
79,5,0.45,0.8775260889952329
79,5,0.50,0.9189024077347056
79,5,0.55,0.9114565732285034
79,5,0.60,0.9177156694534445
79,5,0.65,0.8867064772749441
79,5,0.70,0.899810837171723
79,5,0.75,0.83402874286634
79,5,0.80,0.9214809517709692
79,5,0.85,0.9098618883977034
79,5,0.90,0.8666414424484569
79,5,0.95,0.9130833753116989
79,6,0.05,-0.39566864975563476
79,6,0.10,0.9178013268904002
79,6,0.15,0.7790849372635665
79,6,0.20,0.9025399197559659
79,6,0.25,0.7132294629894318
79,6,0.30,0.6943970230404081
79,6,0.35,0.8720674582852285
79,6,0.40,0.9158008332433346
79,6,0.45,0.8575812857930505
79,6,0.50,0.9086868691855108
79,6,0.55,0.8145530244354086
79,6,0.60,0.8076269099548502
79,6,0.65,0.8906347384965191
79,6,0.70,0.8594839818057555
79,6,0.75,0.9207579484668593
79,6,0.80,0.9166856513661005
79,6,0.85,0.9520077525011842
79,6,0.90,0.8941208029333343
79,6,0.95,0.894263519304856
79,7,0.05,-0.5547510558669613
79,7,0.10,0.8246666068219335
79,7,0.15,0.8610881352329509
79,7,0.20,0.48582004872600415
79,7,0.25,0.8956329168707915
79,7,0.30,0.7871960811134096
79,7,0.35,0.7531382467914888
79,7,0.40,0.7677903804334177
79,7,0.45,0.8247509177473552
79,7,0.50,0.8627892490012641
79,7,0.55,0.8525245494289584
79,7,0.60,0.9235086226554596
79,7,0.65,0.8805982945101706
79,7,0.70,0.9300099818008047
79,7,0.75,0.8862361974321346
79,7,0.80,0.7925002144460547
79,7,0.85,0.8958071535527102
79,7,0.90,0.8727487574283779
79,7,0.95,0.849505099520812
79,8,0.05,-0.13673328431195864
79,8,0.10,0.007588295215328222
79,8,0.15,0.9352692681126986
79,8,0.20,0.6140394732375565
79,8,0.25,0.8641212191585594
79,8,0.30,0.7659088302952785
79,8,0.35,0.9440783882068702
79,8,0.40,0.7076766603994494
79,8,0.45,0.8531619946543979
79,8,0.50,0.8862587627727339
79,8,0.55,0.9437268005824306
79,8,0.60,0.8243550200626029
79,8,0.65,0.7573201541101973
79,8,0.70,0.9082221604259303
79,8,0.75,0.793305922432826
79,8,0.80,0.870196177160836
79,8,0.85,0.9229883562780287
79,8,0.90,0.9193498561502369
79,8,0.95,0.9046450417282079
79,9,0.05,0.5579747751868229
79,9,0.10,0.7825121849834963
79,9,0.15,0.9392069983658241
79,9,0.20,0.7587747035872039
79,9,0.25,0.6600099618281352
79,9,0.30,0.8285943113598454
79,9,0.35,0.8633624817031715
79,9,0.40,0.9355883078642184
79,9,0.45,0.9300026104893928
79,9,0.50,0.8684634228526977
79,9,0.55,0.876122559821165
79,9,0.60,0.827020690873177
79,9,0.65,0.8968262676921428
79,9,0.70,0.8359520718032087
79,9,0.75,0.8248061622750786
79,9,0.80,0.8674741603749305
79,9,0.85,0.8643410789896032
79,9,0.90,0.8826560192201375
79,9,0.95,0.8976437777726386
80,0,0.05,0.766658898795908
80,0,0.10,0.7732430806988853
80,0,0.15,0.775301726460836
80,0,0.20,0.8583568565081716
80,0,0.25,0.7552078775218304
80,0,0.30,0.7820342350162042
80,0,0.35,0.8669289696952244
80,0,0.40,0.7832474105101986
80,0,0.45,0.6556632551445678
80,0,0.50,0.7824993709076254
80,0,0.55,0.8661458419676925
80,0,0.60,0.8300968251923668
80,0,0.65,0.695435466404676
80,0,0.70,0.9078470850453078
80,0,0.75,0.9048300576924762
80,0,0.80,0.9004972084239271
80,0,0.85,0.9152548189102374
80,0,0.90,0.8589525298599084
80,0,0.95,0.7718546076527653
80,1,0.05,0.4531765457233684
80,1,0.10,0.7206715221329958
80,1,0.15,0.8868044199379451
80,1,0.20,0.907062106792743
80,1,0.25,0.42369555203735154
80,1,0.30,0.7275133938300449
80,1,0.35,0.8529589383254342
80,1,0.40,0.7149390187220805
80,1,0.45,0.8621992644587384
80,1,0.50,0.7997814361484421
80,1,0.55,0.7677749851424532
80,1,0.60,0.9181660802102274
80,1,0.65,0.9196556339866095
80,1,0.70,0.9223108647131179
80,1,0.75,0.8718844173489708
80,1,0.80,0.8756338368538777
80,1,0.85,0.8317720892073348
80,1,0.90,0.9017583738612833
80,1,0.95,0.9136517347261658
80,2,0.05,0.6312952761970447
80,2,0.10,-0.009635715196452788
80,2,0.15,0.4871088259296952
80,2,0.20,0.7842693314590781
80,2,0.25,0.7165431261659799
80,2,0.30,0.5280514777116184
80,2,0.35,0.7580202250493762
80,2,0.40,0.8577662153544472
80,2,0.45,0.8798310766788923
80,2,0.50,0.9078959719102455
80,2,0.55,0.8559918620890145
80,2,0.60,0.9016873827401988
80,2,0.65,0.8821538860794446
80,2,0.70,0.8987603096669117
80,2,0.75,0.9477565263698557
80,2,0.80,0.8848533713708943
80,2,0.85,0.8217323055683899
80,2,0.90,0.8764428506100592
80,2,0.95,0.8728035489209474
80,3,0.05,0.22722948463583525
80,3,0.10,0.677830490111893
80,3,0.15,0.2875429622469765
80,3,0.20,0.866304018909866
80,3,0.25,0.4486140964243862
80,3,0.30,0.8629849777525398
80,3,0.35,0.791000842449923
80,3,0.40,0.876146227284029
80,3,0.45,0.8408820093163009
80,3,0.50,0.9042337955273138
80,3,0.55,0.7569386383802227
80,3,0.60,0.8868457729639379
80,3,0.65,0.7308539301358065
80,3,0.70,0.9261697935833146
80,3,0.75,0.9229527144360086
80,3,0.80,0.9125228717081115
80,3,0.85,0.9029422154273713
80,3,0.90,0.8427316498911134
80,3,0.95,0.8219400247905214
80,4,0.05,0.7498273754752858
80,4,0.10,0.2997545865113689
80,4,0.15,0.49064273233195854
80,4,0.20,0.8773231273555234
80,4,0.25,0.8117734139878203
80,4,0.30,0.7703911048866983
80,4,0.35,0.9202880510783644
80,4,0.40,0.7898875376290304
80,4,0.45,0.8663953614078463
80,4,0.50,0.8640036308846446
80,4,0.55,0.8545165075221988
80,4,0.60,0.8494867214834387
80,4,0.65,0.9129328021531128
80,4,0.70,0.9246567019100386
80,4,0.75,0.9119708532129552
80,4,0.80,0.8949171231362549
80,4,0.85,0.9085072860450403
80,4,0.90,0.8312929716588489
80,4,0.95,0.9240939362021584
80,5,0.05,0.6876811027513263
80,5,0.10,0.7820903701559003
80,5,0.15,0.40751867644684503
80,5,0.20,0.2543442289442077
80,5,0.25,0.8109755996596528
80,5,0.30,0.6805664686942333
80,5,0.35,0.8920219367252566
80,5,0.40,0.7508059580210362
80,5,0.45,0.6579682427463047
80,5,0.50,0.8046620160532767
80,5,0.55,0.8089855283023479
80,5,0.60,0.8641445481754709
80,5,0.65,0.8318360490997472
80,5,0.70,0.840908102279285
80,5,0.75,0.7016775363670726
80,5,0.80,0.915856376863083
80,5,0.85,0.9544286915423891
80,5,0.90,0.894068122926553
80,5,0.95,0.8793525249860095
80,6,0.05,0.775072663332895
80,6,0.10,0.6574923888157012
80,6,0.15,0.7957067528864074
80,6,0.20,0.9125233878864117
80,6,0.25,0.9165164056481002
80,6,0.30,0.7091437777302878
80,6,0.35,0.8459099422611135
80,6,0.40,0.9063270084617804
80,6,0.45,0.903067810822193
80,6,0.50,0.7198838666016336
80,6,0.55,0.8309379935702812
80,6,0.60,0.9161003156001805
80,6,0.65,0.9143637824679058
80,6,0.70,0.8361344922860638
80,6,0.75,0.8879501388705939
80,6,0.80,0.8944407724791965
80,6,0.85,0.874858709665065
80,6,0.90,0.9241405538298846
80,6,0.95,0.8974483830737994
80,7,0.05,-0.12305744238746397
80,7,0.10,0.9108080667700666
80,7,0.15,0.9023453314389002
80,7,0.20,0.9442494268661082
80,7,0.25,0.6834364711534237
80,7,0.30,0.881949067295104
80,7,0.35,0.7476589480166442
80,7,0.40,0.7621505645351698
80,7,0.45,0.7013776393100504
80,7,0.50,0.7748920784777548
80,7,0.55,0.8909115616242793
80,7,0.60,0.9007187183931191
80,7,0.65,0.8360593072384376
80,7,0.70,0.9468174897663039
80,7,0.75,0.8463422960088705
80,7,0.80,0.8788991337265517
80,7,0.85,0.9039139759702532
80,7,0.90,0.8361548582987356
80,7,0.95,0.9246317244574997
80,8,0.05,0.27479226630141873
80,8,0.10,0.9156743075080025
80,8,0.15,0.5454432033371903
80,8,0.20,0.8918232860439793
80,8,0.25,0.8203141633381185
80,8,0.30,0.5975612812450529
80,8,0.35,0.8700515899982211
80,8,0.40,0.7617636145834399
80,8,0.45,0.6506081185609882
80,8,0.50,0.8676332978359942
80,8,0.55,0.9099390197472172
80,8,0.60,0.9026706766146047
80,8,0.65,0.8914651449628959
80,8,0.70,0.8876518211563067
80,8,0.75,0.8972967935303229
80,8,0.80,0.8813482472994338
80,8,0.85,0.9364132070111324
80,8,0.90,0.8018818993939896
80,8,0.95,0.9287597334315802
80,9,0.05,0.02211026545413719
80,9,0.10,0.880454956973184
80,9,0.15,0.8345975257045644
80,9,0.20,0.655812327879878
80,9,0.25,0.8753727383932531
80,9,0.30,0.7005440573459909
80,9,0.35,0.7511632791538396
80,9,0.40,0.5974159529385121
80,9,0.45,0.6780443050765089
80,9,0.50,0.8618357475279486
80,9,0.55,0.788169068773509
80,9,0.60,0.8452834970772953
80,9,0.65,0.9084805275108622
80,9,0.70,0.8404761549594885
80,9,0.75,0.8398862087785923
80,9,0.80,0.92560264771223
80,9,0.85,0.8584803691491948
80,9,0.90,0.9285012642432247
80,9,0.95,0.9115507398471302
81,0,0.05,0.8695406719030814
81,0,0.10,0.9073952164565571
81,0,0.15,0.89333641000012
81,0,0.20,0.8408690559257184
81,0,0.25,0.8662252689274241
81,0,0.30,0.7835756783085968
81,0,0.35,0.6802461030525805
81,0,0.40,0.7374179380014145
81,0,0.45,0.8798905285858685
81,0,0.50,0.8736029354984337
81,0,0.55,0.9031086880760204
81,0,0.60,0.872113211867608
81,0,0.65,0.8992390262389288
81,0,0.70,0.8210249362202598
81,0,0.75,0.9024767996187242
81,0,0.80,0.8502606881197581
81,0,0.85,0.9149700936099073
81,0,0.90,0.8580786422915354
81,0,0.95,0.8707035922098515
81,1,0.05,0.41600696691303474
81,1,0.10,0.7298490886120488
81,1,0.15,0.9200117034461972
81,1,0.20,0.8660784451228503
81,1,0.25,0.8139205139633217
81,1,0.30,0.667299243207158
81,1,0.35,0.6797711918932661
81,1,0.40,0.8415563947213769
81,1,0.45,0.7936215700324478
81,1,0.50,0.7872225129277733
81,1,0.55,0.8196073765024591
81,1,0.60,0.8508096851174616
81,1,0.65,0.9376595625681027
81,1,0.70,0.8747541536604804
81,1,0.75,0.9143377023388846
81,1,0.80,0.9068012913738432
81,1,0.85,0.9389031133396342
81,1,0.90,0.876152361868551
81,1,0.95,0.8967953277909477
81,2,0.05,0.6035053386182261
81,2,0.10,0.5429833834223339
81,2,0.15,0.8354060558335907
81,2,0.20,0.9398253306942321
81,2,0.25,0.7375005460980175
81,2,0.30,0.7763509619280443
81,2,0.35,0.6624060926762338
81,2,0.40,0.9504091700856724
81,2,0.45,0.8914296404853023
81,2,0.50,0.8059836503045341
81,2,0.55,0.8629445341080019
81,2,0.60,0.8812436481938931
81,2,0.65,0.9280524967740869
81,2,0.70,0.6779741488687867
81,2,0.75,0.9167680681989601
81,2,0.80,0.8654779931601502
81,2,0.85,0.8723745199936708
81,2,0.90,0.8891972217093838
81,2,0.95,0.883333738816882
81,3,0.05,0.7524848944695234
81,3,0.10,0.5951488059243907
81,3,0.15,0.8521029068636752
81,3,0.20,0.8614118543016034
81,3,0.25,0.9324334616463411
81,3,0.30,0.9048177798181336
81,3,0.35,0.9214314061599054
81,3,0.40,0.7923541138923027
81,3,0.45,0.7762754332648757
81,3,0.50,0.8772437909263081
81,3,0.55,0.8634170950863344
81,3,0.60,0.8183029355655305
81,3,0.65,0.8414162549431092
81,3,0.70,0.8058296450462132
81,3,0.75,0.8659542009119352
81,3,0.80,0.8095824686324791
81,3,0.85,0.847814987607544
81,3,0.90,0.8876907301301975
81,3,0.95,0.8605581435544448
81,4,0.05,0.8095878181729077
81,4,0.10,0.8703828445349864
81,4,0.15,0.9311384507623958
81,4,0.20,0.8070305739932927
81,4,0.25,0.554424924132136
81,4,0.30,0.8626584561954
81,4,0.35,0.8863474278010255
81,4,0.40,0.8563675822563923
81,4,0.45,0.9234455540556632
81,4,0.50,0.9277249650907039
81,4,0.55,0.9263152141784394
81,4,0.60,0.7986079484314198
81,4,0.65,0.8898438777555194
81,4,0.70,0.893782194508415
81,4,0.75,0.7355621923082161
81,4,0.80,0.7599666029956037
81,4,0.85,0.7902353980651331
81,4,0.90,0.8683169293291904
81,4,0.95,0.8816552408192652
81,5,0.05,0.5879009655134368
81,5,0.10,0.6182699485868777
81,5,0.15,0.9050497388178962
81,5,0.20,0.7297294753770712
81,5,0.25,0.8403769201896694
81,5,0.30,0.6766018505379015
81,5,0.35,0.8000108026989241
81,5,0.40,0.9351200027491204
81,5,0.45,0.7667714991890284
81,5,0.50,0.9036383304533
81,5,0.55,0.9295563700344138
81,5,0.60,0.8564703175259231
81,5,0.65,0.7932330143856499
81,5,0.70,0.7870270386441378
81,5,0.75,0.8937874947430078
81,5,0.80,0.8450404344670206
81,5,0.85,0.9274924792134054
81,5,0.90,0.9059675330885495
81,5,0.95,0.9143682926808671
81,6,0.05,0.5504340619388772
81,6,0.10,0.8900784706083045
81,6,0.15,0.8871778071322501
81,6,0.20,0.9190375908652001
81,6,0.25,0.889956905230854
81,6,0.30,0.7311601726556486
81,6,0.35,0.8099335780532717
81,6,0.40,0.8731575321570374
81,6,0.45,0.7998661624785912
81,6,0.50,0.7927914723384921
81,6,0.55,0.9151564710021041
81,6,0.60,0.9117059219748291
81,6,0.65,0.8632223129471105
81,6,0.70,0.8639240413355094
81,6,0.75,0.8713204526086387
81,6,0.80,0.6927246934994118
81,6,0.85,0.9247100087065279
81,6,0.90,0.8547094906005728
81,6,0.95,0.8131996095727716
81,7,0.05,0.9400046662587287
81,7,0.10,0.7131356355326834
81,7,0.15,0.9310236526138
81,7,0.20,0.786557966401354
81,7,0.25,0.7804695439032209
81,7,0.30,0.8966780623231922
81,7,0.35,0.8239789592995037
81,7,0.40,0.7898128102061495
81,7,0.45,0.9020892097398509
81,7,0.50,0.8812384279082708
81,7,0.55,0.9158661978028849
81,7,0.60,0.9265445370745229
81,7,0.65,0.7253335609360598
81,7,0.70,0.8130483243673619
81,7,0.75,0.8750183701928539
81,7,0.80,0.9150970293626165
81,7,0.85,0.8392764081197577
81,7,0.90,0.9013094538511481
81,7,0.95,0.897844880020155
81,8,0.05,-0.07364070518316845
81,8,0.10,0.9259614198201609
81,8,0.15,0.8974734360700888
81,8,0.20,0.8301553546519975
81,8,0.25,0.9258892459454269
81,8,0.30,0.6062692179554238
81,8,0.35,0.8254907513154599
81,8,0.40,0.6392381672970001
81,8,0.45,0.931724419796627
81,8,0.50,0.8818951291257959
81,8,0.55,0.8851991472453317
81,8,0.60,0.9283788698885655
81,8,0.65,0.8581942714152977
81,8,0.70,0.7598777623101605
81,8,0.75,0.8630627102491258
81,8,0.80,0.827267642991407
81,8,0.85,0.8788657686536372
81,8,0.90,0.8975621915690613
81,8,0.95,0.9243535369312047
81,9,0.05,0.5062012369511444
81,9,0.10,0.7442055071503915
81,9,0.15,0.8543110435830332
81,9,0.20,0.8445065880204092
81,9,0.25,0.6448147595067849
81,9,0.30,0.8297743262513211
81,9,0.35,0.6769496769733269
81,9,0.40,0.7934048728845207
81,9,0.45,0.8914749578309554
81,9,0.50,0.8622837147533902
81,9,0.55,0.9281564812794344
81,9,0.60,0.9265330007054774
81,9,0.65,0.8858083111701891
81,9,0.70,0.7694024090892821
81,9,0.75,0.8294993319259969
81,9,0.80,0.8579634590758871
81,9,0.85,0.9069389635560233
81,9,0.90,0.8734315337887043
81,9,0.95,0.7461237840772514
82,0,0.05,0.408309749346474
82,0,0.10,0.8541586172203071
82,0,0.15,0.9109887517301111
82,0,0.20,0.7615745808720858
82,0,0.25,0.9125785478330894
82,0,0.30,0.7363703772763949
82,0,0.35,0.7566099605816157
82,0,0.40,0.8717886579152998
82,0,0.45,0.8412914412038204
82,0,0.50,0.8802305846220941
82,0,0.55,0.8666684927068931
82,0,0.60,0.820219406367094
82,0,0.65,0.8959441312633526
82,0,0.70,0.8753296411433978
82,0,0.75,0.8968240044429785
82,0,0.80,0.8702793767657081
82,0,0.85,0.8891327933359743
82,0,0.90,0.8935888043489536
82,0,0.95,0.819133329436951
82,1,0.05,0.910796220178483
82,1,0.10,0.8560462327442548
82,1,0.15,0.9593322521856612
82,1,0.20,0.7007975296020535
82,1,0.25,0.9220254989448782
82,1,0.30,0.8802485129122982
82,1,0.35,0.7965123350176667
82,1,0.40,0.8751520413648598
82,1,0.45,0.9077577564283459
82,1,0.50,0.9027985116117052
82,1,0.55,0.8837240565708622
82,1,0.60,0.913606638310608
82,1,0.65,0.8599302811987706
82,1,0.70,0.8976314591635617
82,1,0.75,0.8800361692251423
82,1,0.80,0.9393002151856612
82,1,0.85,0.8645819492366726
82,1,0.90,0.9027729156773726
82,1,0.95,0.9014044165296002
82,2,0.05,0.9582406700151482
82,2,0.10,0.8092565991299357
82,2,0.15,0.8736316549380689
82,2,0.20,0.8219853623340201
82,2,0.25,0.8850588207749401
82,2,0.30,0.8642501756933517
82,2,0.35,0.8544025381396663
82,2,0.40,0.8928162573431683
82,2,0.45,0.9285090713759481
82,2,0.50,0.8204124011659981
82,2,0.55,0.8986933378414684
82,2,0.60,0.929381873038697
82,2,0.65,0.8400889818247934
82,2,0.70,0.9199880515389174
82,2,0.75,0.8571388150150101
82,2,0.80,0.8356816107054248
82,2,0.85,0.8828914219688823
82,2,0.90,0.8777353806357124
82,2,0.95,0.9286636343442646
82,3,0.05,0.4023596574565269
82,3,0.10,0.6006547645570061
82,3,0.15,0.9066540608370723
82,3,0.20,0.8406046152588215
82,3,0.25,0.8831993456823684
82,3,0.30,0.8007320246858008
82,3,0.35,0.8757099926541555
82,3,0.40,0.9399072363045006
82,3,0.45,0.9318561344102532
82,3,0.50,0.8053550504411192
82,3,0.55,0.9025764244375227
82,3,0.60,0.9089767788842015
82,3,0.65,0.8286955947186561
82,3,0.70,0.8629668609994147
82,3,0.75,0.9279702837842878
82,3,0.80,0.9136406253660836
82,3,0.85,0.9244478733244434
82,3,0.90,0.8992127263155772
82,3,0.95,0.9088204812885952
82,4,0.05,0.9158370894717418
82,4,0.10,0.9016086608880053
82,4,0.15,0.7948464696448563
82,4,0.20,0.8201794188884898
82,4,0.25,0.8509354134035719
82,4,0.30,0.7793663417762293
82,4,0.35,0.910369101952219
82,4,0.40,0.9393027033202498
82,4,0.45,0.9169556475257641
82,4,0.50,0.9492356264293452
82,4,0.55,0.893622462725046
82,4,0.60,0.7260574584957848
82,4,0.65,0.7913241487126986
82,4,0.70,0.8659935822153646
82,4,0.75,0.8952183813250727
82,4,0.80,0.8918876799669802
82,4,0.85,0.8582170426635264
82,4,0.90,0.8730308618200155
82,4,0.95,0.9176942676668273
82,5,0.05,0.2480679142998442
82,5,0.10,0.7176819299154475
82,5,0.15,0.744762779649202
82,5,0.20,0.7435965197989189
82,5,0.25,0.827424418191053
82,5,0.30,0.8873225261172474
82,5,0.35,0.7916420533442876
82,5,0.40,0.8840369440624142
82,5,0.45,0.9457921085795563
82,5,0.50,0.9203244206574297
82,5,0.55,0.823432839623103
82,5,0.60,0.911664048859835
82,5,0.65,0.8166033296834195
82,5,0.70,0.9153658839879375
82,5,0.75,0.8478120135396379
82,5,0.80,0.8985107073674552
82,5,0.85,0.8960172329341302
82,5,0.90,0.8415191360801424
82,5,0.95,0.9125814397612995
82,6,0.05,0.5540488480701129
82,6,0.10,0.8665059400887254
82,6,0.15,0.8399844807430685
82,6,0.20,0.8992240844062556
82,6,0.25,0.8817132895421855
82,6,0.30,0.8659499132665119
82,6,0.35,0.8385452615258325
82,6,0.40,0.8100820585896912
82,6,0.45,0.9626873740430212
82,6,0.50,0.9016634884554906
82,6,0.55,0.8454247963345645
82,6,0.60,0.8480105151767543
82,6,0.65,0.9480146873964534
82,6,0.70,0.8937720306455906
82,6,0.75,0.8899625948626325
82,6,0.80,0.9154564834615286
82,6,0.85,0.8764168963253324
82,6,0.90,0.8542435162315671
82,6,0.95,0.8985327828014763
82,7,0.05,-0.20484409106160673
82,7,0.10,0.8494334231756311
82,7,0.15,0.8725234425564538
82,7,0.20,0.813266713971485
82,7,0.25,0.8647538641918241
82,7,0.30,0.8181543704211274
82,7,0.35,0.5171962540364043
82,7,0.40,0.8970416464585289
82,7,0.45,0.7802416086752507
82,7,0.50,0.8291463299137926
82,7,0.55,0.8513422317277214
82,7,0.60,0.9013885353357485
82,7,0.65,0.9012288028442678
82,7,0.70,0.8524455955528087
82,7,0.75,0.8637910395463017
82,7,0.80,0.8772958798100113
82,7,0.85,0.8868721517295965
82,7,0.90,0.9300443131005012
82,7,0.95,0.8936280008884531
82,8,0.05,0.5878433309805531
82,8,0.10,0.7973176213804704
82,8,0.15,0.9592736178794464
82,8,0.20,0.6331276619429068
82,8,0.25,0.8762247852629764
82,8,0.30,0.7740576429260501
82,8,0.35,0.7667088889242573
82,8,0.40,0.8032272208232163
82,8,0.45,0.8774545366422286
82,8,0.50,0.9536945113118085
82,8,0.55,0.8367035302275763
82,8,0.60,0.8945613354874642
82,8,0.65,0.8881009276360352
82,8,0.70,0.9657425496325618
82,8,0.75,0.9186059949928874
82,8,0.80,0.9231922313015792
82,8,0.85,0.8828496972156704
82,8,0.90,0.857108395009395
82,8,0.95,0.8841825250487558
82,9,0.05,0.8324696054012654
82,9,0.10,0.7240678808410677
82,9,0.15,0.8535806266593744
82,9,0.20,0.8490098595773121
82,9,0.25,0.8754373869747699
82,9,0.30,0.9177477262366235
82,9,0.35,0.8233781867671062
82,9,0.40,0.9075992081317776
82,9,0.45,0.8918215637610867
82,9,0.50,0.9296636494972649
82,9,0.55,0.9023955084472087
82,9,0.60,0.9247117480752991
82,9,0.65,0.9175931173813708
82,9,0.70,0.8464848409370223
82,9,0.75,0.895937181390676
82,9,0.80,0.8685647737392349
82,9,0.85,0.8906390987521767
82,9,0.90,0.8905160904983047
82,9,0.95,0.8789146051233955
83,0,0.05,0.2383556147492305
83,0,0.10,0.4150986903117241
83,0,0.15,0.4673808671633667
83,0,0.20,0.5098754762439637
83,0,0.25,0.8849934157166182
83,0,0.30,0.8360165750417983
83,0,0.35,0.7876703913292347
83,0,0.40,0.8693660822943242
83,0,0.45,0.9179803513619528
83,0,0.50,0.8634620288185135
83,0,0.55,0.8591191326222656
83,0,0.60,0.8730142993627501
83,0,0.65,0.8482339765594945
83,0,0.70,0.9350962067344254
83,0,0.75,0.8872925378225627
83,0,0.80,0.9061865023451315
83,0,0.85,0.8012615865089029
83,0,0.90,0.8843047142495151
83,0,0.95,0.9543756595949239
83,1,0.05,0.24024690171332597
83,1,0.10,0.22340358546716987
83,1,0.15,0.8619887516290822
83,1,0.20,0.8634028627215729
83,1,0.25,0.718398048787264
83,1,0.30,0.943139170254084
83,1,0.35,0.8323480317890554
83,1,0.40,0.7990274438717481
83,1,0.45,0.7847265138113972
83,1,0.50,0.8581017906598442
83,1,0.55,0.8671865764724082
83,1,0.60,0.9326765437509038
83,1,0.65,0.8135844343007254
83,1,0.70,0.9071349455780375
83,1,0.75,0.8612692553627314
83,1,0.80,0.9116617634660403
83,1,0.85,0.9044745594229171
83,1,0.90,0.9401501613045268
83,1,0.95,0.9105558827890858
83,2,0.05,0.8803443985404628
83,2,0.10,0.26099599766374504
83,2,0.15,0.5240230780687958
83,2,0.20,0.1954027305868965
83,2,0.25,0.6992413444079892
83,2,0.30,0.8872174761063465
83,2,0.35,0.8327897325307824
83,2,0.40,0.9034513898148312
83,2,0.45,0.9210649525249868
83,2,0.50,0.8769228692073012
83,2,0.55,0.826539756160175
83,2,0.60,0.8901815220644538
83,2,0.65,0.8249197060211506
83,2,0.70,0.7490187963775887
83,2,0.75,0.901021213327063
83,2,0.80,0.932216819464615
83,2,0.85,0.861000105798615
83,2,0.90,0.9283265383394242
83,2,0.95,0.912485901239914
83,3,0.05,0.8260707164031997
83,3,0.10,0.09197247208532111
83,3,0.15,0.8027250459230704
83,3,0.20,0.8700771631993172
83,3,0.25,0.890223932311748
83,3,0.30,0.9110208981656389
83,3,0.35,0.9311642165240942
83,3,0.40,0.9279127530368709
83,3,0.45,0.9240583771122224
83,3,0.50,0.8734690194391499
83,3,0.55,0.8610503789837304
83,3,0.60,0.8539571644165731
83,3,0.65,0.8945371934139711
83,3,0.70,0.9415144912197742
83,3,0.75,0.883738224642269
83,3,0.80,0.9073682867209354
83,3,0.85,0.8623661183808484
83,3,0.90,0.8709690844560699
83,3,0.95,0.83294189612812
83,4,0.05,-0.12066181321746794
83,4,0.10,0.20767978832437317
83,4,0.15,0.938245764346743
83,4,0.20,0.5459337941954199
83,4,0.25,0.8237346423820662
83,4,0.30,0.7577678434449947
83,4,0.35,0.9632352446034671
83,4,0.40,0.9284956491835435
83,4,0.45,0.9154136079995283
83,4,0.50,0.9436931825672754
83,4,0.55,0.9084159983090644
83,4,0.60,0.8705683748982874
83,4,0.65,0.9365102982244883
83,4,0.70,0.8875636856753377
83,4,0.75,0.9227340719979795
83,4,0.80,0.7555107020742333
83,4,0.85,0.8746429779108927
83,4,0.90,0.9244897114913572
83,4,0.95,0.863441367864477
83,5,0.05,0.9339540824606616
83,5,0.10,0.9027641010950802
83,5,0.15,0.6945146004829448
83,5,0.20,0.9578898583798325
83,5,0.25,0.8516193217514404
83,5,0.30,0.906367181295101
83,5,0.35,0.9182039777751295
83,5,0.40,0.8385602940549892
83,5,0.45,0.9137395899444665
83,5,0.50,0.7675195502606666
83,5,0.55,0.8551959708331044
83,5,0.60,0.8974313171189346
83,5,0.65,0.9347250179372696
83,5,0.70,0.8646628859811256
83,5,0.75,0.8807606344871621
83,5,0.80,0.8752643613060752
83,5,0.85,0.9016312141641271
83,5,0.90,0.8871327460526242
83,5,0.95,0.8980925911820149
83,6,0.05,-0.426208055627211
83,6,0.10,0.8124455320148296
83,6,0.15,0.9272751357063989
83,6,0.20,0.5314605523544861
83,6,0.25,0.88615675499249
83,6,0.30,0.6714929185835102
83,6,0.35,0.8564427119006655
83,6,0.40,0.8534011970408141
83,6,0.45,0.9587327414882656
83,6,0.50,0.7944668085427432
83,6,0.55,0.8537440831806771
83,6,0.60,0.8392708716478903
83,6,0.65,0.9178790366020717
83,6,0.70,0.9103632066987146
83,6,0.75,0.8638867832901043
83,6,0.80,0.9145861283151822
83,6,0.85,0.887150633274358
83,6,0.90,0.8753054650690574
83,6,0.95,0.93978999434859
83,7,0.05,-1.0842978891679098
83,7,0.10,-0.17914693451911878
83,7,0.15,0.8983014680256631
83,7,0.20,0.8055048720608297
83,7,0.25,0.8492809072790368
83,7,0.30,0.7980191961093853
83,7,0.35,0.9683254584002113
83,7,0.40,0.9315182984888608
83,7,0.45,0.9307780681967988
83,7,0.50,0.8957868748733164
83,7,0.55,0.8101581173844233
83,7,0.60,0.8468023654517115
83,7,0.65,0.8067003260331098
83,7,0.70,0.9358585708052363
83,7,0.75,0.8739487412898038
83,7,0.80,0.9470076871727702
83,7,0.85,0.8295785432137152
83,7,0.90,0.901739552554958
83,7,0.95,0.8635307009172445
83,8,0.05,-0.11619722815691236
83,8,0.10,0.48535779380039856
83,8,0.15,0.8191809060299234
83,8,0.20,0.898347048124505
83,8,0.25,0.9726643263897399
83,8,0.30,0.9411463514252881
83,8,0.35,0.9096368509533698
83,8,0.40,0.8838507271267454
83,8,0.45,0.9170720234002547
83,8,0.50,0.9325608538967447
83,8,0.55,0.87890347852116
83,8,0.60,0.9082808223422216
83,8,0.65,0.8880416021717172
83,8,0.70,0.8388569691923318
83,8,0.75,0.879265530686507
83,8,0.80,0.9226726688480388
83,8,0.85,0.9306602152346072
83,8,0.90,0.9467128060308794
83,8,0.95,0.948609052703258
83,9,0.05,-0.514385660227068
83,9,0.10,0.7306334370365948
83,9,0.15,0.7224038384469353
83,9,0.20,0.9571718187831487
83,9,0.25,0.9211645263228228
83,9,0.30,0.8853062269020799
83,9,0.35,0.8183032910804812
83,9,0.40,0.8944200494896376
83,9,0.45,0.7646903365396935
83,9,0.50,0.9230534801817759
83,9,0.55,0.8548552704058519
83,9,0.60,0.8934005100382323
83,9,0.65,0.8073888851769648
83,9,0.70,0.913371739374127
83,9,0.75,0.8945557173494371
83,9,0.80,0.8907544386583857
83,9,0.85,0.917110267551451
83,9,0.90,0.8980554648933265
83,9,0.95,0.8279485560549019
84,0,0.05,-0.9622907848047917
84,0,0.10,0.28788092425858647
84,0,0.15,0.7733424536633227
84,0,0.20,0.9557701044980896
84,0,0.25,0.7930608948574248
84,0,0.30,0.6467353497030566
84,0,0.35,0.8196422586899028
84,0,0.40,0.7421877600243956
84,0,0.45,0.8092729800004035
84,0,0.50,0.8407593779867331
84,0,0.55,0.9086037958337853
84,0,0.60,0.8958062764640031
84,0,0.65,0.8918290740196525
84,0,0.70,0.8634976281209211
84,0,0.75,0.932195659747314
84,0,0.80,0.9187899732211751
84,0,0.85,0.9181905561054351
84,0,0.90,0.8674116273045374
84,0,0.95,0.9045552265731462
84,1,0.05,0.027635680339403113
84,1,0.10,0.7226117761898865
84,1,0.15,0.7289656615121016
84,1,0.20,0.9151254829051488
84,1,0.25,0.8585531000211615
84,1,0.30,0.7031934637347694
84,1,0.35,0.8455009232024773
84,1,0.40,0.761763496200729
84,1,0.45,0.8375725490448411
84,1,0.50,0.7783337061360464
84,1,0.55,0.8548986567158112
84,1,0.60,0.8925464710616627
84,1,0.65,0.8708923513775304
84,1,0.70,0.8646619182219903
84,1,0.75,0.8859042461683809
84,1,0.80,0.9185585211851128
84,1,0.85,0.9158368311870095
84,1,0.90,0.8789461130978862
84,1,0.95,0.8720838644002169
84,2,0.05,0.7035769950610851
84,2,0.10,0.9100921527455215
84,2,0.15,0.8934059746166101
84,2,0.20,0.8329497058133866
84,2,0.25,0.7163965052539574
84,2,0.30,0.7672913690065842
84,2,0.35,0.9195198013858039
84,2,0.40,0.7900707485102035
84,2,0.45,0.8477914337198826
84,2,0.50,0.7719700901347659
84,2,0.55,0.7598199204940831
84,2,0.60,0.8756349305659628
84,2,0.65,0.9160763674422175
84,2,0.70,0.7910804240547527
84,2,0.75,0.9046384131640477
84,2,0.80,0.8833157989040243
84,2,0.85,0.8975546407473451
84,2,0.90,0.9043091829288606
84,2,0.95,0.9447657327431204
84,3,0.05,0.7016047506765901
84,3,0.10,0.8018939425116534
84,3,0.15,0.5124185296633943
84,3,0.20,0.9261443235044561
84,3,0.25,0.7709893878209472
84,3,0.30,0.6213976574933116
84,3,0.35,0.9177555018697698
84,3,0.40,0.8317647237719971
84,3,0.45,0.7067785911962179
84,3,0.50,0.703995099486768
84,3,0.55,0.8303685815594489
84,3,0.60,0.8675979512994219
84,3,0.65,0.9100613752440472
84,3,0.70,0.8137186869963454
84,3,0.75,0.7788244199550887
84,3,0.80,0.7548292647002746
84,3,0.85,0.8900348241894251
84,3,0.90,0.8307432444926577
84,3,0.95,0.8821772532215681
84,4,0.05,0.5498146656721066
84,4,0.10,0.8288739002740209
84,4,0.15,0.7282137102323945
84,4,0.20,0.9289926505114987
84,4,0.25,0.8219187384049427
84,4,0.30,0.7728221601330918
84,4,0.35,0.8936607223545194
84,4,0.40,0.6196444192994526
84,4,0.45,0.7114003758147286
84,4,0.50,0.7661995906375874
84,4,0.55,0.900281954099872
84,4,0.60,0.778015882810672
84,4,0.65,0.8475468794705147
84,4,0.70,0.7433140714448981
84,4,0.75,0.867500571362102
84,4,0.80,0.9430969869087727
84,4,0.85,0.8169307663758197
84,4,0.90,0.9151332566683765
84,4,0.95,0.9005206892215283
84,5,0.05,0.899954871826641
84,5,0.10,0.4222585958303061
84,5,0.15,0.5576690015532416
84,5,0.20,0.5178954837213445
84,5,0.25,0.8229602065887798
84,5,0.30,0.8765540643206066
84,5,0.35,0.8662625091421288
84,5,0.40,0.6126423549197336
84,5,0.45,0.7259501279452729
84,5,0.50,0.765883759865114
84,5,0.55,0.9441279284155344
84,5,0.60,0.9309286550715182
84,5,0.65,0.8603932780841052
84,5,0.70,0.8864699273256124
84,5,0.75,0.788636037911666
84,5,0.80,0.8507288556238328
84,5,0.85,0.8222099994092509
84,5,0.90,0.821411906098699
84,5,0.95,0.9297359832648516
84,6,0.05,0.6107468822442229
84,6,0.10,0.7614726291154544
84,6,0.15,0.8453541501425795
84,6,0.20,0.8056624257029954
84,6,0.25,0.5713031579781124
84,6,0.30,0.910256716823268
84,6,0.35,0.7828256086313479
84,6,0.40,0.6458992873900237
84,6,0.45,0.7953368324861418
84,6,0.50,0.8169290595343183
84,6,0.55,0.7870906306067798
84,6,0.60,0.8908583891930244
84,6,0.65,0.8228560985091242
84,6,0.70,0.8963705642539863
84,6,0.75,0.8920389385419364
84,6,0.80,0.8653256900178028
84,6,0.85,0.9353309316271252
84,6,0.90,0.8421572906444704
84,6,0.95,0.9513516719006256
84,7,0.05,-0.36047042794853157
84,7,0.10,0.8981899821596696
84,7,0.15,0.9529054912985243
84,7,0.20,0.8667848993906606
84,7,0.25,0.78830151046947
84,7,0.30,0.7740315788112283
84,7,0.35,0.8163835026686226
84,7,0.40,0.8283346319506036
84,7,0.45,0.8490695544902499
84,7,0.50,0.914273472585242
84,7,0.55,0.7806738259527548
84,7,0.60,0.8808885809830607
84,7,0.65,0.8722750253119929
84,7,0.70,0.8024536736737025
84,7,0.75,0.8505397222752159
84,7,0.80,0.8915999141931344
84,7,0.85,0.9285181392459754
84,7,0.90,0.9119565984258793
84,7,0.95,0.9356800731856775
84,8,0.05,0.9001715805238761
84,8,0.10,0.7599350763867075
84,8,0.15,0.8033510370634885
84,8,0.20,0.781320259627217
84,8,0.25,0.8245106827845413
84,8,0.30,0.8047043691455893
84,8,0.35,0.8732167462270566
84,8,0.40,0.8200195706294803
84,8,0.45,0.724609158507213
84,8,0.50,0.8158921847166354
84,8,0.55,0.8047411510141921
84,8,0.60,0.714565323799884
84,8,0.65,0.9258998599138818
84,8,0.70,0.8325792036595405
84,8,0.75,0.9365015714869803
84,8,0.80,0.7501740717267149
84,8,0.85,0.9218923693354293
84,8,0.90,0.8006007453945458
84,8,0.95,0.852934776514581
84,9,0.05,0.4365661835762522
84,9,0.10,-0.031770040401123634
84,9,0.15,0.7147243044944493
84,9,0.20,0.5080147754799449
84,9,0.25,0.5689496305211326
84,9,0.30,0.8568776435626304
84,9,0.35,0.9193144887310557
84,9,0.40,0.874173592223894
84,9,0.45,0.8187480931038896
84,9,0.50,0.817031030865836
84,9,0.55,0.8606676194365975
84,9,0.60,0.837705747143145
84,9,0.65,0.735001357016206
84,9,0.70,0.8915554357567594
84,9,0.75,0.8721690325401754
84,9,0.80,0.8861659095735284
84,9,0.85,0.8820812200022774
84,9,0.90,0.8444512131985804
84,9,0.95,0.9031243518406733
85,0,0.05,0.8467663402564152
85,0,0.10,0.745748620410865
85,0,0.15,0.8597559854135471
85,0,0.20,0.5537124208915869
85,0,0.25,0.4513377285626592
85,0,0.30,0.8047152786817888
85,0,0.35,0.6250681217574361
85,0,0.40,0.7919157865777624
85,0,0.45,0.8322772607797104
85,0,0.50,0.9048138118489409
85,0,0.55,0.8969667698706079
85,0,0.60,0.8560664292911943
85,0,0.65,0.7201523991006542
85,0,0.70,0.6699997276998434
85,0,0.75,0.7171935093803268
85,0,0.80,0.8695060710560302
85,0,0.85,0.9002953754137282
85,0,0.90,0.8699946921223535
85,0,0.95,0.9036366155524314
85,1,0.05,0.8635133128574998
85,1,0.10,0.7023405510755641
85,1,0.15,0.887577898332809
85,1,0.20,0.607049176364826
85,1,0.25,0.7531676422961254
85,1,0.30,0.8206992811162528
85,1,0.35,0.8193313671227678
85,1,0.40,0.9307297194557277
85,1,0.45,0.9367787174357227
85,1,0.50,0.7476737111319012
85,1,0.55,0.7520847925960147
85,1,0.60,0.8730020074537891
85,1,0.65,0.7883130046155239
85,1,0.70,0.8202424435847194
85,1,0.75,0.7836767095514082
85,1,0.80,0.9038700560330726
85,1,0.85,0.8747935669541924
85,1,0.90,0.8864312713649773
85,1,0.95,0.9260873243097169
85,2,0.05,0.3757970094201336
85,2,0.10,0.8622704638213591
85,2,0.15,0.6343848855225438
85,2,0.20,0.9216650644237119
85,2,0.25,0.9597493164244145
85,2,0.30,0.7779331055821781
85,2,0.35,0.6637264918345892
85,2,0.40,0.8862663675519729
85,2,0.45,0.7831112412644075
85,2,0.50,0.8121732740529513
85,2,0.55,0.6747769871518051
85,2,0.60,0.6140803912026961
85,2,0.65,0.8499426262816335
85,2,0.70,0.8491751361834214
85,2,0.75,0.7029940026196942
85,2,0.80,0.8668621578124538
85,2,0.85,0.8125684519562453
85,2,0.90,0.8588818487796641
85,2,0.95,0.8274869366601044
85,3,0.05,0.9105167983470484
85,3,0.10,0.9033731170205905
85,3,0.15,0.9353656047304834
85,3,0.20,0.538324843394501
85,3,0.25,0.695886439021904
85,3,0.30,0.8139572991060797
85,3,0.35,0.7882490774298142
85,3,0.40,0.8219754407576662
85,3,0.45,0.9175418820060447
85,3,0.50,0.8702577527001039
85,3,0.55,0.7768627268465961
85,3,0.60,0.7846686510135348
85,3,0.65,0.927002811955336
85,3,0.70,0.8370653947707059
85,3,0.75,0.8297557312605889
85,3,0.80,0.7751949687282802
85,3,0.85,0.8419763680559726
85,3,0.90,0.9035555576610257
85,3,0.95,0.841809536073491
85,4,0.05,-0.16267324960798724
85,4,0.10,0.8958866875049118
85,4,0.15,0.857719354151913
85,4,0.20,0.8087341841426423
85,4,0.25,0.8835470912534922
85,4,0.30,0.8831587253730624
85,4,0.35,0.7584826710027159
85,4,0.40,0.6554994362962318
85,4,0.45,0.8500623303919067
85,4,0.50,0.616166723803087
85,4,0.55,0.8440562461862346
85,4,0.60,0.8108192509668739
85,4,0.65,0.8531090798724817
85,4,0.70,0.8558721646928082
85,4,0.75,0.8633235954540479
85,4,0.80,0.7579528158396479
85,4,0.85,0.8405489681951901
85,4,0.90,0.8488799995907401
85,4,0.95,0.8155407892464824
85,5,0.05,0.926755378731828
85,5,0.10,0.50213014564173
85,5,0.15,0.8227997479744456
85,5,0.20,0.9142301676785849
85,5,0.25,0.8866004893809166
85,5,0.30,0.8607724894158203
85,5,0.35,0.6842261979740369
85,5,0.40,0.9175773768489026
85,5,0.45,0.8882335468441445
85,5,0.50,0.740862004494518
85,5,0.55,0.6951443183778998
85,5,0.60,0.8427802875079292
85,5,0.65,0.8237075682739877
85,5,0.70,0.8569815429144929
85,5,0.75,0.7230004367293706
85,5,0.80,0.9065872319044844
85,5,0.85,0.9204706806901994
85,5,0.90,0.8836706433046186
85,5,0.95,0.9043008029916122
85,6,0.05,0.8904889718015389
85,6,0.10,0.9461420435385253
85,6,0.15,0.8367597351505844
85,6,0.20,0.41415708986900734
85,6,0.25,0.7736118275213721
85,6,0.30,0.9286096107414556
85,6,0.35,0.8941574059975146
85,6,0.40,0.8597534996712204
85,6,0.45,0.8754976653236198
85,6,0.50,0.8153336936835808
85,6,0.55,0.7770886029446105
85,6,0.60,0.7622015077503324
85,6,0.65,0.7791499365664343
85,6,0.70,0.8682009616120326
85,6,0.75,0.7963564897752401
85,6,0.80,0.8219562602772033
85,6,0.85,0.9324603487075396
85,6,0.90,0.9067908887074485
85,6,0.95,0.7696831938912507
85,7,0.05,-0.341104557363497
85,7,0.10,0.5659782618630045
85,7,0.15,0.8941500474057749
85,7,0.20,0.8425322722997575
85,7,0.25,0.8451856400860881
85,7,0.30,0.7691383032088416
85,7,0.35,0.7163957756484863
85,7,0.40,0.9051636390340887
85,7,0.45,0.8226754238450329
85,7,0.50,0.9190829453524922
85,7,0.55,0.7566690795550017
85,7,0.60,0.8536433179201518
85,7,0.65,0.895574876557072
85,7,0.70,0.7174768974112953
85,7,0.75,0.8160807510893986
85,7,0.80,0.9076713675719602
85,7,0.85,0.8088853410764038
85,7,0.90,0.9071383915629889
85,7,0.95,0.841323579520299
85,8,0.05,0.9018435369927701
85,8,0.10,0.8936191505051168
85,8,0.15,0.7070601630043288
85,8,0.20,0.7988388507593777
85,8,0.25,0.9646946640830156
85,8,0.30,0.8206543774526865
85,8,0.35,0.8190774391849417
85,8,0.40,0.845450674219356
85,8,0.45,0.8927500494086302
85,8,0.50,0.7632393055298693
85,8,0.55,0.8387513761556394
85,8,0.60,0.681134729034192
85,8,0.65,0.795895118405552
85,8,0.70,0.770604867609247
85,8,0.75,0.8383623682115336
85,8,0.80,0.785029584607767
85,8,0.85,0.8883989041872837
85,8,0.90,0.8666460659469689
85,8,0.95,0.9111655770682258
85,9,0.05,0.9466784517181391
85,9,0.10,0.3994640257785851
85,9,0.15,0.9762300872912771
85,9,0.20,0.9087796255033986
85,9,0.25,0.8668465665097687
85,9,0.30,0.6876460359940685
85,9,0.35,0.9145911078633282
85,9,0.40,0.9060178008881928
85,9,0.45,0.7873580468068666
85,9,0.50,0.8714888563326896
85,9,0.55,0.9001588975455916
85,9,0.60,0.7676292237133455
85,9,0.65,0.792386852776188
85,9,0.70,0.8654156896910039
85,9,0.75,0.8741927473101792
85,9,0.80,0.7942256416167033
85,9,0.85,0.830921724379805
85,9,0.90,0.8353678573603252
85,9,0.95,0.8301682182875937
86,0,0.05,0.9961566498729143
86,0,0.10,0.2377968388529058
86,0,0.15,0.5324716751662578
86,0,0.20,0.7211364813218006
86,0,0.25,0.7613249268445361
86,0,0.30,0.924071119709383
86,0,0.35,0.8880162876255304
86,0,0.40,0.7214734760688215
86,0,0.45,0.8424221358877626
86,0,0.50,0.8969129717737392
86,0,0.55,0.91336328434972
86,0,0.60,0.9420670840669229
86,0,0.65,0.9123606217525685
86,0,0.70,0.9024284884512968
86,0,0.75,0.9580840054663109
86,0,0.80,0.8871631139431723
86,0,0.85,0.945135012534214
86,0,0.90,0.8592297480733114
86,0,0.95,0.9377488126301713
86,1,0.05,0.7703786751789536
86,1,0.10,0.4475331953165427
86,1,0.15,0.6653456110925968
86,1,0.20,0.7561290528032885
86,1,0.25,0.8875562254830472
86,1,0.30,0.9278896068431445
86,1,0.35,0.6171024294880232
86,1,0.40,0.8335310867257835
86,1,0.45,0.9395165239195229
86,1,0.50,0.935159448857201
86,1,0.55,0.8306791908898246
86,1,0.60,0.9535403934570497
86,1,0.65,0.8994389641938348
86,1,0.70,0.8576821988894224
86,1,0.75,0.9049985553612799
86,1,0.80,0.8700700151178402
86,1,0.85,0.845976372027021
86,1,0.90,0.8909039574030103
86,1,0.95,0.8670659625995646
86,2,0.05,0.9769871396553677
86,2,0.10,0.6612521474497695
86,2,0.15,0.792255031204058
86,2,0.20,0.2323829319696321
86,2,0.25,0.9352959711370211
86,2,0.30,0.9097992396139163
86,2,0.35,0.8521251574915494
86,2,0.40,0.7793754269565678
86,2,0.45,0.7660713573058664
86,2,0.50,0.8760693432284101
86,2,0.55,0.9152367534546075
86,2,0.60,0.9204800864496909
86,2,0.65,0.9491017359650158
86,2,0.70,0.8514596526581109
86,2,0.75,0.9018646595524736
86,2,0.80,0.8868195327373679
86,2,0.85,0.8865125971631383
86,2,0.90,0.906282057745079
86,2,0.95,0.9149198836426992
86,3,0.05,0.8144499035327227
86,3,0.10,0.8458974278158179
86,3,0.15,0.839650874187901
86,3,0.20,0.8554977687572886
86,3,0.25,0.5152546746013162
86,3,0.30,0.9090837438406898
86,3,0.35,0.9294870233158931
86,3,0.40,0.8826086058221738
86,3,0.45,0.9025576145744214
86,3,0.50,0.8978181029991288
86,3,0.55,0.9161317180835178
86,3,0.60,0.9002898686908709
86,3,0.65,0.8682991301123144
86,3,0.70,0.8591473767492639
86,3,0.75,0.8617112874563385
86,3,0.80,0.8911637591497666
86,3,0.85,0.9250276969368624
86,3,0.90,0.9471310191971077
86,3,0.95,0.9124585932847831
86,4,0.05,0.6209137774231306
86,4,0.10,0.5665178794418093
86,4,0.15,0.08989449225058255
86,4,0.20,0.8333514644314307
86,4,0.25,0.652225265642973
86,4,0.30,0.8967710055300456
86,4,0.35,0.8229961213688735
86,4,0.40,0.8915533850855829
86,4,0.45,0.9005896633910377
86,4,0.50,0.9253600134560536
86,4,0.55,0.8554621622311058
86,4,0.60,0.906039978723363
86,4,0.65,0.8994566906210189
86,4,0.70,0.8599867131100262
86,4,0.75,0.9097601891680384
86,4,0.80,0.8691852484603175
86,4,0.85,0.9399025467424815
86,4,0.90,0.8968865589334714
86,4,0.95,0.8590364070733146
86,5,0.05,0.9307034185636526
86,5,0.10,0.9209554158706814
86,5,0.15,0.8287666298276589
86,5,0.20,0.706015115675007
86,5,0.25,0.9526817124788401
86,5,0.30,0.9064628999502091
86,5,0.35,0.9458997406707753
86,5,0.40,0.8532468068624257
86,5,0.45,0.9337428142846379
86,5,0.50,0.9022651688536685
86,5,0.55,0.8490535944459363
86,5,0.60,0.9073628392645148
86,5,0.65,0.8839237704760574
86,5,0.70,0.893898678786631
86,5,0.75,0.8683421668491268
86,5,0.80,0.9032631564193229
86,5,0.85,0.8946115333810434
86,5,0.90,0.8612081602503973
86,5,0.95,0.9186150580633204
86,6,0.05,0.9774366986297328
86,6,0.10,0.13365160751765992
86,6,0.15,0.8143528185346044
86,6,0.20,0.9648658551656724
86,6,0.25,0.9133531209575318
86,6,0.30,0.8758870721575405
86,6,0.35,0.9165282005511977
86,6,0.40,0.8461757612897803
86,6,0.45,0.88955185691796
86,6,0.50,0.8396295844053143
86,6,0.55,0.8860905083851022
86,6,0.60,0.8141895422076229
86,6,0.65,0.9718937806182854
86,6,0.70,0.8689973246163457
86,6,0.75,0.8666829670521631
86,6,0.80,0.8963581608647401
86,6,0.85,0.8726157478035954
86,6,0.90,0.8661856410962683
86,6,0.95,0.8997413648803426
86,7,0.05,0.4290709183968132
86,7,0.10,0.7602595099182002
86,7,0.15,0.7685174056845749
86,7,0.20,0.4431223587220602
86,7,0.25,0.6351732037163806
86,7,0.30,0.8434570160367598
86,7,0.35,0.907031590849037
86,7,0.40,0.8483919724674133
86,7,0.45,0.9008844481802499
86,7,0.50,0.9127789579130651
86,7,0.55,0.895438892458626
86,7,0.60,0.8899194412315016
86,7,0.65,0.912271498971293
86,7,0.70,0.9202027356372005
86,7,0.75,0.9410517607443614
86,7,0.80,0.8837684653116394
86,7,0.85,0.9286332004851798
86,7,0.90,0.8800098049215906
86,7,0.95,0.8116861331795409
86,8,0.05,0.9719306336042537
86,8,0.10,0.9130528117894487
86,8,0.15,0.9543980747913587
86,8,0.20,0.6636869995714023
86,8,0.25,0.93154258241291
86,8,0.30,0.7930726095463942
86,8,0.35,0.9293536045675206
86,8,0.40,0.8489723680962665
86,8,0.45,0.8829755474860389
86,8,0.50,0.8228831591438988
86,8,0.55,0.8864508171634315
86,8,0.60,0.7878519463102176
86,8,0.65,0.9490930514856053
86,8,0.70,0.8412736220763914
86,8,0.75,0.8819891985201921
86,8,0.80,0.8981063921893135
86,8,0.85,0.8565437121399562
86,8,0.90,0.9533145682030668
86,8,0.95,0.8961269086021983
86,9,0.05,0.9378615568077017
86,9,0.10,0.4877598050386117
86,9,0.15,0.9226757787717464
86,9,0.20,0.3109487200588663
86,9,0.25,0.9563056188330038
86,9,0.30,0.827582679436283
86,9,0.35,0.8306049520715986
86,9,0.40,0.7996871550505834
86,9,0.45,0.8835909256291342
86,9,0.50,0.8181539550368554
86,9,0.55,0.8968342947649772
86,9,0.60,0.9199808412756348
86,9,0.65,0.9038621276963095
86,9,0.70,0.9144414904742179
86,9,0.75,0.8784246553820637
86,9,0.80,0.9180828654744434
86,9,0.85,0.9176754849515456
86,9,0.90,0.9419177603853596
86,9,0.95,0.8906099839767521
87,0,0.05,0.7191640886614489
87,0,0.10,0.8032554904680995
87,0,0.15,0.8416177536140834
87,0,0.20,0.8571421444813486
87,0,0.25,0.9220254567595436
87,0,0.30,0.7315368194447325
87,0,0.35,0.7258787907257634
87,0,0.40,0.8526310019545161
87,0,0.45,0.8861979122089881
87,0,0.50,0.8470332236805601
87,0,0.55,0.8611296114628942
87,0,0.60,0.9531066063975469
87,0,0.65,0.9165033217825322
87,0,0.70,0.8973923805240409
87,0,0.75,0.9192873237826167
87,0,0.80,0.9155856247588192
87,0,0.85,0.8530753056778759
87,0,0.90,0.8995994062745567
87,0,0.95,0.8216193679848619
87,1,0.05,0.6750903970366031
87,1,0.10,0.39129301335645006
87,1,0.15,0.9592379441929211
87,1,0.20,0.7915329943127581
87,1,0.25,0.8435308416422658
87,1,0.30,0.8648464451686825
87,1,0.35,0.7889142511738472
87,1,0.40,0.8912477357469998
87,1,0.45,0.8442864880675303
87,1,0.50,0.8589080916251723
87,1,0.55,0.9516832464821564
87,1,0.60,0.8799045060890198
87,1,0.65,0.9151718816461368
87,1,0.70,0.9434708230875949
87,1,0.75,0.9322520700459973
87,1,0.80,0.9409938188240434
87,1,0.85,0.7952374151836155
87,1,0.90,0.9192101965819003
87,1,0.95,0.9093683639441623
87,2,0.05,0.31822934624146704
87,2,0.10,0.9414145202301164
87,2,0.15,0.7794969355037065
87,2,0.20,0.8456826921900267
87,2,0.25,0.7794332018475731
87,2,0.30,0.9075936440941287
87,2,0.35,0.9605844791627158
87,2,0.40,0.7559338825126989
87,2,0.45,0.9491642129656567
87,2,0.50,0.858832108366623
87,2,0.55,0.9087584578148215
87,2,0.60,0.903462176936124
87,2,0.65,0.7056805264811938
87,2,0.70,0.7986144402045668
87,2,0.75,0.849026889236434
87,2,0.80,0.8966310199245127
87,2,0.85,0.8648455211881015
87,2,0.90,0.8761878955668482
87,2,0.95,0.9503576108572327
87,3,0.05,0.7882766494503175
87,3,0.10,0.9005658053864884
87,3,0.15,0.9461447522507652
87,3,0.20,0.6832119519891239
87,3,0.25,0.9126353642353209
87,3,0.30,0.9010369649316486
87,3,0.35,0.845415600725238
87,3,0.40,0.9305337425892699
87,3,0.45,0.8684699068460072
87,3,0.50,0.8327881181098857
87,3,0.55,0.9237493956709073
87,3,0.60,0.8064837983014039
87,3,0.65,0.8544648039023156
87,3,0.70,0.9255916971278075
87,3,0.75,0.80347088118032
87,3,0.80,0.9109071692409292
87,3,0.85,0.8763247871522062
87,3,0.90,0.841923730937842
87,3,0.95,0.8231110256919774
87,4,0.05,0.8001256318522885
87,4,0.10,0.3385444792397857
87,4,0.15,0.821207878901194
87,4,0.20,0.9079946517761496
87,4,0.25,0.8052518135734006
87,4,0.30,0.8910894749371145
87,4,0.35,0.9122141482539667
87,4,0.40,0.8631975883055677
87,4,0.45,0.8777170341007838
87,4,0.50,0.9300299295340368
87,4,0.55,0.8796913724743931
87,4,0.60,0.8445384592269846
87,4,0.65,0.8825529554106969
87,4,0.70,0.9386090843719425
87,4,0.75,0.9264791427265806
87,4,0.80,0.9381011726394388
87,4,0.85,0.8982956276058319
87,4,0.90,0.8535819569210397
87,4,0.95,0.8807985853212252
87,5,0.05,0.7783904596986861
87,5,0.10,0.7936563905951513
87,5,0.15,0.8950482225269419
87,5,0.20,0.7252014940736617
87,5,0.25,0.8957028662002247
87,5,0.30,0.9152945482674683
87,5,0.35,0.9150501330225218
87,5,0.40,0.8240065136549387
87,5,0.45,0.9372870236452135
87,5,0.50,0.743549538568649
87,5,0.55,0.9385799155512946
87,5,0.60,0.8752728792750688
87,5,0.65,0.894413460691788
87,5,0.70,0.9226298472327601
87,5,0.75,0.9377916156548889
87,5,0.80,0.9012991161333962
87,5,0.85,0.8092813188556264
87,5,0.90,0.8397085931342962
87,5,0.95,0.8891025056398996
87,6,0.05,0.5959032370694491
87,6,0.10,0.8929257531900183
87,6,0.15,0.9537735173898799
87,6,0.20,0.6872521783106729
87,6,0.25,0.7582084653497946
87,6,0.30,0.9189230114858311
87,6,0.35,0.790416931187651
87,6,0.40,0.8989086970140481
87,6,0.45,0.9080540081293582
87,6,0.50,0.8905456776972652
87,6,0.55,0.8543979234644601
87,6,0.60,0.65187406014887
87,6,0.65,0.9375645751442839
87,6,0.70,0.8291064677262645
87,6,0.75,0.8890769257224312
87,6,0.80,0.9043862096565004
87,6,0.85,0.8550023294735324
87,6,0.90,0.9445080690377574
87,6,0.95,0.8939537329266649
87,7,0.05,0.7676463653903959
87,7,0.10,0.6831600642696254
87,7,0.15,0.8468561251244063
87,7,0.20,0.6759048899889205
87,7,0.25,0.8856447905934228
87,7,0.30,0.7749062464042404
87,7,0.35,0.8575049588197314
87,7,0.40,0.8545114497116918
87,7,0.45,0.9586811348824139
87,7,0.50,0.911690371665257
87,7,0.55,0.9415133041814944
87,7,0.60,0.8309207576219144
87,7,0.65,0.9169955094246969
87,7,0.70,0.9133128118681301
87,7,0.75,0.8774787962963845
87,7,0.80,0.8972111274188921
87,7,0.85,0.8677138801713032
87,7,0.90,0.8958653429214544
87,7,0.95,0.9287684196727386
87,8,0.05,0.9148830690713277
87,8,0.10,0.8402909244200474
87,8,0.15,0.9761870106533465
87,8,0.20,0.5988050034343886
87,8,0.25,0.7846048520541904
87,8,0.30,0.8341537719319483
87,8,0.35,0.9275505225101566
87,8,0.40,0.7747427028682481
87,8,0.45,0.9230527485381337
87,8,0.50,0.8767186143751544
87,8,0.55,0.9369378322304429
87,8,0.60,0.8239040222558403
87,8,0.65,0.8918589280352278
87,8,0.70,0.8304136587191285
87,8,0.75,0.8685799422900026
87,8,0.80,0.8719143824971612
87,8,0.85,0.8943206129635681
87,8,0.90,0.8605655750891953
87,8,0.95,0.8537668968927352
87,9,0.05,0.5873118495533769
87,9,0.10,0.6595545062664327
87,9,0.15,0.8605017961246111
87,9,0.20,0.7457339988700398
87,9,0.25,0.885055682942733
87,9,0.30,0.7437425316104871
87,9,0.35,0.43556193882104133
87,9,0.40,0.9100512215221158
87,9,0.45,0.9053715533341888
87,9,0.50,0.9286980640712627
87,9,0.55,0.9013189894710686
87,9,0.60,0.9360595463145849
87,9,0.65,0.8587251184483873
87,9,0.70,0.869849965427742
87,9,0.75,0.8947899900923841
87,9,0.80,0.9055563367484926
87,9,0.85,0.9401856890348503
87,9,0.90,0.8518052666639889
87,9,0.95,0.9032011234538742
88,0,0.05,0.7819406062303107
88,0,0.10,0.668502913055228
88,0,0.15,0.9702415563283976
88,0,0.20,0.8723307209322195
88,0,0.25,0.8449563093936922
88,0,0.30,0.9517656515606406
88,0,0.35,0.9131035170704511
88,0,0.40,0.9389115041362315
88,0,0.45,0.8558811532450719
88,0,0.50,0.9191906851374377
88,0,0.55,0.9122007275538733
88,0,0.60,0.897824685797044
88,0,0.65,0.9450014474540591
88,0,0.70,0.8794608499658367
88,0,0.75,0.919781413025355
88,0,0.80,0.9596624224440391
88,0,0.85,0.9470295803450124
88,0,0.90,0.8965915014986015
88,0,0.95,0.8774436512352918
88,1,0.05,0.6804686479351587
88,1,0.10,0.8566062805362478
88,1,0.15,0.6079945500927357
88,1,0.20,0.8115281467211952
88,1,0.25,0.8962659582797894
88,1,0.30,0.8799748605510442
88,1,0.35,0.7311758887824904
88,1,0.40,0.9502523336363163
88,1,0.45,0.898754137721635
88,1,0.50,0.9728020876351602
88,1,0.55,0.903837926227202
88,1,0.60,0.9098688333670822
88,1,0.65,0.9341958671152183
88,1,0.70,0.9208037197739449
88,1,0.75,0.8318137649122201
88,1,0.80,0.9339857338448165
88,1,0.85,0.9509115633629157
88,1,0.90,0.9030312966322032
88,1,0.95,0.9244790756959905
88,2,0.05,0.967638616414894
88,2,0.10,0.4907153094889236
88,2,0.15,0.568326220860854
88,2,0.20,0.9312554593073609
88,2,0.25,0.8828454887598107
88,2,0.30,0.9487950808857715
88,2,0.35,0.9562991057521705
88,2,0.40,0.9561491968052876
88,2,0.45,0.9333018481853658
88,2,0.50,0.9168315090539207
88,2,0.55,0.904188040972452
88,2,0.60,0.8657203012973744
88,2,0.65,0.9484190470674161
88,2,0.70,0.9557042928633154
88,2,0.75,0.9635873122156361
88,2,0.80,0.8991218959047034
88,2,0.85,0.9015747904593723
88,2,0.90,0.8739058049843493
88,2,0.95,0.934818884426767
88,3,0.05,0.5368045879434516
88,3,0.10,0.36726697654658436
88,3,0.15,0.9794846656118457
88,3,0.20,0.7527306571117706
88,3,0.25,0.8920858265075203
88,3,0.30,0.9232806372108097
88,3,0.35,0.9257794860961996
88,3,0.40,0.9050710736709131
88,3,0.45,0.8785663166284652
88,3,0.50,0.9383388499011167
88,3,0.55,0.8726895522557281
88,3,0.60,0.88235887898881
88,3,0.65,0.8961860151189402
88,3,0.70,0.8896229783145062
88,3,0.75,0.9395676088341175
88,3,0.80,0.8398049485244953
88,3,0.85,0.8654736799205996
88,3,0.90,0.9213503690699492
88,3,0.95,0.9050583826163012
88,4,0.05,0.9231939649996405
88,4,0.10,0.899300814269641
88,4,0.15,0.7546048730977813
88,4,0.20,0.9528395804545763
88,4,0.25,0.7117778002269151
88,4,0.30,0.7187017877848914
88,4,0.35,0.8495430483375797
88,4,0.40,0.9021349562591062
88,4,0.45,0.8903594241411596
88,4,0.50,0.9017508051374794
88,4,0.55,0.95008059948757
88,4,0.60,0.8868045115365795
88,4,0.65,0.879315029437859
88,4,0.70,0.9154476389303969
88,4,0.75,0.883131659428098
88,4,0.80,0.8890184906470341
88,4,0.85,0.9153026823957244
88,4,0.90,0.9542340261686995
88,4,0.95,0.8082464651683476
88,5,0.05,0.11547363047496362
88,5,0.10,0.5664996445241688
88,5,0.15,0.8706489556226059
88,5,0.20,0.9214019353875489
88,5,0.25,0.8647854058749908
88,5,0.30,0.9107505726419007
88,5,0.35,0.8905440637988962
88,5,0.40,0.8566669558384232
88,5,0.45,0.9106553633591576
88,5,0.50,0.9534980474116759
88,5,0.55,0.9305308435259185
88,5,0.60,0.7567708206906039
88,5,0.65,0.9044913338054784
88,5,0.70,0.9342407574856515
88,5,0.75,0.8445570461937706
88,5,0.80,0.8981131060923575
88,5,0.85,0.845701959760032
88,5,0.90,0.8988408532548985
88,5,0.95,0.9353598335072192
88,6,0.05,0.6011218713663316
88,6,0.10,0.8489834822240151
88,6,0.15,0.8032153940359855
88,6,0.20,0.9428206203735551
88,6,0.25,0.8816788310301517
88,6,0.30,0.9482311826392079
88,6,0.35,0.912691953394537
88,6,0.40,0.9395815534097139
88,6,0.45,0.9215913764227948
88,6,0.50,0.9258679452766359
88,6,0.55,0.9199894466367868
88,6,0.60,0.9588554886305479
88,6,0.65,0.9292440047438653
88,6,0.70,0.9079455567454133
88,6,0.75,0.9343888357502019
88,6,0.80,0.9693033332903911
88,6,0.85,0.8548837605601572
88,6,0.90,0.8960156239590598
88,6,0.95,0.9140972181480781
88,7,0.05,0.9461821194687499
88,7,0.10,0.8507758674618717
88,7,0.15,0.9313555023151028
88,7,0.20,0.7434009611894978
88,7,0.25,0.9540667066773829
88,7,0.30,0.5354398005331695
88,7,0.35,0.9272297580029755
88,7,0.40,0.8039636307246172
88,7,0.45,0.9351539973517423
88,7,0.50,0.9410965795044851
88,7,0.55,0.9541765981553907
88,7,0.60,0.8947990824304526
88,7,0.65,0.9586804430627152
88,7,0.70,0.9356751724311055
88,7,0.75,0.9425025896225957
88,7,0.80,0.9388461794792781
88,7,0.85,0.8895621312441665
88,7,0.90,0.8881371467261303
88,7,0.95,0.9211277670258808
88,8,0.05,-0.2690018286910556
88,8,0.10,0.7132817976470338
88,8,0.15,0.8753012206577061
88,8,0.20,0.5448894682018045
88,8,0.25,0.6472689219549361
88,8,0.30,0.9044580487426838
88,8,0.35,0.9585546507148625
88,8,0.40,0.9486425495768909
88,8,0.45,0.89716718856421
88,8,0.50,0.9088307202489565
88,8,0.55,0.9435884106129219
88,8,0.60,0.9677644318720972
88,8,0.65,0.915611376710569
88,8,0.70,0.9386227097852038
88,8,0.75,0.9384640218031759
88,8,0.80,0.9167984838911734
88,8,0.85,0.8675035546983167
88,8,0.90,0.9011240592236228
88,8,0.95,0.8637608438278063
88,9,0.05,0.805785440154229
88,9,0.10,-1.42022862595641
88,9,0.15,0.957118181089487
88,9,0.20,0.9407255222497902
88,9,0.25,0.8942790995989058
88,9,0.30,0.9302812086259055
88,9,0.35,0.8957980906410038
88,9,0.40,0.8688093752231763
88,9,0.45,0.9488229749521285
88,9,0.50,0.9105011893771363
88,9,0.55,0.9300285649069043
88,9,0.60,0.9323497869116723
88,9,0.65,0.932999229323971
88,9,0.70,0.9207212372607746
88,9,0.75,0.9430051907379476
88,9,0.80,0.896633195693377
88,9,0.85,0.9341491458375076
88,9,0.90,0.8939064255837196
88,9,0.95,0.9159031404973046
89,0,0.05,-0.23691069420846
89,0,0.10,0.604467436426361
89,0,0.15,0.5957473136482627
89,0,0.20,0.8643712204345555
89,0,0.25,0.908046117816123
89,0,0.30,0.7882711587868851
89,0,0.35,0.889007651404343
89,0,0.40,0.8142865838042327
89,0,0.45,0.8102205952040517
89,0,0.50,0.8640037843853506
89,0,0.55,0.8629987640480996
89,0,0.60,0.9209807257167055
89,0,0.65,0.928891721535046
89,0,0.70,0.8723891126839702
89,0,0.75,0.9146580127773796
89,0,0.80,0.8330550008656065
89,0,0.85,0.9121097084801582
89,0,0.90,0.8928020296029916
89,0,0.95,0.8291411911732555
89,1,0.05,0.7478193951448338
89,1,0.10,0.8494020198890586
89,1,0.15,0.6195799499130841
89,1,0.20,0.8749746099972847
89,1,0.25,0.6087170193861879
89,1,0.30,0.6339615917626426
89,1,0.35,0.8875059121573878
89,1,0.40,0.7646968695647899
89,1,0.45,0.8278971898563823
89,1,0.50,0.7931190623495855
89,1,0.55,0.8823426521457437
89,1,0.60,0.8640183555990929
89,1,0.65,0.9087476308684618
89,1,0.70,0.882938518727282
89,1,0.75,0.8403078158553419
89,1,0.80,0.9180111106495265
89,1,0.85,0.8037490328420575
89,1,0.90,0.9293636341951078
89,1,0.95,0.9265721332699586
89,2,0.05,0.6085532152097427
89,2,0.10,0.053638719461725604
89,2,0.15,0.883683425233269
89,2,0.20,0.5456757646029893
89,2,0.25,0.5411109022800489
89,2,0.30,0.7664010318131669
89,2,0.35,0.5417889536154324
89,2,0.40,0.7112921360248317
89,2,0.45,0.8018091670614923
89,2,0.50,0.8296533710079927
89,2,0.55,0.8685239049957679
89,2,0.60,0.8650406919196008
89,2,0.65,0.9171883140369138
89,2,0.70,0.9285859110345989
89,2,0.75,0.8318968772750359
89,2,0.80,0.8670318532746443
89,2,0.85,0.9205930219199293
89,2,0.90,0.8387936438006007
89,2,0.95,0.8103071700741469
89,3,0.05,0.7490104829144093
89,3,0.10,0.6653104396089492
89,3,0.15,0.9311985687230683
89,3,0.20,0.6724895458407164
89,3,0.25,0.8854661332138234
89,3,0.30,0.8293563008474256
89,3,0.35,0.8683780533579428
89,3,0.40,0.7806729848376274
89,3,0.45,0.9435601123663736
89,3,0.50,0.9072611359063012
89,3,0.55,0.9476846293371004
89,3,0.60,0.8997669672047466
89,3,0.65,0.8892238070422556
89,3,0.70,0.9209571216474962
89,3,0.75,0.8935566033263602
89,3,0.80,0.8364005994880606
89,3,0.85,0.9263932870625321
89,3,0.90,0.8428034441120886
89,3,0.95,0.9238355707682988
89,4,0.05,0.48024942471087273
89,4,0.10,0.5949694740799663
89,4,0.15,0.7589000026500665
89,4,0.20,0.8411173159451029
89,4,0.25,0.8464261988353126
89,4,0.30,0.6875688963478113
89,4,0.35,0.8584823067403369
89,4,0.40,0.7746324170605244
89,4,0.45,0.7861388566238692
89,4,0.50,0.9320623163991263
89,4,0.55,0.819308435640519
89,4,0.60,0.9161660678791962
89,4,0.65,0.9196490769223956
89,4,0.70,0.8722672659658594
89,4,0.75,0.8840029437809029
89,4,0.80,0.9247881558344593
89,4,0.85,0.9236454702242982
89,4,0.90,0.8880656660374178
89,4,0.95,0.9091371097202068
89,5,0.05,0.9967447128915213
89,5,0.10,0.8365130523712223
89,5,0.15,0.9155787899849496
89,5,0.20,0.8606826700115919
89,5,0.25,0.9599090491747173
89,5,0.30,0.8977941758608686
89,5,0.35,0.9350571270412655
89,5,0.40,0.7056300899189762
89,5,0.45,0.8462963461157736
89,5,0.50,0.7902979167691739
89,5,0.55,0.8535958138311437
89,5,0.60,0.856337505099918
89,5,0.65,0.8579531712210227
89,5,0.70,0.8394172264224087
89,5,0.75,0.8538133777194676
89,5,0.80,0.901689174433099
89,5,0.85,0.7851426143839654
89,5,0.90,0.9451097709068177
89,5,0.95,0.9115699803639079
89,6,0.05,0.7653864450144237
89,6,0.10,0.09614677695460261
89,6,0.15,0.9397442092797884
89,6,0.20,0.7857055020241861
89,6,0.25,0.8902364061927892
89,6,0.30,0.5822459576632122
89,6,0.35,0.7893886167219432
89,6,0.40,0.45567006340709526
89,6,0.45,0.8892142488748506
89,6,0.50,0.9377149944832932
89,6,0.55,0.9079609116801841
89,6,0.60,0.9056598499055662
89,6,0.65,0.8415535329868532
89,6,0.70,0.8756682657548407
89,6,0.75,0.8506598382505646
89,6,0.80,0.8490828892036784
89,6,0.85,0.9147801136068349
89,6,0.90,0.8728162271671768
89,6,0.95,0.8479929867098756
89,7,0.05,0.8778175614245104
89,7,0.10,0.7769187888233766
89,7,0.15,0.6441196420132739
89,7,0.20,0.9036746155983809
89,7,0.25,0.9142469756092995
89,7,0.30,0.8172118113392646
89,7,0.35,0.7633697035591205
89,7,0.40,0.8323330853996843
89,7,0.45,0.8066858670098827
89,7,0.50,0.8717387355861357
89,7,0.55,0.877872404145085
89,7,0.60,0.9120746011342991
89,7,0.65,0.8909935921200656
89,7,0.70,0.8991854107972134
89,7,0.75,0.8979203559890534
89,7,0.80,0.8782243134550097
89,7,0.85,0.8750240045769323
89,7,0.90,0.8927841023325197
89,7,0.95,0.8804740580687422
89,8,0.05,0.953607171816377
89,8,0.10,0.40480339574053914
89,8,0.15,0.8882648737583123
89,8,0.20,0.8528026963266684
89,8,0.25,0.8436158320176318
89,8,0.30,0.7822077031069132
89,8,0.35,0.7641200867942345
89,8,0.40,0.7409901039606723
89,8,0.45,0.8046915207761398
89,8,0.50,0.8512606574794451
89,8,0.55,0.8315581992581139
89,8,0.60,0.9134062119202887
89,8,0.65,0.9259511619441073
89,8,0.70,0.8385848322128181
89,8,0.75,0.9087000999003509
89,8,0.80,0.9127762366929365
89,8,0.85,0.8794856741440926
89,8,0.90,0.9078116352836358
89,8,0.95,0.878674040186351
89,9,0.05,0.5042576631514577
89,9,0.10,0.5113028779884035
89,9,0.15,0.8844179031371098
89,9,0.20,0.7006610362556112
89,9,0.25,0.8091367395796533
89,9,0.30,0.6950158398228026
89,9,0.35,0.7726762808777283
89,9,0.40,0.9012653801532514
89,9,0.45,0.9030916858118633
89,9,0.50,0.8924875199170145
89,9,0.55,0.8999665364034968
89,9,0.60,0.8102407956014946
89,9,0.65,0.9070685281927174
89,9,0.70,0.8933248538771991
89,9,0.75,0.8233513728168974
89,9,0.80,0.8735995880738181
89,9,0.85,0.867206101284199
89,9,0.90,0.8695553622622764
89,9,0.95,0.8733593266014638
90,0,0.05,0.6596654652116717
90,0,0.10,0.5756378194016922
90,0,0.15,0.6527487312090521
90,0,0.20,0.8169271258457875
90,0,0.25,0.943470174258098
90,0,0.30,0.9290039055777677
90,0,0.35,0.9320683646945327
90,0,0.40,0.9462513195417666
90,0,0.45,0.9594587607587645
90,0,0.50,0.9538559118321126
90,0,0.55,0.9148525018139788
90,0,0.60,0.922618373655937
90,0,0.65,0.9302607719571737
90,0,0.70,0.8584483080063741
90,0,0.75,0.915765350571639
90,0,0.80,0.9131520417555272
90,0,0.85,0.8717040413616114
90,0,0.90,0.8173809900747459
90,0,0.95,0.8934405747300841
90,1,0.05,0.9889264717664961
90,1,0.10,0.6634006905882341
90,1,0.15,0.7812936742899678
90,1,0.20,0.8752726329854749
90,1,0.25,0.890891341391433
90,1,0.30,0.7947347869621382
90,1,0.35,0.8859531117627325
90,1,0.40,0.8632183286758919
90,1,0.45,0.877473496528302
90,1,0.50,0.8531910379497942
90,1,0.55,0.9064160889101149
90,1,0.60,0.8638777233149595
90,1,0.65,0.9226279250018108
90,1,0.70,0.786722501226465
90,1,0.75,0.9517122216954341
90,1,0.80,0.8709335649747576
90,1,0.85,0.9419614676314778
90,1,0.90,0.8893020118964825
90,1,0.95,0.8849649043475075
90,2,0.05,-5.884008456580161
90,2,0.10,0.48575055663343014
90,2,0.15,0.5637064541704906
90,2,0.20,0.7897951859476542
90,2,0.25,0.9574071738845571
90,2,0.30,0.7938222172365947
90,2,0.35,0.9316505757479989
90,2,0.40,0.883139117088034
90,2,0.45,0.8915425884219177
90,2,0.50,0.8657077045133779
90,2,0.55,0.847193320387713
90,2,0.60,0.8599087712550104
90,2,0.65,0.8989139330004013
90,2,0.70,0.8323231167913204
90,2,0.75,0.9009817913682566
90,2,0.80,0.8757340566679381
90,2,0.85,0.7923287453990022
90,2,0.90,0.9485628239144775
90,2,0.95,0.8983406602272587
90,3,0.05,0.8374099616104236
90,3,0.10,-0.5851662574822565
90,3,0.15,0.8224963149555592
90,3,0.20,0.9415287931796902
90,3,0.25,0.9767128536442111
90,3,0.30,0.8094422601227662
90,3,0.35,0.7836529141562841
90,3,0.40,0.8949661239258423
90,3,0.45,0.9386266343712506
90,3,0.50,0.8334911232171058
90,3,0.55,0.8380743517095302
90,3,0.60,0.7634729048044524
90,3,0.65,0.8383468752626122
90,3,0.70,0.8111378516931053
90,3,0.75,0.9109900447716726
90,3,0.80,0.8879031144573202
90,3,0.85,0.8584515509721296
90,3,0.90,0.8032532710330929
90,3,0.95,0.8621672047547474
90,4,0.05,0.5268092507313289
90,4,0.10,0.5955119289999677
90,4,0.15,0.7050473704468945
90,4,0.20,0.8821017066453145
90,4,0.25,0.8352881983349049
90,4,0.30,0.8909290114676527
90,4,0.35,0.8930571042049951
90,4,0.40,0.9584915314671163
90,4,0.45,0.8949766129509014
90,4,0.50,0.8475027441269272
90,4,0.55,0.9556186119759282
90,4,0.60,0.8010396910237341
90,4,0.65,0.8758897356499885
90,4,0.70,0.8055829601172801
90,4,0.75,0.8912881331081186
90,4,0.80,0.8672920396721555
90,4,0.85,0.8057523431569265
90,4,0.90,0.8372052471689791
90,4,0.95,0.8961094606152922
90,5,0.05,-1.1514621144396373
90,5,0.10,0.14502336872098942
90,5,0.15,0.8227414967603126
90,5,0.20,0.8571304660988358
90,5,0.25,0.7575653822309354
90,5,0.30,0.7939858511948791
90,5,0.35,0.8757941305614043
90,5,0.40,0.8782722378317878
90,5,0.45,0.9054911930741693
90,5,0.50,0.9324787093963105
90,5,0.55,0.7912800478301909
90,5,0.60,0.8323542570301117
90,5,0.65,0.9277497285744167
90,5,0.70,0.8438923201765958
90,5,0.75,0.8513862666621842
90,5,0.80,0.9213417300418596
90,5,0.85,0.9158139507040033
90,5,0.90,0.925455463540819
90,5,0.95,0.8689319766849282
90,6,0.05,0.4493751903211962
90,6,0.10,0.4043607871804289
90,6,0.15,0.9331584225878579
90,6,0.20,0.9571297198187113
90,6,0.25,0.7961535715757264
90,6,0.30,0.8585559018764968
90,6,0.35,0.866428336238034
90,6,0.40,0.9597949096486444
90,6,0.45,0.8879853375937194
90,6,0.50,0.8174139032180442
90,6,0.55,0.9099965260254328
90,6,0.60,0.8880908386967149
90,6,0.65,0.923134943348416
90,6,0.70,0.9171908118453855
90,6,0.75,0.9160204779742518
90,6,0.80,0.9503533241256087
90,6,0.85,0.9219834104656072
90,6,0.90,0.8906653385764907
90,6,0.95,0.8881797429718752
90,7,0.05,0.7313442809813541
90,7,0.10,0.5516096256418528
90,7,0.15,0.8180636508338128
90,7,0.20,0.8169916480189253
90,7,0.25,0.9447833208360797
90,7,0.30,0.9099051823448452
90,7,0.35,0.9243203250186649
90,7,0.40,0.9668073419665444
90,7,0.45,0.9316360003678847
90,7,0.50,0.9006490167044786
90,7,0.55,0.9161091843979067
90,7,0.60,0.8133926286007567
90,7,0.65,0.9268453847376797
90,7,0.70,0.9115721283215447
90,7,0.75,0.9288437754370853
90,7,0.80,0.9087825855009892
90,7,0.85,0.9448660990175789
90,7,0.90,0.8812107676293759
90,7,0.95,0.8920024649179615
90,8,0.05,0.140565186363946
90,8,0.10,0.5213800911295405
90,8,0.15,0.30951887467230166
90,8,0.20,0.8859718995720415
90,8,0.25,0.8977810272077286
90,8,0.30,0.8553422434054776
90,8,0.35,0.8891452719550935
90,8,0.40,0.8874043827037013
90,8,0.45,0.9066822288143448
90,8,0.50,0.9055330694893875
90,8,0.55,0.9450132603072746
90,8,0.60,0.8831242955612367
90,8,0.65,0.7046724534176099
90,8,0.70,0.8962022444856096
90,8,0.75,0.9080957962226384
90,8,0.80,0.8896420329792534
90,8,0.85,0.855705883910225
90,8,0.90,0.9303385278280161
90,8,0.95,0.8842087791204185
90,9,0.05,0.8038038518751784
90,9,0.10,0.8552893744162237
90,9,0.15,0.9389269904274997
90,9,0.20,0.927140781817036
90,9,0.25,0.9496271313974761
90,9,0.30,0.8741035902991623
90,9,0.35,0.6109419005704598
90,9,0.40,0.9155860323505504
90,9,0.45,0.904149931593816
90,9,0.50,0.9132136023901731
90,9,0.55,0.7662155510452102
90,9,0.60,0.8643505422144231
90,9,0.65,0.9312420310246807
90,9,0.70,0.914745207516016
90,9,0.75,0.8676825483213934
90,9,0.80,0.8388371917022
90,9,0.85,0.8674932311618728
90,9,0.90,0.8793888726366113
90,9,0.95,0.916702951138182
91,0,0.05,0.5757513220675197
91,0,0.10,0.8751934624514496
91,0,0.15,0.7544364247710509
91,0,0.20,0.6617185337921082
91,0,0.25,0.751476495327907
91,0,0.30,0.6998550199200911
91,0,0.35,0.8691413795011558
91,0,0.40,0.9141836456677588
91,0,0.45,0.8327953507731592
91,0,0.50,0.920042778138862
91,0,0.55,0.9537360332714807
91,0,0.60,0.9067970592896457
91,0,0.65,0.894891969019945
91,0,0.70,0.8688860572588312
91,0,0.75,0.9133541938037861
91,0,0.80,0.8440288211129661
91,0,0.85,0.879183781095685
91,0,0.90,0.9105927345562972
91,0,0.95,0.8915343927630087
91,1,0.05,0.28203514499550053
91,1,0.10,0.6888320672830656
91,1,0.15,0.780713792890898
91,1,0.20,0.9053118998360689
91,1,0.25,0.6810834680524107
91,1,0.30,0.6641263169123386
91,1,0.35,0.9650164251244286
91,1,0.40,0.8664907267963088
91,1,0.45,0.9500399906677007
91,1,0.50,0.90618938502225
91,1,0.55,0.93958695812214
91,1,0.60,0.8895452260875858
91,1,0.65,0.9195580133883174
91,1,0.70,0.8857564236644455
91,1,0.75,0.9144334859841543
91,1,0.80,0.9353121190431547
91,1,0.85,0.9087310128574269
91,1,0.90,0.9242082806099488
91,1,0.95,0.8780067032012039
91,2,0.05,0.8272301906736177
91,2,0.10,0.7861697555988199
91,2,0.15,0.6618589676512092
91,2,0.20,0.6420920743214331
91,2,0.25,0.8581451713581019
91,2,0.30,0.884487531458066
91,2,0.35,0.924059475728497
91,2,0.40,0.8239136142623629
91,2,0.45,0.9362275329326403
91,2,0.50,0.9472808538490396
91,2,0.55,0.9318548895468144
91,2,0.60,0.8502167506994207
91,2,0.65,0.9574153347036155
91,2,0.70,0.9190270971668673
91,2,0.75,0.9325512990350557
91,2,0.80,0.9089329082035285
91,2,0.85,0.8774041573565285
91,2,0.90,0.9248165692126089
91,2,0.95,0.8546376062312121
91,3,0.05,0.014436238775193622
91,3,0.10,0.1778758230045968
91,3,0.15,0.8428521936822251
91,3,0.20,0.7536820819253964
91,3,0.25,0.8960074286799153
91,3,0.30,0.6674280817125327
91,3,0.35,0.8544773328197168
91,3,0.40,0.864378302392004
91,3,0.45,0.8991910351613408
91,3,0.50,0.9056489093858973
91,3,0.55,0.9130169373351523
91,3,0.60,0.8546618379258932
91,3,0.65,0.8879709662564865
91,3,0.70,0.9303806199998322
91,3,0.75,0.9194418917193448
91,3,0.80,0.9002304414229706
91,3,0.85,0.8343743286664752
91,3,0.90,0.9217805524244458
91,3,0.95,0.9285688325735074
91,4,0.05,0.6334205865525586
91,4,0.10,0.961769789435055
91,4,0.15,0.7800361404022441
91,4,0.20,0.6395075631828564
91,4,0.25,0.8573167014397689
91,4,0.30,0.8652553905697626
91,4,0.35,0.9140089887158998
91,4,0.40,0.7812809838018365
91,4,0.45,0.9632599861142584
91,4,0.50,0.9125684457314547
91,4,0.55,0.9629684192805421
91,4,0.60,0.874185164291225
91,4,0.65,0.9661247183565358
91,4,0.70,0.9187948556490728
91,4,0.75,0.880446316640354
91,4,0.80,0.8904755525878694
91,4,0.85,0.9300298244439494
91,4,0.90,0.9068339446088198
91,4,0.95,0.9326292126874764
91,5,0.05,-0.3907133415447537
91,5,0.10,0.7827442229122579
91,5,0.15,0.8732449906957751
91,5,0.20,0.8267416714325156
91,5,0.25,0.774746377490636
91,5,0.30,0.8657728360526454
91,5,0.35,0.8405379574513364
91,5,0.40,0.8447198494312205
91,5,0.45,0.7745469586992308
91,5,0.50,0.8747256073061958
91,5,0.55,0.909233099050046
91,5,0.60,0.9460708913542353
91,5,0.65,0.8503477788622938
91,5,0.70,0.8569616647465634
91,5,0.75,0.9185964821127668
91,5,0.80,0.9427476578731785
91,5,0.85,0.9020074126326711
91,5,0.90,0.9434946789251505
91,5,0.95,0.8903519830358327
91,6,0.05,0.5072721641598832
91,6,0.10,0.7727138491520826
91,6,0.15,0.8631122302179342
91,6,0.20,0.714821154482489
91,6,0.25,0.8553101454380044
91,6,0.30,0.7236304565624805
91,6,0.35,0.9209670489543023
91,6,0.40,0.8797376940227147
91,6,0.45,0.9225605989390817
91,6,0.50,0.8807553129707215
91,6,0.55,0.965733567569616
91,6,0.60,0.9501133345188595
91,6,0.65,0.9486300086497366
91,6,0.70,0.8738708720447013
91,6,0.75,0.902273270797033
91,6,0.80,0.9054061692516789
91,6,0.85,0.8068260586615985
91,6,0.90,0.8499982127536466
91,6,0.95,0.9261808939226237
91,7,0.05,0.7549256045404177
91,7,0.10,0.5954167934492405
91,7,0.15,0.6749938034792078
91,7,0.20,0.7726532293900255
91,7,0.25,0.8359255897656742
91,7,0.30,0.9288415962904408
91,7,0.35,0.8835146793570983
91,7,0.40,0.9047826759407829
91,7,0.45,0.8483886487953801
91,7,0.50,0.8851481492349403
91,7,0.55,0.8868954441315704
91,7,0.60,0.9145772933981571
91,7,0.65,0.9297291257223168
91,7,0.70,0.8959818779332461
91,7,0.75,0.9060644429457485
91,7,0.80,0.8769549878709425
91,7,0.85,0.9355307196662545
91,7,0.90,0.9024949718174465
91,7,0.95,0.8519289829151089
91,8,0.05,0.6051724415084894
91,8,0.10,0.7447969576217999
91,8,0.15,0.8795874288662043
91,8,0.20,0.8193855818651482
91,8,0.25,0.8239670566726837
91,8,0.30,0.8599116673191143
91,8,0.35,0.8852273098062944
91,8,0.40,0.8485867802074303
91,8,0.45,0.8674871471730377
91,8,0.50,0.9203285394025221
91,8,0.55,0.9039228166356312
91,8,0.60,0.8674770252551544
91,8,0.65,0.8288462799877834
91,8,0.70,0.9680260271253406
91,8,0.75,0.88896527850475
91,8,0.80,0.9043090585090847
91,8,0.85,0.8516348804391953
91,8,0.90,0.7964934052748386
91,8,0.95,0.8809699599883154
91,9,0.05,0.732399498776847
91,9,0.10,0.8077002767850163
91,9,0.15,0.7825377283601538
91,9,0.20,0.8169346974241217
91,9,0.25,0.8151891518344653
91,9,0.30,0.9371216711460922
91,9,0.35,0.8905579344473653
91,9,0.40,0.8245399393899578
91,9,0.45,0.8479231092814916
91,9,0.50,0.908415806792294
91,9,0.55,0.8979878134460845
91,9,0.60,0.8991887601280042
91,9,0.65,0.9467104402995353
91,9,0.70,0.9249105943019553
91,9,0.75,0.8725217122644044
91,9,0.80,0.8978253449285322
91,9,0.85,0.9195424911986771
91,9,0.90,0.9057065960671715
91,9,0.95,0.9511743154825981
92,0,0.05,0.7822064756552445
92,0,0.10,0.4778533736875168
92,0,0.15,0.5874482298749917
92,0,0.20,0.92783437907082
92,0,0.25,0.8868758475421699
92,0,0.30,0.43143852689688045
92,0,0.35,0.8908000592102453
92,0,0.40,0.8472851507447151
92,0,0.45,0.9389079184290455
92,0,0.50,0.9432906257887266
92,0,0.55,0.8437627255969833
92,0,0.60,0.9481261732624275
92,0,0.65,0.8266853709774306
92,0,0.70,0.8207603219205
92,0,0.75,0.7904706574686637
92,0,0.80,0.9272280064514222
92,0,0.85,0.9149390204710813
92,0,0.90,0.9294434379258208
92,0,0.95,0.8970068652059633
92,1,0.05,0.8283127504342946
92,1,0.10,0.8654652470882264
92,1,0.15,0.497097991522088
92,1,0.20,0.3549963077483981
92,1,0.25,0.8674808381196125
92,1,0.30,0.7994366122013601
92,1,0.35,0.8055808158303863
92,1,0.40,0.6729582350467112
92,1,0.45,0.7093590141609487
92,1,0.50,0.7476343653239317
92,1,0.55,0.8678072426619479
92,1,0.60,0.8714561108091552
92,1,0.65,0.814210826315891
92,1,0.70,0.9067995045067913
92,1,0.75,0.8564390946857519
92,1,0.80,0.9310351166471137
92,1,0.85,0.9068464760391585
92,1,0.90,0.9220230755341237
92,1,0.95,0.9338683690524174
92,2,0.05,-0.6050254298150297
92,2,0.10,0.777403494154361
92,2,0.15,0.6133679411868096
92,2,0.20,0.4697692376872099
92,2,0.25,0.8392091992977269
92,2,0.30,0.91608391251318
92,2,0.35,0.7895776964874597
92,2,0.40,0.9151326088933514
92,2,0.45,0.8209764242990559
92,2,0.50,0.8877754322014697
92,2,0.55,0.7343775311550591
92,2,0.60,0.938102913621533
92,2,0.65,0.8704914765357465
92,2,0.70,0.8687001746654555
92,2,0.75,0.8051573480300962
92,2,0.80,0.8796230904472961
92,2,0.85,0.9250064734524307
92,2,0.90,0.8370303175661151
92,2,0.95,0.9247678414575152
92,3,0.05,0.34785718417239553
92,3,0.10,0.7270755264006639
92,3,0.15,0.744400594186694
92,3,0.20,0.9295180130594048
92,3,0.25,0.7658936463841919
92,3,0.30,0.8381703568608516
92,3,0.35,0.8959369362504237
92,3,0.40,0.7461484885754538
92,3,0.45,0.7851543438834823
92,3,0.50,0.8620964975665792
92,3,0.55,0.9220745616573469
92,3,0.60,0.8788245181727894
92,3,0.65,0.818901915722702
92,3,0.70,0.8807992192005074
92,3,0.75,0.930850455998077
92,3,0.80,0.8612856923824159
92,3,0.85,0.9198689470793165
92,3,0.90,0.8397003649511392
92,3,0.95,0.9239431803971045
92,4,0.05,0.2332992361842755
92,4,0.10,0.4994230536695887
92,4,0.15,0.9285087193327475
92,4,0.20,0.6357289017252035
92,4,0.25,0.5876004531875612
92,4,0.30,0.7595739824149279
92,4,0.35,0.9054289223060984
92,4,0.40,0.9313054612179608
92,4,0.45,0.8972173268788152
92,4,0.50,0.8302565587377515
92,4,0.55,0.9629892096033513
92,4,0.60,0.8076041043539496
92,4,0.65,0.8749434148190064
92,4,0.70,0.8412916581352617
92,4,0.75,0.9026347963724024
92,4,0.80,0.8929183691032613
92,4,0.85,0.8597121394006235
92,4,0.90,0.8598785038160822
92,4,0.95,0.9029965131727051
92,5,0.05,0.9874308914421148
92,5,0.10,0.7333902524937543
92,5,0.15,0.8853133663288255
92,5,0.20,0.6151304162930092
92,5,0.25,0.7624364899178906
92,5,0.30,0.8865615849489448
92,5,0.35,0.5524549730512218
92,5,0.40,0.9203485293766283
92,5,0.45,0.8050045783004807
92,5,0.50,0.8372092543760399
92,5,0.55,0.913735229707181
92,5,0.60,0.793430495247557
92,5,0.65,0.8055552939211311
92,5,0.70,0.9091562950995281
92,5,0.75,0.9053245274959895
92,5,0.80,0.9273891065864375
92,5,0.85,0.91483365607022
92,5,0.90,0.9464485643957228
92,5,0.95,0.9187419738520581
92,6,0.05,-1.7599837913018734
92,6,0.10,0.8668473004702927
92,6,0.15,0.8493864660671764
92,6,0.20,0.7636742026118107
92,6,0.25,0.8033816505950564
92,6,0.30,0.9190484270538101
92,6,0.35,0.9261284770851358
92,6,0.40,0.6801215696264336
92,6,0.45,0.9402231195206917
92,6,0.50,0.8101823209562811
92,6,0.55,0.8698422254057007
92,6,0.60,0.8709590416773509
92,6,0.65,0.8552760058914008
92,6,0.70,0.8536393895125559
92,6,0.75,0.8933831984913745
92,6,0.80,0.9583084329795593
92,6,0.85,0.8648130459318173
92,6,0.90,0.9230444678124723
92,6,0.95,0.8845292939732555
92,7,0.05,0.9695828538957405
92,7,0.10,0.8027941750392958
92,7,0.15,0.43271043815567833
92,7,0.20,0.8486140127881052
92,7,0.25,0.9357117885264407
92,7,0.30,0.8707746641428361
92,7,0.35,0.8574662368086128
92,7,0.40,0.7925679173581098
92,7,0.45,0.9646159069294108
92,7,0.50,0.7797733464213807
92,7,0.55,0.8683028131203014
92,7,0.60,0.9206003933409254
92,7,0.65,0.8522484025604848
92,7,0.70,0.918806564931695
92,7,0.75,0.908722983670547
92,7,0.80,0.9002268199738124
92,7,0.85,0.9192377090957825
92,7,0.90,0.8822740502169276
92,7,0.95,0.911328015237346
92,8,0.05,0.28047291521806106
92,8,0.10,0.7948728960448604
92,8,0.15,0.8262494949485288
92,8,0.20,0.8452309162247413
92,8,0.25,0.9307009231526477
92,8,0.30,0.8463341396375319
92,8,0.35,0.8172162156655259
92,8,0.40,0.8822689049843998
92,8,0.45,0.9230237243090258
92,8,0.50,0.7960280839017143
92,8,0.55,0.8789129876906511
92,8,0.60,0.960612304687241
92,8,0.65,0.8311057672611342
92,8,0.70,0.8900704701795943
92,8,0.75,0.8599174414672066
92,8,0.80,0.8960135400642109
92,8,0.85,0.9480901000427058
92,8,0.90,0.940570784054326
92,8,0.95,0.9353992349545924
92,9,0.05,0.7296449433064605
92,9,0.10,0.9665996784224888
92,9,0.15,0.9564844753231846
92,9,0.20,0.8124821765068695
92,9,0.25,0.7418681761417019
92,9,0.30,0.7904751395096359
92,9,0.35,0.7812186204465927
92,9,0.40,0.8695541176558362
92,9,0.45,0.8832783430856325
92,9,0.50,0.8132331965402064
92,9,0.55,0.8460022311502206
92,9,0.60,0.8829509370908788
92,9,0.65,0.936300303794829
92,9,0.70,0.8905689423469116
92,9,0.75,0.9232733430497008
92,9,0.80,0.9273422070899093
92,9,0.85,0.9039229015606438
92,9,0.90,0.8803412566401989
92,9,0.95,0.8920997135057949
93,0,0.05,0.8076479297675824
93,0,0.10,0.9032552743382286
93,0,0.15,0.4168592309736251
93,0,0.20,0.6317521829789807
93,0,0.25,0.7054073798956817
93,0,0.30,0.7558242105862782
93,0,0.35,0.8354730543026405
93,0,0.40,0.8110122750263007
93,0,0.45,0.8250912232481753
93,0,0.50,0.8310566071379304
93,0,0.55,0.894645186480696
93,0,0.60,0.8753739554794019
93,0,0.65,0.9285490625456381
93,0,0.70,0.7745652994442961
93,0,0.75,0.8820924388087831
93,0,0.80,0.8179176009369934
93,0,0.85,0.864850028425304
93,0,0.90,0.948337389156801
93,0,0.95,0.9069569963939234
93,1,0.05,0.6323320792573814
93,1,0.10,0.7926974940620224
93,1,0.15,0.928595189430139
93,1,0.20,0.859809932652362
93,1,0.25,0.7972890313216576
93,1,0.30,0.754540897897449
93,1,0.35,0.7968348279486217
93,1,0.40,0.8253398628457088
93,1,0.45,0.7865667116285638
93,1,0.50,0.780055540657431
93,1,0.55,0.7977012304496882
93,1,0.60,0.8685727749637175
93,1,0.65,0.9359319865982728
93,1,0.70,0.8830280016943588
93,1,0.75,0.8897620384095799
93,1,0.80,0.8590254407544604
93,1,0.85,0.908191242355662
93,1,0.90,0.9258089668228637
93,1,0.95,0.8666173148722509
93,2,0.05,0.5166540842328978
93,2,0.10,0.5529526518820027
93,2,0.15,0.7045343843787275
93,2,0.20,0.7892404757475533
93,2,0.25,0.9234335027462492
93,2,0.30,0.7149146904921703
93,2,0.35,0.6852534448945462
93,2,0.40,0.9101227439603833
93,2,0.45,0.8313191311053014
93,2,0.50,0.8584357660249593
93,2,0.55,0.7663296024387068
93,2,0.60,0.8392289526142455
93,2,0.65,0.7594812789632663
93,2,0.70,0.8473730286755494
93,2,0.75,0.9261521087703274
93,2,0.80,0.9136279556296373
93,2,0.85,0.925762874014929
93,2,0.90,0.7182679651356232
93,2,0.95,0.8897153266817336
93,3,0.05,0.6016824828023115
93,3,0.10,0.6728822370959542
93,3,0.15,0.9034506111565114
93,3,0.20,0.957398771133322
93,3,0.25,0.8810895260380149
93,3,0.30,0.7544615653165454
93,3,0.35,0.8286482674763699
93,3,0.40,0.789451379681673
93,3,0.45,0.9168970632208383
93,3,0.50,0.8949319236487787
93,3,0.55,0.9159519820849349
93,3,0.60,0.8788202797410987
93,3,0.65,0.7720182422796178
93,3,0.70,0.8569565025763026
93,3,0.75,0.894619573279338
93,3,0.80,0.8246008538183753
93,3,0.85,0.9223333632252148
93,3,0.90,0.8898475278267426
93,3,0.95,0.9145821657718974
93,4,0.05,0.37712930801290245
93,4,0.10,0.7538225333426894
93,4,0.15,0.7324544691454657
93,4,0.20,0.4750592166145301
93,4,0.25,0.8053509287608662
93,4,0.30,0.9258940364796627
93,4,0.35,0.9299005189389926
93,4,0.40,0.9246226324376371
93,4,0.45,0.8856917223483329
93,4,0.50,0.896070543050721
93,4,0.55,0.9295584889322164
93,4,0.60,0.6944861103304312
93,4,0.65,0.8413628125348638
93,4,0.70,0.8893240781121984
93,4,0.75,0.9390319318281581
93,4,0.80,0.8375514323174517
93,4,0.85,0.800223478875314
93,4,0.90,0.8521231244056979
93,4,0.95,0.9422909526322291
93,5,0.05,0.44101761196919576
93,5,0.10,0.47635313451596994
93,5,0.15,0.8543406751416769
93,5,0.20,0.8737803651640177
93,5,0.25,0.7747708041813076
93,5,0.30,0.8637389692196962
93,5,0.35,0.7304442161940626
93,5,0.40,0.45548791600184735
93,5,0.45,0.8325078534719486
93,5,0.50,0.8646638391813315
93,5,0.55,0.8877516559462247
93,5,0.60,0.9100997006240591
93,5,0.65,0.7360629515711357
93,5,0.70,0.8611982143229644
93,5,0.75,0.8689787245167355
93,5,0.80,0.8978661260922969
93,5,0.85,0.8449727486260983
93,5,0.90,0.9064104804883751
93,5,0.95,0.8359189062474334
93,6,0.05,-0.13735477896791615
93,6,0.10,0.5683818591271617
93,6,0.15,0.5839364824178908
93,6,0.20,0.8898896672662455
93,6,0.25,0.6600842933407314
93,6,0.30,0.7509949080534452
93,6,0.35,0.9422544289333826
93,6,0.40,0.8332048886830214
93,6,0.45,0.7933890811928902
93,6,0.50,0.8847097595969722
93,6,0.55,0.6522660846572295
93,6,0.60,0.9115375320703721
93,6,0.65,0.8990309767635103
93,6,0.70,0.8119537710946982
93,6,0.75,0.8220245258668404
93,6,0.80,0.9466817454097345
93,6,0.85,0.8106556307404875
93,6,0.90,0.8453758551540189
93,6,0.95,0.9210175421582084
93,7,0.05,-13.55926167663624
93,7,0.10,0.40749206321332554
93,7,0.15,0.7922466515747688
93,7,0.20,0.7718882419357418
93,7,0.25,0.8282678959631178
93,7,0.30,0.7722896490511125
93,7,0.35,0.9230769237105605
93,7,0.40,0.9142652945093795
93,7,0.45,0.8549698495812537
93,7,0.50,0.8286857565836543
93,7,0.55,0.8224507746225134
93,7,0.60,0.9254652804399507
93,7,0.65,0.8546430123546411
93,7,0.70,0.8789445765192487
93,7,0.75,0.946098864353878
93,7,0.80,0.8050536280328033
93,7,0.85,0.9482722343841181
93,7,0.90,0.7388175153306185
93,7,0.95,0.7710481026801047
93,8,0.05,0.6869999965432784
93,8,0.10,0.34044571416609004
93,8,0.15,0.4829614574542983
93,8,0.20,0.9013688550230355
93,8,0.25,0.8262717359021633
93,8,0.30,0.6915890957879323
93,8,0.35,0.6882938251999864
93,8,0.40,0.9444899200123027
93,8,0.45,0.8015477794330144
93,8,0.50,0.8269956589842187
93,8,0.55,0.8931379706882441
93,8,0.60,0.8890503590747703
93,8,0.65,0.9213260504732557
93,8,0.70,0.8780446175691211
93,8,0.75,0.9578098646616011
93,8,0.80,0.8479945957517355
93,8,0.85,0.8603535638045174
93,8,0.90,0.8665206723622817
93,8,0.95,0.8708987979208183
93,9,0.05,0.5394119088161919
93,9,0.10,0.30141908918785154
93,9,0.15,0.7364376813163003
93,9,0.20,0.7431496107396427
93,9,0.25,0.8271720879675339
93,9,0.30,0.9070183680201908
93,9,0.35,0.8495705538017441
93,9,0.40,0.7401082305608656
93,9,0.45,0.8435484062682577
93,9,0.50,0.9093856337104929
93,9,0.55,0.6967014740291309
93,9,0.60,0.8291383916917645
93,9,0.65,0.8479691705025223
93,9,0.70,0.8812529514268704
93,9,0.75,0.8759983118448572
93,9,0.80,0.8184558195405811
93,9,0.85,0.8917939111760012
93,9,0.90,0.9347319913877095
93,9,0.95,0.8681294836349444
94,0,0.05,-0.05179259315659013
94,0,0.10,0.1791251619480293
94,0,0.15,-0.026260718705298114
94,0,0.20,0.7516618625948721
94,0,0.25,0.9251172092793656
94,0,0.30,0.7813518248363664
94,0,0.35,0.7995306287299695
94,0,0.40,0.9124289724241075
94,0,0.45,0.9398822324915362
94,0,0.50,0.8234863531103351
94,0,0.55,0.8818990399864719
94,0,0.60,0.9077282045576457
94,0,0.65,0.8277646451964913
94,0,0.70,0.9300119952107504
94,0,0.75,0.952868069459393
94,0,0.80,0.8768150542884374
94,0,0.85,0.8751823499009204
94,0,0.90,0.9138209725044525
94,0,0.95,0.9136590530902183
94,1,0.05,0.21622906246505835
94,1,0.10,0.23756946696327108
94,1,0.15,0.7385070024628686
94,1,0.20,0.8236967177994376
94,1,0.25,0.9393634623212062
94,1,0.30,0.9339399934585112
94,1,0.35,0.7176525886380811
94,1,0.40,0.925516049469187
94,1,0.45,0.7103261078782073
94,1,0.50,0.8741425605395269
94,1,0.55,0.8946919997316191
94,1,0.60,0.9447879746988759
94,1,0.65,0.9081760606552981
94,1,0.70,0.9195750899017545
94,1,0.75,0.8600344592994975
94,1,0.80,0.9022701543813588
94,1,0.85,0.8801694684336059
94,1,0.90,0.9005967605429928
94,1,0.95,0.9113427486542242
94,2,0.05,0.43546771971496223
94,2,0.10,0.7356244030565304
94,2,0.15,0.4517836791704164
94,2,0.20,0.8060535446165019
94,2,0.25,0.9527195691978964
94,2,0.30,0.9145947148582373
94,2,0.35,0.8248330891254942
94,2,0.40,0.7047940714064742
94,2,0.45,0.7969326781601516
94,2,0.50,0.9110721559002436
94,2,0.55,0.9273566489459669
94,2,0.60,0.8664746578118518
94,2,0.65,0.8513898191849724
94,2,0.70,0.8456635835630618
94,2,0.75,0.875546372195545
94,2,0.80,0.9357364035610607
94,2,0.85,0.9337441892976652
94,2,0.90,0.8816660433689777
94,2,0.95,0.8916929660549847
94,3,0.05,0.05108598573362977
94,3,0.10,0.8810918677066404
94,3,0.15,0.3712646946501047
94,3,0.20,0.8266542270569037
94,3,0.25,0.9131243523289886
94,3,0.30,0.8110120300972568
94,3,0.35,0.83640477959909
94,3,0.40,0.8523619138947632
94,3,0.45,0.8799590321110217
94,3,0.50,0.8193513385502906
94,3,0.55,0.7798350424648152
94,3,0.60,0.8816432314221297
94,3,0.65,0.8918652404284868
94,3,0.70,0.8605636716239065
94,3,0.75,0.8875557722986711
94,3,0.80,0.8556863608563001
94,3,0.85,0.9371735703314723
94,3,0.90,0.9015276610312566
94,3,0.95,0.8400000548378531
94,4,0.05,0.2741253847599153
94,4,0.10,0.3689988658713478
94,4,0.15,0.9413023195574058
94,4,0.20,0.8112080484986537
94,4,0.25,0.8672517828514279
94,4,0.30,0.7962520733980634
94,4,0.35,0.7804785067055393
94,4,0.40,0.9113849281252255
94,4,0.45,0.9199472531532441
94,4,0.50,0.8453433891672207
94,4,0.55,0.8748676999670821
94,4,0.60,0.8147820699037438
94,4,0.65,0.8298877891783468
94,4,0.70,0.8753642240744485
94,4,0.75,0.9504013460890269
94,4,0.80,0.9173600898988399
94,4,0.85,0.890637478435016
94,4,0.90,0.9513047458689637
94,4,0.95,0.854119869391428
94,5,0.05,-0.723546624053333
94,5,0.10,0.5446028414545065
94,5,0.15,0.7549393083549296
94,5,0.20,0.6953725603885156
94,5,0.25,0.9006760819024883
94,5,0.30,0.9244801572139786
94,5,0.35,0.928423532936266
94,5,0.40,0.8509509139493855
94,5,0.45,0.876923058046814
94,5,0.50,0.8928036605363996
94,5,0.55,0.8623207314679825
94,5,0.60,0.8960351622551445
94,5,0.65,0.8726193660174208
94,5,0.70,0.8897843274216837
94,5,0.75,0.8986847744259283
94,5,0.80,0.9210941122117466
94,5,0.85,0.8922733961827333
94,5,0.90,0.9053621277640688
94,5,0.95,0.9323695624367497
94,6,0.05,-0.042456093465566225
94,6,0.10,0.4777092835937432
94,6,0.15,0.7777727881117693
94,6,0.20,0.8634789034683521
94,6,0.25,0.8258508186552324
94,6,0.30,0.8015703000541526
94,6,0.35,0.874445659565379
94,6,0.40,0.9112706743605328
94,6,0.45,0.8566450541177022
94,6,0.50,0.9352788431379471
94,6,0.55,0.9219325021099961
94,6,0.60,0.7934300696289317
94,6,0.65,0.7411473366310298
94,6,0.70,0.8539529570354385
94,6,0.75,0.6817686051972014
94,6,0.80,0.8263601915939248
94,6,0.85,0.8672771304588548
94,6,0.90,0.8707396469825726
94,6,0.95,0.8795663985630491
94,7,0.05,0.4723906427706185
94,7,0.10,0.801748126982329
94,7,0.15,0.36181680104083447
94,7,0.20,0.8900309022746651
94,7,0.25,0.9448534623013016
94,7,0.30,0.832979861419165
94,7,0.35,0.8322671249518574
94,7,0.40,0.825966575645469
94,7,0.45,0.9410315831421232
94,7,0.50,0.9145835941774637
94,7,0.55,0.8730787265141723
94,7,0.60,0.8509979647136655
94,7,0.65,0.9111714466069125
94,7,0.70,0.8072117797260268
94,7,0.75,0.8208429253067017
94,7,0.80,0.884986725625506
94,7,0.85,0.9073890142299306
94,7,0.90,0.9014558448408234
94,7,0.95,0.9031308174546754
94,8,0.05,0.38257345073336657
94,8,0.10,0.8548684032796486
94,8,0.15,0.3452578118351026
94,8,0.20,0.6938497665830861
94,8,0.25,0.9069378474361105
94,8,0.30,0.7301961483920483
94,8,0.35,0.7745842186578913
94,8,0.40,0.8161758187935431
94,8,0.45,0.8512033383493389
94,8,0.50,0.6436175454299198
94,8,0.55,0.8944360775777032
94,8,0.60,0.7943727575798655
94,8,0.65,0.8949336749581396
94,8,0.70,0.8210064969581493
94,8,0.75,0.899445229758962
94,8,0.80,0.8829318599679273
94,8,0.85,0.8822636891670584
94,8,0.90,0.9249097282106511
94,8,0.95,0.8497353221996697
94,9,0.05,0.25195716349446085
94,9,0.10,0.752098674770955
94,9,0.15,0.38071430856528543
94,9,0.20,0.9431302631757373
94,9,0.25,0.9441959312697412
94,9,0.30,0.8530930722530872
94,9,0.35,0.6995788793958437
94,9,0.40,0.8064777011957622
94,9,0.45,0.7295181023828952
94,9,0.50,0.8103861776348584
94,9,0.55,0.7751883451985285
94,9,0.60,0.754956124612063
94,9,0.65,0.9444143529501108
94,9,0.70,0.910589874438497
94,9,0.75,0.8222561357508283
94,9,0.80,0.873619310333015
94,9,0.85,0.9149166752386154
94,9,0.90,0.9118062262913886
94,9,0.95,0.9390637884947906
95,0,0.05,-5.29761692769217
95,0,0.10,0.8285513513508302
95,0,0.15,0.7716301754164038
95,0,0.20,0.8098374463526773
95,0,0.25,0.8947972092083141
95,0,0.30,0.9148270297719683
95,0,0.35,0.8787031620501172
95,0,0.40,0.870168889783236
95,0,0.45,0.9511188083122057
95,0,0.50,0.9429982170396736
95,0,0.55,0.9126043343852315
95,0,0.60,0.9076492046465977
95,0,0.65,0.9012089328279267
95,0,0.70,0.8821550016837411
95,0,0.75,0.9082465490081209
95,0,0.80,0.8950080070631962
95,0,0.85,0.9410091579795802
95,0,0.90,0.89317435441409
95,0,0.95,0.903716130648011
95,1,0.05,0.0031173527028406367
95,1,0.10,0.7565648608989413
95,1,0.15,0.8181245411116252
95,1,0.20,0.5757457764220031
95,1,0.25,0.8412944916234694
95,1,0.30,0.8372758656397651
95,1,0.35,0.78695957215895
95,1,0.40,0.9408133028362774
95,1,0.45,0.9233373301145638
95,1,0.50,0.9293377395085126
95,1,0.55,0.9008206853297108
95,1,0.60,0.8622679219561011
95,1,0.65,0.8476205156931089
95,1,0.70,0.8334154352188741
95,1,0.75,0.9216125251481369
95,1,0.80,0.8956371551148792
95,1,0.85,0.9005785034268201
95,1,0.90,0.9019457149307062
95,1,0.95,0.7785306570596114
95,2,0.05,0.20255834999533506
95,2,0.10,0.508024232877658
95,2,0.15,0.8181078653243327
95,2,0.20,0.7851458705577701
95,2,0.25,0.9187355674600195
95,2,0.30,0.8821269068161791
95,2,0.35,0.8827147318285015
95,2,0.40,0.7422760012205029
95,2,0.45,0.8762236747114933
95,2,0.50,0.8775670348555162
95,2,0.55,0.9374169751549373
95,2,0.60,0.8875660894628187
95,2,0.65,0.8077889371394632
95,2,0.70,0.9308080432147071
95,2,0.75,0.872083300844698
95,2,0.80,0.8957178557769828
95,2,0.85,0.934082888544122
95,2,0.90,0.9305055878049499
95,2,0.95,0.8700772184625942
95,3,0.05,-1.4021534071098345
95,3,0.10,0.6381422380604961
95,3,0.15,0.8086346931297241
95,3,0.20,0.8384847107850579
95,3,0.25,0.8235293278824887
95,3,0.30,0.8905666043567869
95,3,0.35,0.9048125152974439
95,3,0.40,0.9332330262949695
95,3,0.45,0.9438984326798058
95,3,0.50,0.9032027275552593
95,3,0.55,0.9498316647381508
95,3,0.60,0.9265538770600611
95,3,0.65,0.8771000299980436
95,3,0.70,0.8773069567114592
95,3,0.75,0.8697775085659106
95,3,0.80,0.9051107337384617
95,3,0.85,0.8724078506663259
95,3,0.90,0.9108235871432473
95,3,0.95,0.9275241228412532
95,4,0.05,0.08882160469254152
95,4,0.10,0.4586165757375048
95,4,0.15,0.8643973390372087
95,4,0.20,0.7177667873276388
95,4,0.25,0.6890404921599091
95,4,0.30,0.8933607554652875
95,4,0.35,0.9208646209648699
95,4,0.40,0.8522000229302211
95,4,0.45,0.9153101860652061
95,4,0.50,0.9389260383147767
95,4,0.55,0.9357829477217657
95,4,0.60,0.8453239179963359
95,4,0.65,0.8389023153276068
95,4,0.70,0.8489894605888458
95,4,0.75,0.9141201684824763
95,4,0.80,0.9330625649050444
95,4,0.85,0.875952595614973
95,4,0.90,0.9202632723954279
95,4,0.95,0.9052455018049349
95,5,0.05,0.693583349996385
95,5,0.10,0.6002982712331224
95,5,0.15,0.4536067739292441
95,5,0.20,0.8104108694780029
95,5,0.25,0.8423868697436792
95,5,0.30,0.43811403322511955
95,5,0.35,0.9194595553381626
95,5,0.40,0.9396311040347676
95,5,0.45,0.942879432076808
95,5,0.50,0.9193481074862302
95,5,0.55,0.8955959715567701
95,5,0.60,0.9272487867349428
95,5,0.65,0.912065584526269
95,5,0.70,0.9481111673703506
95,5,0.75,0.8759043630828476
95,5,0.80,0.9000450766576865
95,5,0.85,0.8420192715009682
95,5,0.90,0.9080892077152082
95,5,0.95,0.9579124637949785
95,6,0.05,0.1232359858276667
95,6,0.10,0.8798167064974997
95,6,0.15,0.9002965764876125
95,6,0.20,0.6155906484886924
95,6,0.25,0.8082945330496043
95,6,0.30,0.9196319955433774
95,6,0.35,0.8808576400806819
95,6,0.40,0.9104053023562483
95,6,0.45,0.9081387341269016
95,6,0.50,0.8238980545158565
95,6,0.55,0.89590997749255
95,6,0.60,0.8989706151758615
95,6,0.65,0.9230876074396964
95,6,0.70,0.9253764453880852
95,6,0.75,0.9446708599528096
95,6,0.80,0.7484142126596812
95,6,0.85,0.8532692433674054
95,6,0.90,0.8540206132380315
95,6,0.95,0.9470799163316702
95,7,0.05,0.13665546689792818
95,7,0.10,0.8081904627783778
95,7,0.15,0.8260162149584523
95,7,0.20,0.7492673619953082
95,7,0.25,0.6647882937912644
95,7,0.30,0.8651912071528157
95,7,0.35,0.8388357125555925
95,7,0.40,0.8921849511522392
95,7,0.45,0.8748425703936209
95,7,0.50,0.9383167491111177
95,7,0.55,0.9374232702882066
95,7,0.60,0.9338927258802727
95,7,0.65,0.961147115203367
95,7,0.70,0.9222126487470726
95,7,0.75,0.8812612226128319
95,7,0.80,0.9366081698124256
95,7,0.85,0.9531524345550072
95,7,0.90,0.9181979473034656
95,7,0.95,0.8263296811888429
95,8,0.05,-1.0205560924821606
95,8,0.10,0.5576846347046804
95,8,0.15,0.81412773461829
95,8,0.20,0.4030044782162998
95,8,0.25,0.8563191716699902
95,8,0.30,0.7663284894498302
95,8,0.35,0.8996433505870453
95,8,0.40,0.9322808302627319
95,8,0.45,0.8988745435822364
95,8,0.50,0.8646078956227354
95,8,0.55,0.8889888718621229
95,8,0.60,0.920913373936586
95,8,0.65,0.9247165036776651
95,8,0.70,0.8525894921828767
95,8,0.75,0.8979426092063316
95,8,0.80,0.8621657460475686
95,8,0.85,0.8642950619141323
95,8,0.90,0.8477300976040892
95,8,0.95,0.9169427020184202
95,9,0.05,0.8029779454392665
95,9,0.10,0.10731294313106354
95,9,0.15,0.878233736883674
95,9,0.20,0.8983466602151077
95,9,0.25,0.7566406788158987
95,9,0.30,0.7329876382166431
95,9,0.35,0.8473502934008961
95,9,0.40,0.9365454925656483
95,9,0.45,0.8830754326520797
95,9,0.50,0.8569241847384741
95,9,0.55,0.9395871750980758
95,9,0.60,0.8239421158814727
95,9,0.65,0.8700703584112515
95,9,0.70,0.897144397259019
95,9,0.75,0.7205773895424127
95,9,0.80,0.9269747482691844
95,9,0.85,0.8583856088819565
95,9,0.90,0.9074614924229697
95,9,0.95,0.9405310097325582
96,0,0.05,-0.6534842972498711
96,0,0.10,0.7771738697914357
96,0,0.15,0.7589433589479453
96,0,0.20,0.9299619330293822
96,0,0.25,0.8231981991410309
96,0,0.30,0.8810668155030404
96,0,0.35,0.8218169748058046
96,0,0.40,0.8791025934136713
96,0,0.45,0.9605892555678895
96,0,0.50,0.9278701724716981
96,0,0.55,0.9424427064670374
96,0,0.60,0.8578152895765178
96,0,0.65,0.9214966337326294
96,0,0.70,0.8744655267152027
96,0,0.75,0.8621896544609646
96,0,0.80,0.8415264436293528
96,0,0.85,0.9095492665290867
96,0,0.90,0.855856949101163
96,0,0.95,0.8885920637796192
96,1,0.05,-0.2675320219620072
96,1,0.10,0.5396918173018166
96,1,0.15,0.6977278585440401
96,1,0.20,0.6763128399662711
96,1,0.25,0.6792559962149209
96,1,0.30,0.7612005740932275
96,1,0.35,0.9650797520037003
96,1,0.40,0.8799224981170167
96,1,0.45,0.7469446835875271
96,1,0.50,0.9618246558829072
96,1,0.55,0.8729490763145902
96,1,0.60,0.9119757182608819
96,1,0.65,0.8899008809289245
96,1,0.70,0.805514473884719
96,1,0.75,0.856474768790761
96,1,0.80,0.8680493019798692
96,1,0.85,0.8489683926366933
96,1,0.90,0.753682300767544
96,1,0.95,0.886476791321577
96,2,0.05,0.5362928503137532
96,2,0.10,0.6217881443447215
96,2,0.15,0.6999940218556944
96,2,0.20,0.8998496457790156
96,2,0.25,0.6686411185145802
96,2,0.30,0.866803950939276
96,2,0.35,0.6811124079617457
96,2,0.40,0.8084268283373903
96,2,0.45,0.7269067800827882
96,2,0.50,0.8792095905136902
96,2,0.55,0.826668883991255
96,2,0.60,0.8840369193536253
96,2,0.65,0.9132542785476565
96,2,0.70,0.8887161268339827
96,2,0.75,0.9339585652291724
96,2,0.80,0.8409694510667135
96,2,0.85,0.8583433302103392
96,2,0.90,0.8985645432450358
96,2,0.95,0.9456752272558657
96,3,0.05,-0.28959757988878376
96,3,0.10,0.3261929370751211
96,3,0.15,0.5733140397021244
96,3,0.20,0.8341705358363826
96,3,0.25,0.7978350167361925
96,3,0.30,0.7169441857187382
96,3,0.35,0.7980918317155414
96,3,0.40,0.7672520540851342
96,3,0.45,0.8263746514661793
96,3,0.50,0.8188403516856286
96,3,0.55,0.906413978999356
96,3,0.60,0.8696297224453864
96,3,0.65,0.8514189024715823
96,3,0.70,0.8931696214704605
96,3,0.75,0.8991362107545537
96,3,0.80,0.9252149730644514
96,3,0.85,0.8878010749177079
96,3,0.90,0.759849214890959
96,3,0.95,0.8736662259100234
96,4,0.05,-0.549271555382479
96,4,0.10,0.04188397621456186
96,4,0.15,0.7316557125977567
96,4,0.20,0.919426747377509
96,4,0.25,0.8099502664022649
96,4,0.30,0.8753830672462293
96,4,0.35,0.9021206087740498
96,4,0.40,0.7645969683866797
96,4,0.45,0.8614836122624344
96,4,0.50,0.8498071124509821
96,4,0.55,0.9125821258948305
96,4,0.60,0.9596548181691831
96,4,0.65,0.9509884543101331
96,4,0.70,0.8178716720523147
96,4,0.75,0.7444540548623023
96,4,0.80,0.827293611469434
96,4,0.85,0.8972607662490049
96,4,0.90,0.8700979759135279
96,4,0.95,0.9109073982943839
96,5,0.05,0.7100534316936534
96,5,0.10,0.41564041486360226
96,5,0.15,0.520173823362339
96,5,0.20,0.9327106533375256
96,5,0.25,0.8785744510000342
96,5,0.30,0.8628963445700639
96,5,0.35,0.8870334087244091
96,5,0.40,0.7099642155132067
96,5,0.45,0.921118429203935
96,5,0.50,0.8064873711982375
96,5,0.55,0.9223498506869259
96,5,0.60,0.9132147729625251
96,5,0.65,0.8436259073855148
96,5,0.70,0.8937202338390642
96,5,0.75,0.8286361484944131
96,5,0.80,0.8333178654637394
96,5,0.85,0.8904393973176665
96,5,0.90,0.8823144803762448
96,5,0.95,0.8863781233988602
96,6,0.05,-0.22246307045151759
96,6,0.10,0.34722481131797533
96,6,0.15,0.49944301133341285
96,6,0.20,0.7345338536385998
96,6,0.25,0.7890302533856157
96,6,0.30,0.9489631938737831
96,6,0.35,0.6924506891825595
96,6,0.40,0.911822200649482
96,6,0.45,0.8786141258816951
96,6,0.50,0.8260167825191007
96,6,0.55,0.9217866261714652
96,6,0.60,0.8483470658035046
96,6,0.65,0.932225374894559
96,6,0.70,0.9027281907359781
96,6,0.75,0.9121693738496466
96,6,0.80,0.8793286546263996
96,6,0.85,0.94268035813204
96,6,0.90,0.8775607349084568
96,6,0.95,0.8755465174815802
96,7,0.05,-0.6166331240847898
96,7,0.10,0.857815830162945
96,7,0.15,0.7133676439993469
96,7,0.20,0.8666784928948839
96,7,0.25,0.4130383455808958
96,7,0.30,0.905521048146563
96,7,0.35,0.9280414601217897
96,7,0.40,0.7530093304717247
96,7,0.45,0.8430077365694207
96,7,0.50,0.8843913989504574
96,7,0.55,0.916536119890597
96,7,0.60,0.7280167223696739
96,7,0.65,0.8626748336792809
96,7,0.70,0.8544721592133179
96,7,0.75,0.9124394113357257
96,7,0.80,0.9093951849278344
96,7,0.85,0.9221096034911044
96,7,0.90,0.9302450892334215
96,7,0.95,0.9401793835369155
96,8,0.05,-0.6526151073307773
96,8,0.10,0.4518495312343571
96,8,0.15,0.5972089787827786
96,8,0.20,0.8389051474015977
96,8,0.25,0.8602073007833291
96,8,0.30,0.807937501684714
96,8,0.35,0.8371955223911551
96,8,0.40,0.7184173735702291
96,8,0.45,0.8668435087756465
96,8,0.50,0.8143693271555433
96,8,0.55,0.906804491272419
96,8,0.60,0.9123002824513708
96,8,0.65,0.8392217324076392
96,8,0.70,0.7429390962909286
96,8,0.75,0.8944317799600179
96,8,0.80,0.8055994855766894
96,8,0.85,0.90476001696185
96,8,0.90,0.8549298362457302
96,8,0.95,0.9567284922051497
96,9,0.05,-1.4939744250388292
96,9,0.10,0.45360122604314557
96,9,0.15,0.363534652126264
96,9,0.20,0.3234517003018964
96,9,0.25,0.6731836721308118
96,9,0.30,0.8996115295673823
96,9,0.35,0.7929959282837719
96,9,0.40,0.7889577909622076
96,9,0.45,0.9020958573003102
96,9,0.50,0.9281308458764218
96,9,0.55,0.8772259309242726
96,9,0.60,0.9170318292101777
96,9,0.65,0.9403548679036607
96,9,0.70,0.9124327474481666
96,9,0.75,0.8821423325057289
96,9,0.80,0.8985450272936775
96,9,0.85,0.9004880115545059
96,9,0.90,0.9175519731555445
96,9,0.95,0.8630784077587756
97,0,0.05,0.9586277855107855
97,0,0.10,0.38589491349761607
97,0,0.15,0.8130902446150432
97,0,0.20,0.8807461003785906
97,0,0.25,0.8575785734500705
97,0,0.30,0.9285166427716346
97,0,0.35,0.8911628395717237
97,0,0.40,0.9252900258087354
97,0,0.45,0.8974024402612948
97,0,0.50,0.8829522800032036
97,0,0.55,0.8456265157018034
97,0,0.60,0.8659011091343063
97,0,0.65,0.8629455130234461
97,0,0.70,0.9185907639088035
97,0,0.75,0.9255248941131863
97,0,0.80,0.904758780721325
97,0,0.85,0.784172560342378
97,0,0.90,0.9263258354546511
97,0,0.95,0.8173496660435783
97,1,0.05,0.7044605769128749
97,1,0.10,0.5880314314419348
97,1,0.15,0.911058558496227
97,1,0.20,0.9253378686569054
97,1,0.25,0.8629631453096825
97,1,0.30,0.9096078622417294
97,1,0.35,0.8909972336014207
97,1,0.40,0.9372131945671802
97,1,0.45,0.8659863621747421
97,1,0.50,0.870560803918027
97,1,0.55,0.7464565812860126
97,1,0.60,0.9092712172449189
97,1,0.65,0.8965795618583271
97,1,0.70,0.9574771998943492
97,1,0.75,0.9340976058988312
97,1,0.80,0.9354644673776895
97,1,0.85,0.9142738304529603
97,1,0.90,0.8882198103331195
97,1,0.95,0.8481827362762819
97,2,0.05,0.9544650091038257
97,2,0.10,0.6074020167214143
97,2,0.15,0.8909279557108272
97,2,0.20,0.8553296300384785
97,2,0.25,0.8926055603224574
97,2,0.30,0.7616185155695077
97,2,0.35,0.6768695107948723
97,2,0.40,0.8620678485564348
97,2,0.45,0.9137555449750803
97,2,0.50,0.8643701524985277
97,2,0.55,0.902001640468169
97,2,0.60,0.8503076702635147
97,2,0.65,0.8953908954493381
97,2,0.70,0.9504428209787716
97,2,0.75,0.9371144719987463
97,2,0.80,0.8102605176994218
97,2,0.85,0.911790445160091
97,2,0.90,0.9144445197853319
97,2,0.95,0.9042467870773557
97,3,0.05,0.540385702208237
97,3,0.10,0.9499544835352497
97,3,0.15,0.9626592676484125
97,3,0.20,0.903616184440587
97,3,0.25,0.8389247367123605
97,3,0.30,0.9117178644736327
97,3,0.35,0.8216664488401553
97,3,0.40,0.8684059390195509
97,3,0.45,0.9267995607080286
97,3,0.50,0.9070063508960464
97,3,0.55,0.9081098162169081
97,3,0.60,0.8910410635432097
97,3,0.65,0.9231056140553257
97,3,0.70,0.8887139822592511
97,3,0.75,0.9158707075060135
97,3,0.80,0.8967310619442084
97,3,0.85,0.9179367892896398
97,3,0.90,0.8642221774178883
97,3,0.95,0.9259489524371718
97,4,0.05,0.6469886105324532
97,4,0.10,0.9047125142658439
97,4,0.15,0.6549446550172879
97,4,0.20,0.8647113839433002
97,4,0.25,0.7327686688547572
97,4,0.30,0.8697002782738438
97,4,0.35,0.7655114346407329
97,4,0.40,0.8502010328497471
97,4,0.45,0.8881544641445637
97,4,0.50,0.9033039237668843
97,4,0.55,0.8959889224403935
97,4,0.60,0.9262239516190082
97,4,0.65,0.9278676717702458
97,4,0.70,0.7965727467717609
97,4,0.75,0.8417427064363461
97,4,0.80,0.9482665902584428
97,4,0.85,0.9006241654585697
97,4,0.90,0.8809451879128413
97,4,0.95,0.8540485906634746
97,5,0.05,0.6056284457332088
97,5,0.10,0.8880409728276873
97,5,0.15,0.5727910447345741
97,5,0.20,0.9029008972500604
97,5,0.25,0.8996784085191287
97,5,0.30,0.6329888321795488
97,5,0.35,0.8322803584340961
97,5,0.40,0.6970509568535519
97,5,0.45,0.9252190083002703
97,5,0.50,0.8875374718251041
97,5,0.55,0.8434144748591268
97,5,0.60,0.9257774449501918
97,5,0.65,0.9431178395415885
97,5,0.70,0.9315554475185623
97,5,0.75,0.8639018685662923
97,5,0.80,0.9501200125359286
97,5,0.85,0.9305685080525771
97,5,0.90,0.9082310709446504
97,5,0.95,0.9343325463209726
97,6,0.05,0.9828403931460539
97,6,0.10,0.587711765137654
97,6,0.15,0.9718207889879139
97,6,0.20,0.7640461339797541
97,6,0.25,0.8776707609297332
97,6,0.30,0.9400764102932858
97,6,0.35,0.9222162700973754
97,6,0.40,0.8660958891193979
97,6,0.45,0.9285603110769091
97,6,0.50,0.8223967075320434
97,6,0.55,0.8093878359219095
97,6,0.60,0.872491708834952
97,6,0.65,0.9248536999692133
97,6,0.70,0.8900720768024205
97,6,0.75,0.8923251681692005
97,6,0.80,0.9409311389483023
97,6,0.85,0.9348257347124996
97,6,0.90,0.9398775762289693
97,6,0.95,0.9479416124872432
97,7,0.05,0.1188437263904657
97,7,0.10,0.7379109596788347
97,7,0.15,0.9021619989822883
97,7,0.20,0.9366299779881956
97,7,0.25,0.8700717115747953
97,7,0.30,0.781142277806244
97,7,0.35,0.9207783398899061
97,7,0.40,0.9236691771476898
97,7,0.45,0.8990237657698774
97,7,0.50,0.821989980026649
97,7,0.55,0.8360572245269474
97,7,0.60,0.913742929069256
97,7,0.65,0.941140575666864
97,7,0.70,0.8925396527099619
97,7,0.75,0.881313900861956
97,7,0.80,0.9472537846028631
97,7,0.85,0.8189611216492522
97,7,0.90,0.8930593938667484
97,7,0.95,0.8988232804958814
97,8,0.05,0.09914132352972926
97,8,0.10,0.6527427565683341
97,8,0.15,0.8749984793334614
97,8,0.20,0.816296298551211
97,8,0.25,0.9044695926455271
97,8,0.30,0.8865337224973475
97,8,0.35,0.8310609048033065
97,8,0.40,0.9005578254737197
97,8,0.45,0.9242734151443629
97,8,0.50,0.8657464610826949
97,8,0.55,0.9596903345561039
97,8,0.60,0.8550138797351268
97,8,0.65,0.9457886762300642
97,8,0.70,0.915156533030689
97,8,0.75,0.8036386748325615
97,8,0.80,0.9217388611782834
97,8,0.85,0.8875509362600431
97,8,0.90,0.8962637549646051
97,8,0.95,0.8768034346815836
97,9,0.05,0.5416721329551648
97,9,0.10,0.903892973217914
97,9,0.15,0.9350778158233853
97,9,0.20,0.6665718255233334
97,9,0.25,0.745237130104618
97,9,0.30,0.8513338914913722
97,9,0.35,0.9072170727282787
97,9,0.40,0.7776228098801623
97,9,0.45,0.9647487054574089
97,9,0.50,0.8188777700771085
97,9,0.55,0.8323482786964312
97,9,0.60,0.8962628380626307
97,9,0.65,0.9057180439532446
97,9,0.70,0.8833535072197686
97,9,0.75,0.8159252120523263
97,9,0.80,0.9776855013800897
97,9,0.85,0.9530101180940864
97,9,0.90,0.9245222938394305
97,9,0.95,0.945924442677611
98,0,0.05,0.7004125671251493
98,0,0.10,0.9055770098422161
98,0,0.15,0.9185854159595048
98,0,0.20,0.8983188373010499
98,0,0.25,0.7764618297093318
98,0,0.30,0.9190723544212908
98,0,0.35,0.9604351194150292
98,0,0.40,0.9326648089405067
98,0,0.45,0.8452538095358145
98,0,0.50,0.9219422234333946
98,0,0.55,0.9334155920891498
98,0,0.60,0.892011190412653
98,0,0.65,0.9487911875838793
98,0,0.70,0.9016844161134612
98,0,0.75,0.9410417686695512
98,0,0.80,0.8374462201196985
98,0,0.85,0.923487635344085
98,0,0.90,0.895164595528991
98,0,0.95,0.8797835988936725
98,1,0.05,-29.065870399533647
98,1,0.10,0.9580727998602167
98,1,0.15,0.9297210960493223
98,1,0.20,0.7444431388721401
98,1,0.25,0.9175466899198523
98,1,0.30,0.9267181799534421
98,1,0.35,0.8747388316479071
98,1,0.40,0.8347022326465029
98,1,0.45,0.9083435235116194
98,1,0.50,0.8218158821185342
98,1,0.55,0.8759214503707747
98,1,0.60,0.9052305859969003
98,1,0.65,0.8923613122959555
98,1,0.70,0.705423308640171
98,1,0.75,0.8930800333659671
98,1,0.80,0.9223839817664299
98,1,0.85,0.811672716011747
98,1,0.90,0.8132768859408921
98,1,0.95,0.8815125951040683
98,2,0.05,-3.9917516732111675
98,2,0.10,0.7368025299535768
98,2,0.15,0.8897672830455955
98,2,0.20,0.8884910271864739
98,2,0.25,0.9276257439302296
98,2,0.30,0.9551285440748528
98,2,0.35,0.8229876956403266
98,2,0.40,0.9592715085562411
98,2,0.45,0.7488703119417766
98,2,0.50,0.9447843247506678
98,2,0.55,0.8360066528844123
98,2,0.60,0.9093918235298584
98,2,0.65,0.9649207338320615
98,2,0.70,0.8625398764890723
98,2,0.75,0.8803340088619844
98,2,0.80,0.903126269846275
98,2,0.85,0.9039362682746488
98,2,0.90,0.9388404863213029
98,2,0.95,0.8361963064084894
98,3,0.05,-3.1774739043943665
98,3,0.10,0.7456420947997001
98,3,0.15,0.7202923980606124
98,3,0.20,0.9034842787722198
98,3,0.25,0.895455431961349
98,3,0.30,0.946169172071611
98,3,0.35,0.8848034483308458
98,3,0.40,0.7489309908844287
98,3,0.45,0.9582360961025703
98,3,0.50,0.9017672001135266
98,3,0.55,0.8292816183215007
98,3,0.60,0.9130316124085531
98,3,0.65,0.8508601186828194
98,3,0.70,0.8143881216276692
98,3,0.75,0.7941878142921006
98,3,0.80,0.9305342264032438
98,3,0.85,0.9117125895917414
98,3,0.90,0.8926822789906768
98,3,0.95,0.9038911251372099
98,4,0.05,-3.6854200639233685
98,4,0.10,0.9451498690429111
98,4,0.15,0.9771123594844373
98,4,0.20,0.7755434492839577
98,4,0.25,0.542892369715699
98,4,0.30,0.7755083159947804
98,4,0.35,0.8360924489180711
98,4,0.40,0.7990132099101673
98,4,0.45,0.9337520293042776
98,4,0.50,0.8268283445477745
98,4,0.55,0.9417956152456086
98,4,0.60,0.9088944136838452
98,4,0.65,0.9062182839866828
98,4,0.70,0.9455725588609926
98,4,0.75,0.848701504329143
98,4,0.80,0.8395616379884431
98,4,0.85,0.8610304494503029
98,4,0.90,0.8903735813260607
98,4,0.95,0.874893941659071
98,5,0.05,0.9275936702693895
98,5,0.10,0.45355248193452147
98,5,0.15,0.9350723181348785
98,5,0.20,0.8064559046013515
98,5,0.25,0.8587542031910713
98,5,0.30,0.9600606671783234
98,5,0.35,0.8496332846964646
98,5,0.40,0.8588235335327309
98,5,0.45,0.9702115768383113
98,5,0.50,0.964705116942774
98,5,0.55,0.8290721766770613
98,5,0.60,0.736944833499624
98,5,0.65,0.8381393665500003
98,5,0.70,0.849698154721845
98,5,0.75,0.8943561424151459
98,5,0.80,0.882332706314946
98,5,0.85,0.8128039232892902
98,5,0.90,0.8799087740827681
98,5,0.95,0.9439743470188958
98,6,0.05,0.7047634960249411
98,6,0.10,0.8159389162113806
98,6,0.15,0.22465906889245646
98,6,0.20,0.5635707472499019
98,6,0.25,0.9663862521163562
98,6,0.30,0.833289030209722
98,6,0.35,0.8503433282915541
98,6,0.40,0.9175085035795543
98,6,0.45,0.9562451309623203
98,6,0.50,0.780315592701596
98,6,0.55,0.8219980360826763
98,6,0.60,0.9454201539497338
98,6,0.65,0.8949735923526115
98,6,0.70,0.9031446342591092
98,6,0.75,0.8801678076526108
98,6,0.80,0.8097490806095119
98,6,0.85,0.8418255683339837
98,6,0.90,0.892665326322708
98,6,0.95,0.8631034714276866
98,7,0.05,0.6169034587828994
98,7,0.10,0.25704405028478516
98,7,0.15,0.951966491285001
98,7,0.20,0.9030002901611586
98,7,0.25,0.8932900120474272
98,7,0.30,0.7152753835004505
98,7,0.35,0.8739345285604274
98,7,0.40,0.8601598693241069
98,7,0.45,0.8348768021573215
98,7,0.50,0.779070514342698
98,7,0.55,0.9293957310385581
98,7,0.60,0.8171144980270179
98,7,0.65,0.9677810478062818
98,7,0.70,0.8844378106517878
98,7,0.75,0.821993911228147
98,7,0.80,0.8629454140198917
98,7,0.85,0.880204401483834
98,7,0.90,0.8366811326355552
98,7,0.95,0.9360609808277988
98,8,0.05,0.785978302035224
98,8,0.10,0.7266157943658433
98,8,0.15,0.8617500915488461
98,8,0.20,0.728522544301638
98,8,0.25,0.931363797405568
98,8,0.30,0.9600413610512971
98,8,0.35,0.6165755861908532
98,8,0.40,0.7612335018018856
98,8,0.45,0.9447590962440481
98,8,0.50,0.9532525347434639
98,8,0.55,0.9276935226200705
98,8,0.60,0.7426435646948268
98,8,0.65,0.9377790256420785
98,8,0.70,0.9104750564750509
98,8,0.75,0.9243810096481939
98,8,0.80,0.8399906196252585
98,8,0.85,0.9653544977934182
98,8,0.90,0.7889535690577587
98,8,0.95,0.9138004790050804
98,9,0.05,0.6388727148029085
98,9,0.10,0.9458372244374824
98,9,0.15,0.8954394376226961
98,9,0.20,0.77946687973734
98,9,0.25,0.5594730042646546
98,9,0.30,0.6703132514848029
98,9,0.35,0.846290666881041
98,9,0.40,0.9109429499842181
98,9,0.45,0.9103403754656885
98,9,0.50,0.8464631325022974
98,9,0.55,0.9327011020725999
98,9,0.60,0.8867029674105795
98,9,0.65,0.9405801464734949
98,9,0.70,0.9420016479013911
98,9,0.75,0.9367146874236068
98,9,0.80,0.8781542167652415
98,9,0.85,0.887511796697121
98,9,0.90,0.9202675696956877
98,9,0.95,0.850724612177572
99,0,0.05,-0.09686494854801664
99,0,0.10,0.8771505861205118
99,0,0.15,0.7836646336863817
99,0,0.20,0.6953157017814339
99,0,0.25,0.8561658703155962
99,0,0.30,0.9305454376121487
99,0,0.35,0.6763847276372307
99,0,0.40,0.9045153278072097
99,0,0.45,0.9258474332706049
99,0,0.50,0.9224297272162618
99,0,0.55,0.8961148595879898
99,0,0.60,0.8037590824122423
99,0,0.65,0.8785834042247744
99,0,0.70,0.9170204236474009
99,0,0.75,0.9461821784277593
99,0,0.80,0.9476529177831681
99,0,0.85,0.8888215348046637
99,0,0.90,0.9497526477529651
99,0,0.95,0.9073680380976854
99,1,0.05,0.006831360644373841
99,1,0.10,0.4172203341061833
99,1,0.15,0.8052499079717738
99,1,0.20,0.6694595363093332
99,1,0.25,0.7829040793134585
99,1,0.30,0.8146934988900898
99,1,0.35,0.8425867471547263
99,1,0.40,0.8764924835172498
99,1,0.45,0.9327379516098026
99,1,0.50,0.8630839185430923
99,1,0.55,0.9442212978102362
99,1,0.60,0.8942150186687784
99,1,0.65,0.8880159458126617
99,1,0.70,0.916290308070396
99,1,0.75,0.8788462351786267
99,1,0.80,0.855610636331187
99,1,0.85,0.8998882775375417
99,1,0.90,0.8973665800182493
99,1,0.95,0.9303703840527637
99,2,0.05,-0.11266701827410142
99,2,0.10,0.41779957458389616
99,2,0.15,0.8348078572275254
99,2,0.20,0.8449756274097227
99,2,0.25,0.9269542821015632
99,2,0.30,0.8767829808187475
99,2,0.35,0.7271734806995374
99,2,0.40,0.8895182410361318
99,2,0.45,0.7467092535529307
99,2,0.50,0.8776751274330039
99,2,0.55,0.7658574332131118
99,2,0.60,0.9472801029269416
99,2,0.65,0.8994269123703937
99,2,0.70,0.821289468604551
99,2,0.75,0.9039058517230113
99,2,0.80,0.9200516403818499
99,2,0.85,0.9001802989691737
99,2,0.90,0.9372619980514137
99,2,0.95,0.9463265631891054
99,3,0.05,0.04201757025627728
99,3,0.10,0.7323201862660234
99,3,0.15,0.7245485728775125
99,3,0.20,0.7485179691729109
99,3,0.25,0.7742413064929226
99,3,0.30,0.895441730919565
99,3,0.35,0.8711652758325913
99,3,0.40,0.7614715488175443
99,3,0.45,0.8358752312499002
99,3,0.50,0.8224200133676693
99,3,0.55,0.8457833402876799
99,3,0.60,0.9178316121243506
99,3,0.65,0.9255997424704095
99,3,0.70,0.9105210650176211
99,3,0.75,0.9380300533258811
99,3,0.80,0.9398799919216545
99,3,0.85,0.9055387124486919
99,3,0.90,0.9206119605373473
99,3,0.95,0.9198968337249847
99,4,0.05,0.8161809743513527
99,4,0.10,0.543474543267136
99,4,0.15,0.6851149823382177
99,4,0.20,0.844435251392911
99,4,0.25,0.7810508020209934
99,4,0.30,0.7876992226209507
99,4,0.35,0.8584460323412718
99,4,0.40,0.9220811886646452
99,4,0.45,0.8379170928557937
99,4,0.50,0.7784635114375156
99,4,0.55,0.9141514150259866
99,4,0.60,0.9195818726917823
99,4,0.65,0.8922826313450264
99,4,0.70,0.8468954272512317
99,4,0.75,0.927706447143875
99,4,0.80,0.9341190598780649
99,4,0.85,0.9372202758317357
99,4,0.90,0.8852766087147061
99,4,0.95,0.8972144726210154
99,5,0.05,0.6963297526838993
99,5,0.10,0.3803299831787804
99,5,0.15,0.8610219475063555
99,5,0.20,0.7223596474122991
99,5,0.25,0.8257524442147887
99,5,0.30,0.6773759645646449
99,5,0.35,0.8668321510093917
99,5,0.40,0.6548771228061969
99,5,0.45,0.9079623420314877
99,5,0.50,0.8748527679204592
99,5,0.55,0.8910348311953922
99,5,0.60,0.8249491110654068
99,5,0.65,0.8363076883703742
99,5,0.70,0.7935449974600919
99,5,0.75,0.8966009594994564
99,5,0.80,0.7759358926757048
99,5,0.85,0.8972593999746828
99,5,0.90,0.882170508691971
99,5,0.95,0.9419733292546633
99,6,0.05,0.9490536342379844
99,6,0.10,0.7155384848357846
99,6,0.15,0.7567870674653752
99,6,0.20,0.7254189426204162
99,6,0.25,0.8082382288496479
99,6,0.30,0.8800653760594976
99,6,0.35,0.8445041676765329
99,6,0.40,0.7896026857226944
99,6,0.45,0.7878550942074213
99,6,0.50,0.8640767377912905
99,6,0.55,0.9142227504006268
99,6,0.60,0.883436931162569
99,6,0.65,0.8632956876536454
99,6,0.70,0.9129409452621959
99,6,0.75,0.935371335930224
99,6,0.80,0.9270489740574596
99,6,0.85,0.9244394922210593
99,6,0.90,0.9005645958411589
99,6,0.95,0.9268212878732682
99,7,0.05,0.01788469217498767
99,7,0.10,0.6916848866530838
99,7,0.15,0.782374617868067
99,7,0.20,0.8681871569047339
99,7,0.25,0.9068080385472449
99,7,0.30,0.8164798280298771
99,7,0.35,0.7228792024434253
99,7,0.40,0.81428372933343
99,7,0.45,0.7994997655084811
99,7,0.50,0.933509798867208
99,7,0.55,0.9315518998907958
99,7,0.60,0.9582751038537423
99,7,0.65,0.878675018521739
99,7,0.70,0.8916512769004046
99,7,0.75,0.7855004953202936
99,7,0.80,0.8993926092226786
99,7,0.85,0.9329449286707425
99,7,0.90,0.8890553070284739
99,7,0.95,0.9575425275450749
99,8,0.05,0.4854715208378986
99,8,0.10,0.22023717201123927
99,8,0.15,0.8595216866695503
99,8,0.20,0.5121007171722491
99,8,0.25,0.787585454706174
99,8,0.30,0.9511034829418825
99,8,0.35,0.9127769798761335
99,8,0.40,0.9453117940356237
99,8,0.45,0.8061614277265678
99,8,0.50,0.830994704702038
99,8,0.55,0.8683973735270316
99,8,0.60,0.8734401778143974
99,8,0.65,0.8565603829725579
99,8,0.70,0.8707902604001153
99,8,0.75,0.9336176700931754
99,8,0.80,0.7527104786981391
99,8,0.85,0.8839049295246966
99,8,0.90,0.8622671936045414
99,8,0.95,0.8432861846862305
99,9,0.05,0.921262826498714
99,9,0.10,0.6008807375875876
99,9,0.15,0.4726894968178713
99,9,0.20,0.8951335255827406
99,9,0.25,0.7007445903397743
99,9,0.30,0.6754640752927077
99,9,0.35,0.9306750105826392
99,9,0.40,0.9017656059853696
99,9,0.45,0.8581831860970695
99,9,0.50,0.8010415407422002
99,9,0.55,0.8554143900374939
99,9,0.60,0.876136117635484
99,9,0.65,0.880238560505483
99,9,0.70,0.8789312822546906
99,9,0.75,0.8352958841547432
99,9,0.80,0.8682535933709327
99,9,0.85,0.9062593086470772
99,9,0.90,0.9177311719234942
99,9,0.95,0.9245594802379741
