61.46666666666667
60.88333333333334
58.19166666666666
54.98333333333333
52.03611111111112
63.46666666666666
60.86666666666666
58.025
54.6875
51.86388888888889
62.5
59.95
59.40833333333333
54.770833333333336
51.791666666666664
61.56666666666666
61.7
58.73333333333333
54.64166666666667
52.13333333333333
61.96666666666667
61.16666666666666
58.29166666666666
54.78333333333333
52.18055555555555
62.1
60.51666666666668
58.63333333333333
54.54583333333333
51.861111111111114
61.43333333333334
60.56666666666666
59.48333333333333
55.01666666666667
51.661111111111104
62.6
60.96666666666667
57.65833333333333
55.0625
51.986111111111114
61.46666666666667
60.91666666666666
58.75833333333333
54.56666666666666
51.71944444444444
61.6
60.16666666666666
58.5
54.8
51.85555555555556
63.333333333333336
59.4
58.375
54.4
51.708333333333336
123.66666666666669
121.55
116.1
110.325
103.90277777777777
121.73333333333332
120.48333333333333
116.64166666666667
109.27499999999999
103.39999999999999
124.2
120.88333333333333
116.31666666666666
109.2375
103.175
124.93333333333332
120.11666666666666
116.36666666666667
109.25833333333333
104.25
123.4
120.26666666666667
115.60833333333332
109.625
104.18055555555556
124.9
121.45
116.10833333333332
109.44166666666666
103.27499999999999
125.13333333333333
119.83333333333331
116.625
109.55833333333334
104.20555555555553
124.43333333333334
120.28333333333335
115.49166666666667
108.96249999999999
103.60277777777776
122.16666666666669
119.13333333333333
117.81666666666666
108.24583333333334
103.58333333333333
123.7
120.53333333333335
116.59166666666665
108.76666666666667
104.02777777777777
123.2
119.98333333333333
115.59166666666665
108.66250000000001
103.59722222222223
249.5666666666667
238.8
231.95
217.325
206.97777777777776
245.96666666666667
241.96666666666664
234.125
218.57916666666665
207.52222222222224
247.9333333333333
242.21666666666664
230.35833333333335
218.7
205.39166666666668
245.9666666666667
242.08333333333334
230.76666666666665
217.74166666666667
206.65
243.96666666666667
239.3
231.60833333333335
217.3166666666667
206.01944444444447
248.4
238.98333333333335
232.325
218.10833333333335
205.20833333333334
244.86666666666667
242.9333333333333
231.41666666666666
217.22083333333336
207.04444444444445
247.46666666666667
241.38333333333333
232.025
217.4
205.68333333333337
246.76666666666665
240.58333333333334
231.3166666666667
218.425
206.05277777777778
246.73333333333332
240.58333333333334
232.25
217.41666666666666
204.50277777777777
245.0666666666667
240.9
230.95833333333334
217.38333333333333
206.74444444444444
491.8
477.7666666666666
462.3
435.04583333333335
410.7277777777778
492.6666666666667
478.6833333333334
460.1333333333333
432.4083333333333
412.63333333333327
494.9
477.9
465.2333333333333
433.425
410.72222222222223
489.5333333333333
480.5666666666666
462.6583333333332
431.75416666666666
410.8777777777778
493.56666666666666
479.4833333333334
458.9666666666667
432.40000000000003
411.0305555555555
494.0333333333333
478.5
461.725
433.5541666666666
411.35555555555555
494.56666666666666
479.3666666666666
459.8333333333333
434.17083333333335
410.34722222222223
492.26666666666665
477.6166666666666
462.1333333333333
433.83750000000003
410.90277777777777
491.23333333333335
483.9
459.725
434.1125
410.17777777777775
486.8
480.05
460.4916666666666
433.55833333333334
407.2638888888889
492.1333333333334
477.0833333333333
460.7666666666666
435.05
411.075
953.8666666666668
931.0666666666664
888.6833333333334
840.6999999999999
795.9805555555555
951.1
929.1333333333334
889.5833333333333
839.8541666666666
794.7888888888889
944.7333333333332
920.65
885.85
839.5083333333333
794.6194444444445
952.6666666666666
922.35
891.575
839.8666666666668
795.813888888889
951.5333333333332
922.6166666666666
891.4416666666666
837.9875000000001
797.761111111111
944.0666666666666
929.3666666666666
888.85
838.7291666666666
793.4250000000001
945.4
927.2166666666666
892.5916666666667
837.3833333333333
796.411111111111
953.6333333333332
923.9
887.7916666666666
834.5375
791.2805555555557
945.0333333333332
923.0833333333334
891.975
835.9791666666666
794.1611111111112
944.1333333333332
928.2833333333332
894.6833333333334
835.4708333333333
790.2527777777777
948.6
924.25
888.8000000000001
834.9499999999999
790.7055555555556
1629.9333333333334
1604.9666666666665
1534.7333333333333
1452.25
1366.1416666666667
1640.2
1594.1000000000001
1534.25
1447.7625
1374.033333333333
1633.1
1593.3833333333332
1540.7
1444.3833333333332
1377.7222222222224
1629.3333333333333
1604.5833333333333
1532.8833333333332
1452.4541666666664
1374.9805555555556
1645.1
1599.3500000000001
1534.2333333333336
1445.3666666666668
1373.986111111111
1631.3333333333333
1604.6833333333334
1542.5833333333333
1447.15
1376.1027777777779
1633.1333333333332
1595.05
1540.7250000000001
1448.0833333333333
1379.0305555555558
1648.8666666666668
1595.9166666666665
1538.0583333333334
1445.7083333333333
1376.6138888888888
1645.4
1594.8166666666666
1532.7416666666668
1438.8166666666666
1363.013888888889
1640.9666666666665
1590.6333333333332
1535.4416666666666
1450.2
1376.513888888889
1630.6666666666667
1594.6333333333332
1532.425
1449.4416666666666
1373.836111111111
2462.2000000000003
2373.15
2317.7083333333335
2170.9500000000003
2062.913888888889
2447.866666666667
2392.5
2304.675
2172.2083333333335
2052.6
2467.866666666667
2398.116666666667
2308.241666666667
2176.1124999999997
2057.2277777777776
2467.1666666666665
2395.0333333333333
2306.308333333333
2179.0
2065.2000000000003
2463.3
2393.5333333333333
2305.0416666666665
2177.35
2055.4500000000003
2463.833333333333
2392.016666666667
2313.391666666667
2174.0958333333333
2067.3222222222225
2475.9666666666667
2389.5833333333335
2306.875
2171.1208333333334
2061.061111111111
2466.0666666666666
2404.9166666666665
2313.1416666666664
2171.2166666666667
2061.4388888888884
2464.9
2403.9666666666667
2300.8333333333335
2169.6208333333334
2064.016666666667
2457.4
2390.5833333333335
2304.5666666666666
2173.9583333333335
2075.877777777778
2471.2000000000003
2392.1
2302.3083333333334
2174.108333333333
2058.641666666667
3321.2666666666664
3226.0333333333333
3115.1666666666665
2933.995833333333
2783.433333333334
3307.066666666667
3233.2166666666667
3103.8916666666664
2939.441666666667
2785.238888888889
3310.5333333333333
3230.683333333333
3103.625
2934.1375
2786.3611111111113
3308.933333333333
3246.5499999999997
3105.183333333333
2929.7416666666663
2791.9055555555556
3307.1666666666665
3234.7333333333336
3114.2083333333335
2924.370833333333
2782.288888888889
3320.0
3238.883333333333
3117.9166666666665
2932.65
2785.7944444444443
3324.5333333333333
3229.116666666667
3111.3333333333335
2936.3125
2781.761111111111
3317.6666666666665
3235.75
3113.658333333333
2940.2708333333335
2777.9555555555557
3321.2333333333336
3207.7666666666664
3111.3
2929.979166666666
2782.5194444444446
3310.9
3236.283333333333
3116.5833333333335
2931.816666666667
2785.0222222222224
3302.133333333333
3218.4
3109.35
2936.7875
2784.3694444444445
4082.8333333333335
3992.0499999999997
3821.508333333333
3604.041666666666
3425.0972222222213
4066.6
3964.5833333333335
3822.9
3617.2666666666664
3423.0750000000003
4086.0
3970.383333333333
3822.283333333333
3602.5833333333335
3424.133333333333
4083.866666666667
3963.133333333333
3817.758333333333
3621.379166666667
3428.5333333333333
4070.7666666666655
3964.9166666666665
3827.683333333333
3609.345833333333
3408.769444444444
4082.966666666667
3982.0499999999997
3809.1
3604.820833333333
3428.1388888888882
4049.866666666667
3972.9666666666667
3819.2083333333335
3606.1791666666663
3426.1694444444443
4061.6666666666665
3969.0333333333333
3815.366666666667
3604.7708333333335
3408.1666666666665
4076.133333333333
3969.25
3827.6083333333336
3599.254166666667
3410.761111111111
4066.1
3985.7833333333333
3818.55
3612.5458333333336
3415.0138888888882
4110.133333333333
3960.85
3831.275
3600.45
3428.7083333333335
4629.266666666666
4514.933333333334
4334.925
4093.433333333333
3879.913888888889
4623.166666666667
4491.966666666667
4339.575
4086.6791666666663
3868.4277777777775
4600.400000000001
4511.4
4334.808333333333
4102.104166666667
3888.4805555555554
4606.566666666667
4524.083333333333
4333.083333333333
4090.0916666666667
3881.069444444445
4612.400000000001
4491.05
4338.658333333334
4080.8583333333336
3891.366666666667
4645.866666666666
4493.816666666667
4321.233333333334
4076.379166666667
3888.586111111111
4610.733333333334
4483.45
4353.191666666667
4097.3
3873.5444444444443
4612.633333333333
4502.8
4329.325
4086.5875
3887.4305555555547
4625.599999999999
4494.433333333333
4329.625
4079.470833333333
3887.8416666666667
4602.333333333333
4499.483333333334
4334.675
4091.3333333333335
3863.8305555555557
4625.933333333333
4488.783333333333
4335.058333333333
4092.433333333333
3855.636111111111
4948.033333333334
4834.716666666666
4655.225
4380.041666666667
4147.130555555556
4982.3
4817.45
4651.758333333333
4387.525000000001
4161.491666666667
4951.433333333333
4810.083333333333
4660.75
4376.429166666666
4153.027777777778
4956.2
4820.0
4645.616666666667
4380.716666666666
4166.691666666667
4941.133333333333
4842.066666666666
4651.9
4384.533333333333
4164.594444444444
4978.7
4804.166666666667
4647.2
4387.079166666666
4160.972222222222
4923.133333333333
4829.65
4642.075
4383.0375
4153.375
4972.166666666667
4827.966666666666
4640.616666666666
4388.4125
4142.363888888889
4947.733333333334
4821.333333333333
4628.55
4374.420833333334
4168.869444444444
4938.266666666666
4795.916666666667
4633.025
4380.354166666667
4157.8
4950.833333333333
4807.533333333333
4626.666666666667
4379.208333333333
4156.363888888889
