12709.273565891472
12741.26108527132
12772.359922480618
12700.589263565893
12705.313263109894
12748.75523255814
12730.568353853168
12700.19789922481
12763.01654651163
12735.39315891473
12726.77526356589
15874.25149019608
16535.659395051352
15279.257215686272
15033.696156862745
14787.632588235292
14501.955862745095
14281.410211951445
13940.398431372549
13781.880862745098
13517.49754509804
13158.71756470588
17931.67939006467
17525.936706349206
17059.07861111111
16499.35738095238
15957.853134920631
15464.858531746033
14842.756253968257
14260.06285714286
13618.13392857143
12928.10642857143
12356.503595238097
19337.64223577236
19182.666774711168
18496.154230844124
17901.190613821138
17592.722520325202
17494.651170731708
17080.010620796947
17491.117872764225
17525.515808943088
17615.761601626014
17603.32970609756
19702.841385281383
19714.6270995671
19662.09575757576
19624.66935064935
19583.81260936432
19555.871941786285
19531.98263442697
19567.174112554112
19585.8258008658
19598.323333333334
19545.43588744589
19997.639228101914
19990.924370571385
19984.459369817578
19984.85133376677
19979.13996984773
19978.19308759234
19979.93405246495
19959.559812302123
19800.12383954934
19946.85324212272
19958.90649781396
20081.764128893003
20076.835718470556
20068.953963922293
20077.87665741597
20077.033879361465
20069.7715942029
20064.844907493065
20032.376406105457
20052.390942028986
20048.96116013979
20046.73749922911
24861.166666666668
21860.05
22835.137777777774
21862.033333333336
21698.85666666667
22612.006666666664
21592.58333333333
21991.926666666663
21745.88
24392.78888888889
22147.911111111112
12704.464505813954
12147.65718992248
11959.143544083447
9908.50534084533
5977.10061369509
10530.37835251938
10077.07181235696
10492.835634920635
9722.010699790051
9764.7396676818
9142.85798255814
16084.435637254905
13237.866192084713
14379.28087824463
14132.852150560226
11457.07692895577
12839.402844444447
12085.684490196078
11628.159398039215
11162.064860588236
10803.228497684855
9913.40509039216
18124.694206349206
17193.521031746033
16122.080126984127
15269.918371031745
14176.143410714285
13761.742652579365
13144.731537698412
12803.732145903297
0.0
11174.021682731698
10093.44668253968
19282.78483259874
15615.95189844926
17572.942757151457
16889.592393731804
16151.732047500753
15532.569475860684
14954.731664885076
14543.147988306735
13642.304748895915
12754.58897830121
12016.768126317373
19620.132713687624
18820.707214456594
18578.041736671224
18052.531332706767
17223.026310308524
16520.97284993734
16059.854038619278
15933.915711214342
10089.408555217378
15031.830999458873
14613.910351885395
19967.40862392583
19691.212968963166
19504.30063959916
18547.48586452432
18694.09598846676
17785.080281409213
16373.300366350066
15757.668932911203
15735.290935600033
14549.985196279094
14375.879851358311
19957.684282608694
19899.60441178085
19883.904528985506
19735.818280632415
16147.762365726352
17679.994191068716
17568.238174436392
16934.79855837359
16023.97467930928
13748.20760321532
14881.618926086956
19837.63911111111
16021.24
20104.102722222226
20626.315833333334
0.0
0.0
20495.310694444444
19676.20861111111
19319.803888888888
17056.8725
17042.475
12660.128545725034
8641.46282876197
5178.7542750874
6035.706812680499
4378.944415827959
6320.637570920732
5182.487689000513
7697.809777673848
4614.269984137028
4624.197905553656
5135.14524179919
16021.414377801406
11229.57337098117
11811.125129477126
9497.972678968252
12731.056763943916
10258.607903975257
7624.365560413938
8990.897130583142
6314.766683159248
7311.369469423436
6981.871413343836
18144.220624251768
13302.781736199251
10590.545216316526
13794.181496095987
12057.195490319495
10646.424409527395
10669.269060352124
43.69036612521515
0.0
0.0
5348.493534767642
19128.308887351955
17788.668179957716
17611.261738486253
16538.19433974342
16485.181421456266
15732.532248554655
15186.86128613056
14634.513229719965
13929.2731149893
13515.208221901974
12865.630682623205
19504.33932508829
18439.028009983926
18122.622242887
16985.381396016888
16956.96271757061
16246.495120163954
16233.374073436433
15815.041452412623
15122.918048344372
15119.015548761005
14628.129330660931
17375.78596501989
19501.656704762467
18596.35608652796
17748.53449392886
16885.620574476507
16261.309229419756
15716.669482210584
14827.4290049099
15709.827483870578
14412.863098980175
14116.270643685355
19854.68446095008
11910.08434466904
19714.734694281724
19685.622656400967
18793.070875384587
17783.134052651516
16723.014207853234
16260.800526310384
15678.141942545015
14523.958997652247
14580.731527946651
19496.69388888889
19736.6596875
0.0
7344.550122222223
19495.105312499996
13126.392872222224
0.0
12956.262558055556
15404.292680555558
17205.385244444446
0.0
12607.825761343434
6556.077196857389
1399.3549216963793
2502.954690508533
1986.595151579391
2223.8527018773902
2742.0770074573993
2616.1386820703465
2539.000441783837
2610.6069257991917
3107.350552323306
15941.227520112365
5667.914260020806
6424.314591296181
2817.3385904690185
6009.68383710048
4191.949464044418
4303.066704974661
3499.4978518960875
4107.121145652543
2862.58288288509
2697.997746829775
18010.152968046965
9091.22511609261
4871.811432685235
7881.022881048975
8709.997360445348
5161.166687109903
6365.709484893591
3995.8621202103063
8346.618235366945
1719.4983094109396
1606.8020063190056
019086.036660682774
18101.05746771228
17524.499944655236
17005.95885746959
16192.05448862026
14110.019577430896
15228.964486960047
14584.67424843461
13661.798041248898
10757.882479084821
12860.125945559137
19293.164069274764
17873.18885518859
18200.524755673654
17995.049867553415
17532.040999838926
16793.763225716622
15909.731951588876
15546.0439865107
14925.041370292154
14371.138374353848
13608.010262074307
19747.088947943692
19079.251543963343
18255.386751048616
17575.0050820347
16595.861585432827
14396.200038508925
13957.081308115485
13721.677683477565
14236.2625951826
13268.25886193683
13779.37472132671
19706.901143240542
18162.802048638165
19625.083378022475
17903.265316556994
18302.688287266563
17530.29655565823
15802.03442616377
15242.95373464932
14679.07438640182
13242.82058471516
11899.64553214446
0.0
8951.601749767362
0.0
18402.740170833335
0.0
28.031249687500004
0.0
4978.853795138889
16378.188232638888
14114.64909027778
6462.738958333333
12576.304866705248
2266.5579250945684
1377.2519662193097
1306.943313115445
1311.4926039737654
818.639875636574
1397.8893057166922
1204.8784198563742
1300.920563786008
1510.1980556554502
2076.3117242731482
15768.631554159794
2572.092850599402
3095.784458863035
2743.6999946446126
1986.3385707424625
2469.9646936494387
2688.312585043931
2615.6617038056943
2561.901858784007
2545.43662930186
2788.5134782657733
17887.690224610684
7744.560532850543
8157.642717477343
2877.183109178515
3997.4029027987613
8079.605413240135
4414.188382363503
2681.222752721077
4123.303601287152
12.806786197663097
6.249497916666668
18903.536337616886
18292.76231080078
9314.397746092063
16627.134399795144
10484.540231321747
11125.247677542284
13552.948189755674
13061.250701938123
12620.139531122624
11498.697016496684
11425.70687231236
19143.639024603286
18089.093016255007
16859.58222704515
17564.653008893383
17245.599655465638
16305.271856839378
15296.505100390788
14544.256510597392
13497.64226869242
13101.337968582995
10262.02389044472
19421.6725590023
18503.287867107083
17941.29763248669
17270.390314522145
14624.565869660219
15775.446879499956
14919.390783644247
10687.564232924198
14214.397775242114
14717.388767735434
13683.303315041203
19131.3166128449
19601.933354052628
19457.35484260218
11735.605247682704
17098.65840227285
11936.921427120105
15192.888677056142
14234.262936880528
12870.148938467464
12626.027902269043
9384.866901164141
0.0
1426.563781171875
0.0
0.0
0.0
758.022186875
304.8726875
0.0
198.30974871875003
1047.9476875
0.0
12436.24707984604
801.9761466360653
745.0261121642919
1313.223431057404
1160.854332516329
1398.0298089740852
1150.3543903348836
1360.085710339452
704.5618939284909
729.5041765876516
1297.9027382585962
11468.446060047203
2482.6843757838833
1795.0423859582522
3129.882744196905
2487.941814409214
1826.0238829528532
3133.9034606908335
1650.6699305488528
1636.4006687196688
2228.5555896558894
2330.3293355920296
12740.050477375902
3501.3530198116955
3693.6384768631365
3738.731602322765
2909.094009415185
4496.504031513654
2567.7412876117655
719.5893356749292
17.105121861602612
6.163366370655758
4.82598480617786
19265.549470363978
12440.377581471204
6965.122725551785
14888.09137196093
7137.323746923311
9368.666996386393
6563.10221679325
8844.673273926615
9425.606935626798
5452.089518517904
5599.733294885126
19197.192951529945
19258.36340355733
18159.077055227433
17022.17616491155
13016.283702676985
12203.118612691096
13838.52806734092
12625.199377119076
10010.98154955256
10606.3782147663
9895.913505781757
19587.548861288713
18776.985164674745
19019.364136530126
17567.853942415953
16843.46115179092
14676.7378225446
15307.392635692006
10035.670858160136
9487.041521793146
12828.54782565451
12111.58587192
19561.20024562049
13153.198348252316
17475.265967608066
13396.224374286669
15260.945628659847
14525.92927393647
13094.857253696959
13076.46140116166
11328.221873283435
11658.702633636538
7300.151662045401
0.0
0.0
0.0
0.0
0.0
0.0
0.0
0.0
0.0
0.0
0.0
