1891119.0
1948741.6666666667
2042424.6666666667
2473496.0
1974925.0
1918060.6666666667
2075003.0
2507917.333333333
2258157.333333333
2116296.333333333
2461263.333333333
2787779.333333333
2470958.6666666665
2779812.6666666665
2917741.0
3264744.333333333
1723431.3333333333
1781273.3333333333
1939775.3333333333
2332935.6666666665
1744744.0
1735144.6666666667
1891194.3333333333
2400693.333333333
2041825.3333333333
1909802.3333333333
2138398.333333333
2662311.0
2389198.0
2272756.6666666665
2566313.0
3179519.6666666665
1684821.3333333333
1716477.0
1853635.0
2105414.6666666665
1721486.0
1768608.0
1964626.3333333333
2138124.6666666665
1865473.6666666667
2006877.3333333333
2160568.0
2353666.333333333
2315101.6666666665
2208291.333333333
2373924.333333333
2980972.6666666665
1645931.6666666667
1684473.6666666667
1733793.0
1968435.6666666667
1694038.3333333333
1723052.6666666667
1900531.3333333333
2067412.0
1803943.3333333333
1808132.3333333333
2061541.0
2278428.333333333
2238874.0
2049072.3333333333
2335893.333333333
2731247.333333333
1544128.0
1568556.5
1740136.5
1827248.0
1633323.5
1862834.5
1678406.0
0.0
0.0
0.0
1761268.5
2118068.0
2096154.0
0.0
1895202.0
0.0
4244456.666666667
4348530.0
4421643.333333333
4646080.0
4370363.333333333
4808020.0
4701950.0
4645786.666666667
5334193.333333334
5338510.0
5545686.666666666
5622120.0
8324670.0
8298186.666666666
8419813.333333334
8286256.666666666
2966083.333333333
3029560.0
3590550.0
4189846.666666667
2979760.0
3159330.0
3714240.0
4225136.666666667
3392370.0
3568176.666666667
4310713.333333333
5390086.666666666
5021620.0
5206696.666666667
6097323.333333334
7283016.666666666
2630230.0
2669826.666666667
3170726.666666667
3827533.333333333
2831233.333333333
2794816.666666667
3313910.0
4085266.666666667
3122446.666666667
3252026.666666667
3743060.0
4676500.0
4091556.666666667
4260630.0
4975520.0
6906436.666666666
2609170.0
2668476.666666667
2985716.666666667
3519523.333333333
2789546.666666667
2806586.666666667
3055443.333333333
3665250.0
3133200.0
3077586.666666667
3535346.666666667
4154123.333333333
3899680.0
3813010.0
4593573.333333333
5898750.0
2605085.0
0.0
0.0
3226480.0
2709790.0
2650065.0
0.0
3367740.0
2950140.0
2874900.0
3151635.0
3839590.0
3530685.0
0.0
0.0
5319265.0
4919933.333333334
5014900.0
5287266.666666666
6261533.333333334
5208200.0
5219500.0
5581066.666666666
6953733.333333333
6279433.333333334
6498000.0
6528600.0
7878166.666666667
10929200.0
9625900.0
10711133.333333332
12019000.0
3131000.0
3229733.333333333
3979133.3333333335
5298033.333333334
3260233.333333333
3388200.0
4189966.6666666656
5587800.0
3815866.6666666656
3970300.0
5014500.0
6695266.666666667
5801900.0
6147933.333333334
7652066.666666667
9810566.666666668
2781933.333333333
2803166.666666667
3347000.0
4687366.666666666
2880366.666666667
2930900.0
3553600.0
4859600.0
3316733.3333333335
3390033.3333333335
4121866.6666666656
5695133.333333334
4677066.666666666
4785300.0
6121200.0
9078900.0
2551866.666666667
2564700.0
2914133.333333333
4029933.3333333335
2663600.0
2681033.333333333
3063066.666666667
4270066.666666666
3062500.0
3085100.0
3569733.3333333335
5006500.0
4215933.333333334
4255600.0
5141100.0
7425066.666666667
2403300.0
2421050.0
2598900.0
3443250.0
2567100.0
2553050.0
2723950.0
3601050.0
2962200.0
2940400.0
0.0
4260950.0
0.0
0.0
4283450.0
6133550.0
1708936.3333333333
1759967.0
1912726.3333333333
2177268.0
1721795.3333333333
1734793.0
1980858.0
2375524.0
1874885.6666666667
1918695.0
2177788.6666666665
2640235.0
2224763.0
2525335.6666666665
2820765.333333333
3138757.0
1585461.0
1555617.0
1707049.3333333333
2230756.333333333
1573858.6666666667
1614228.3333333333
1906019.6666666667
2172741.0
1625881.0
1694772.0
2021057.3333333333
2295902.333333333
1905514.6666666667
1965236.3333333333
2310920.0
2891344.333333333
1566428.6666666667
1508573.0
1765572.0
1973997.6666666667
1542853.3333333333
1559028.0
1727842.0
2129102.6666666665
1617811.3333333333
1610862.3333333333
1813746.0
2234139.333333333
1844241.3333333333
2003933.3333333333
2315859.333333333
2678916.0
1467907.6666666667
1492270.3333333333
1540305.0
1782116.3333333333
1487054.0
1474580.6666666667
1584450.3333333333
1878627.6666666667
1561712.6666666667
1540722.3333333333
1668793.0
2009259.3333333333
1732703.6666666667
1731324.6666666667
1928057.6666666667
2378425.333333333
1410901.0
1404054.0
0.0
1644972.0
0.0
0.0
1444041.5
1691182.0
1618009.0
0.0
1524614.5
1803426.5
0.0
1530020.5
1630597.0
2359244.5
3902543.333333333
3866980.0
4066866.666666667
4455840.0
3942496.666666667
4142570.0
4308960.0
4577450.0
4778083.333333333
4765710.0
4938256.666666667
5675473.333333334
7018080.0
6990390.0
6860676.666666666
7677846.666666666
2550456.666666666
2697356.666666667
3239910.0
3951343.333333333
2659180.0
2747463.333333333
3378780.0
4137400.0
3071756.666666667
3079436.666666667
3839373.333333333
4906590.0
4384923.333333333
4366856.666666667
5386543.333333334
6903556.666666666
2367600.0
2503393.333333333
2893030.0
3705420.0
2476500.0
2508303.333333333
3066390.0
3717483.333333333
2854323.333333333
2856330.0
3414826.666666667
4208900.0
3910080.0
3903296.666666667
4570270.0
5935593.333333334
2332590.0
2266833.333333333
2614510.0
3247103.333333333
2420223.333333333
2457070.0
2636196.666666667
3491340.0
2810046.666666667
2811460.0
3111370.0
3911023.333333333
3561103.333333333
3674400.0
4147713.333333333
5256293.333333334
0.0
2163360.0
2331375.0
0.0
0.0
2362320.0
0.0
3091570.0
2620725.0
0.0
2777450.0
3392930.0
0.0
3239220.0
3545070.0
4501105.0
4395000.0
4481133.333333334
4947833.333333334
5908533.333333334
4619100.0
4733766.666666666
5138833.333333334
6550500.0
5600733.333333334
5578000.0
6273866.666666666
7522666.666666667
8677033.333333332
9144333.333333332
9538366.666666668
12539300.0
2844400.0
2903766.666666667
3691200.0
5130233.333333334
2969766.666666667
3055600.0
3807200.0
5099366.666666666
3387500.0
3527166.6666666665
4451200.0
6160600.0
4979833.333333334
5174333.333333334
6827033.333333333
9313300.0
2592200.0
2611233.333333333
3132400.0
4264766.666666666
2705300.0
2752300.0
3301966.6666666665
4644633.333333334
3069133.333333333
3133600.0
3777066.6666666656
5335000.0
4411866.666666666
4451133.333333334
5529100.0
7742766.666666667
2383266.666666667
2344166.666666667
2692466.666666667
3722900.0
2451400.0
2469633.333333333
2823900.0
3953600.0
2850566.666666667
2849166.666666667
3256400.0
4559800.0
4058266.6666666656
4063966.6666666656
4651900.0
6685566.666666667
2166000.0
0.0
0.0
3202100.0
2302200.0
0.0
0.0
3347950.0
0.0
2706300.0
2865850.0
3915850.0
3564700.0
3508500.0
3900450.0
5395800.0
1591302.6666666667
1671462.6666666667
1837564.3333333333
2170861.333333333
1668441.3333333333
1651898.3333333333
2357191.0
2270881.333333333
1771620.3333333333
1817426.3333333333
2013596.0
2372997.333333333
2174597.333333333
2236036.333333333
2543674.0
3064134.333333333
1449153.0
1470635.6666666667
1660087.6666666667
2001377.3333333333
1631808.3333333333
1512327.6666666667
1907030.6666666667
2032063.3333333333
1633045.0
1634553.0
1852907.3333333333
2347739.0
1886658.0
1911203.6666666667
2408064.0
2734536.0
1477649.0
1451238.6666666667
1601052.6666666667
2005565.6666666667
1493499.0
1499133.3333333333
1610667.0
1977556.6666666667
1579507.6666666667
1746687.6666666667
1768329.6666666667
2167402.333333333
1751172.6666666667
1820823.3333333333
2039356.6666666667
2554995.0
1364558.0
1422404.3333333333
1464141.0
1747438.0
1449692.0
1695931.3333333333
1508914.0
1928779.6666666667
1488070.0
1489708.6666666667
1589350.3333333333
2144878.333333333
1824671.6666666667
1678623.3333333333
1843977.3333333333
2298508.333333333
1357911.0
1344262.0
1572553.0
1625770.0
1366965.5
1372066.0
1608937.5
1594857.0
1435081.5
1641735.5
1491757.0
1688589.0
1688794.5
1506265.5
0.0
1940261.5
3253740.0
3357323.333333333
3771416.666666667
4398140.0
3390696.666666667
3529943.333333333
3909663.333333333
4353366.666666667
4064070.0
4297416.666666667
4695326.666666667
5372686.666666666
6491206.666666666
6257273.333333334
7136390.0
7377173.333333334
2346133.333333333
2388310.0
2922573.333333333
3714993.333333333
2456266.666666666
2506573.333333333
3044943.333333333
3934273.333333333
2868416.666666667
2983726.666666667
3635206.666666667
4463536.666666667
4098963.333333333
4180590.0
5147506.666666667
6240743.333333334
2243833.333333333
2193003.333333333
2684656.666666667
3411390.0
2295376.666666666
2349546.666666666
2777690.0
3551680.0
2693390.0
2734513.333333333
3257593.333333333
4005760.0
3783780.0
3783283.333333333
4410573.333333333
5932480.0
2127930.0
2173370.0
2395770.0
3122536.666666667
2335420.0
2317866.666666666
2519133.333333333
3192703.333333333
2726630.0
2741826.666666667
3015063.333333333
3720466.666666667
3515300.0
3545680.0
4005836.666666667
5015050.0
0.0
0.0
0.0
2768295.0
2191300.0
2134940.0
0.0
2818425.0
2553280.0
2538455.0
2679360.0
3273700.0
0.0
3139400.0
3488785.0
4378430.0
3502333.3333333335
3669533.3333333335
4379666.666666666
5643900.0
3743366.6666666656
3902200.0
4660466.666666666
5923900.0
4623466.666666666
4748033.333333334
5646633.333333334
7116300.0
8006700.0
8256600.0
9248900.0
10641433.333333332
2512033.333333333
2597733.333333333
3272266.666666667
4514566.666666666
2670533.333333333
2734300.0
3420333.3333333335
4856233.333333334
3156066.666666667
3270333.333333333
4146700.0
5781233.333333334
4709200.0
4888000.0
6313933.333333334
8649800.0
2336400.0
2337266.666666667
2835866.666666667
4019666.6666666656
2457233.333333333
2485700.0
2982200.0
4302066.666666666
2945133.333333333
2941500.0
3534733.3333333335
5113733.333333334
4294066.666666666
4341833.333333334
5254066.666666666
7670500.0
2112300.0
2121733.333333333
2433266.666666667
3402933.3333333335
2254466.666666667
2284033.333333333
2567066.666666667
3632333.3333333335
2720233.333333333
2733900.0
3092400.0
4309766.666666666
3938300.0
3986866.6666666656
4525500.0
6380966.666666666
2013300.0
2002650.0
0.0
0.0
2155650.0
2150500.0
0.0
3184350.0
2595300.0
0.0
2771750.0
3724100.0
3513950.0
3508350.0
0.0
5252200.0
1229174.6666666667
1258776.0
1468634.3333333333
1684080.0
1294948.6666666667
1299537.3333333333
1523935.3333333333
1786157.6666666667
1445610.0
1400227.0
1647757.0
1951274.3333333333
1620383.0
1504670.6666666667
1810984.6666666667
2272256.333333333
1179723.6666666667
1157386.0
1319281.6666666667
1587490.6666666667
1187697.6666666667
1311720.0
1362321.3333333333
1627694.3333333333
1351898.6666666667
1292627.6666666667
1451161.6666666667
1950683.6666666667
1387085.0
1396603.3333333333
1710670.0
2030531.3333333333
1094888.0
1105126.6666666667
1221617.0
1468596.0
1148125.0
1151678.6666666667
1262606.6666666667
1530256.6666666667
1237217.0
1306859.6666666667
1368290.6666666667
1665468.6666666667
1336764.0
1343542.6666666667
1485514.6666666667
1856248.6666666667
1057231.0
1076281.6666666667
1127020.3333333333
1416956.3333333333
1100082.6666666667
1143303.6666666667
1162685.0
1410246.0
1177291.6666666667
1290031.6666666667
1255976.0
1523036.0
1387913.0
1276746.3333333333
1367469.6666666667
1814012.0
0.0
0.0
0.0
0.0
0.0
0.0
0.0
0.0
0.0
0.0
0.0
0.0
0.0
0.0
0.0
0.0
1784663.3333333335
1806250.0
2226193.333333333
2935076.666666667
1859203.333333333
1921140.0
2409513.333333333
3139263.333333333
2252900.0
2319063.333333333
2937750.0
3845280.0
2798336.666666667
2971796.666666667
3753086.666666667
5012960.0
1576953.3333333335
1598170.0
1916400.0
2555456.666666666
1747390.0
1746853.3333333335
2080276.6666666663
2738876.666666667
2047906.6666666663
2100326.666666666
2546830.0
3236340.0
2572176.666666666
2669260.0
3228230.0
4215983.333333333
1487453.3333333335
1506006.6666666665
1740430.0
2274833.333333333
1623610.0
1657326.6666666665
1854073.333333333
2426060.0
1924613.333333333
1966390.0
2207966.666666666
2937896.666666667
2434996.666666666
2496523.333333333
2837196.666666667
3782760.0
1375586.6666666665
1409530.0
1537306.6666666665
2009336.6666666663
1551330.0
1497826.6666666665
1650656.6666666665
2141270.0
1792020.0
1806563.333333333
1961043.333333333
2470996.666666666
2280000.0
2247176.666666666
2471300.0
3296490.0
0.0
0.0
0.0
0.0
0.0
0.0
0.0
0.0
0.0
0.0
0.0
0.0
0.0
0.0
0.0
0.0
1761166.6666666667
1816233.3333333328
2311766.666666667
3220100.0
1926733.3333333328
1992666.6666666667
2531400.0
3619766.6666666656
2369600.0
2454100.0
3193233.333333333
4631333.333333334
3122800.0
3237333.333333333
4347400.0
6432100.0
1613366.6666666665
1623800.0
1962633.3333333328
2788266.666666667
1760833.3333333333
1771466.6666666667
2129766.666666667
3056366.666666667
2154666.666666667
2186033.333333333
2673800.0
3861200.0
2837500.0
2848200.0
3548800.0
5268166.666666666
1493733.3333333335
1505900.0
1708966.6666666667
2391766.666666667
1638833.3333333333
1653266.6666666667
1873833.3333333328
2642466.666666667
2016933.3333333328
2027433.3333333328
2313933.333333333
3325466.6666666665
2670300.0
2661833.333333333
3093300.0
4460800.0
1313766.6666666665
1321033.3333333335
1434400.0
1963600.0
1462366.6666666665
1458666.6666666665
1582966.6666666665
2175866.666666667
1838233.3333333328
1833666.6666666667
2003766.6666666667
2769433.333333333
2432000.0
2417700.0
2669633.333333333
3762333.3333333335
0.0
0.0
0.0
0.0
0.0
0.0
0.0
0.0
0.0
0.0
0.0
0.0
0.0
0.0
0.0
0.0
1856177.0
1773354.0
1777574.5
1740664.0
1703001.0
1871595.5
1898511.5
2111807.0
2156681.5
2122545.0
2400083.0
2129448.0
2475777.5
2593254.5
2325389.0
2904629.5
1517028.5
1614425.0
1691978.5
1698059.5
1690878.0
1650303.0
1708699.5
1803831.0
1846629.5
1766154.5
2096022.5
2047150.0
2603313.0
2168483.0
2399830.0
2732932.0
1532506.5
1553165.0
1651324.0
1735079.5
1597687.0
1729140.0
1713473.5
1876053.0
1709490.0
1660184.5
1816803.0
1949228.0
1800500.5
1929948.5
2159731.0
2572415.5
1533142.0
1561570.0
1553427.0
1773038.0
1679043.5
1507825.5
1539697.5
1844261.0
1607662.5
1650725.0
1645912.5
1816804.5
1825801.0
1815968.0
2034341.5
2354311.0
1521479.5
1487328.0
1546236.5
1607122.0
1545457.5
1555321.0
1513157.5
1712688.0
1529916.5
1504537.5
1769376.5
1790872.5
1873712.0
1575157.5
1764600.0
2147497.0
3556685.0
3453085.0
3201730.0
2532800.0
3657100.0
3676590.0
3311345.0
2756920.0
3938320.0
3991770.0
3777890.0
3408025.0
6883060.0
6289315.0
6604795.0
6003945.0
2552085.0
2575280.0
2893435.0
2535100.0
2634255.0
2470770.0
2896725.0
2693275.0
3108010.0
3146140.0
3435800.0
3318515.0
4286285.0
4633085.0
5477160.0
5663090.0
2252245.0
2307180.0
2626880.0
2487285.0
2333200.0
2360430.0
2683200.0
2640560.0
2642460.0
2717970.0
3149170.0
3247835.0
3545535.0
3609230.0
4467610.0
5182340.0
2185580.0
2272330.0
2486695.0
2440340.0
2361480.0
2351860.0
2591570.0
2636125.0
2613030.0
2651430.0
2884940.0
3179575.0
3237800.0
3251480.0
3858930.0
4772485.0
2198730.0
2188700.0
2345715.0
2308485.0
2298265.0
2270610.0
2341005.0
2486525.0
2565815.0
2575555.0
2621480.0
2937680.0
2899845.0
2932095.0
3310135.0
4282790.0
3081900.0
3280750.0
2451750.0
2533750.0
3602400.0
3696000.0
2640100.0
2710150.0
4362150.0
4471600.0
3061200.0
3181700.0
7213250.0
7629800.0
7528850.0
8603350.0
2591700.0
2740700.0
2290600.0
2455950.0
2711850.0
2809050.0
2405100.0
2564450.0
3138150.0
3288250.0
2904150.0
3023250.0
4867700.0
5240400.0
6148200.0
7518000.0
2311650.0
2374800.0
2171900.0
2338250.0
2451050.0
2479550.0
2306000.0
2469450.0
2796250.0
2812500.0
2803850.0
2909100.0
3908950.0
4049550.0
5072000.0
6666100.0
2191300.0
2201400.0
2091600.0
2234100.0
2282000.0
2282200.0
2214800.0
2360700.0
2616300.0
2611800.0
2650000.0
2769050.0
3579500.0
3604700.0
4331450.0
5901700.0
2054200.0
2040700.0
1977500.0
2090700.0
2119650.0
2162900.0
2112100.0
2206550.0
2470950.0
2481400.0
2502200.0
2569900.0
3217300.0
3257550.0
3673550.0
5046050.0
1575016.0
1482568.5
1603540.5
1584756.0
1629830.5
1501891.0
1669989.0
1640880.0
1681097.0
1659961.0
1746754.5
1776819.5
2111416.5
2191533.5
2373512.0
2957685.0
1484691.0
1508045.5
1507841.0
1575309.0
1378172.5
1417201.0
1694551.0
1623447.5
1438485.0
1665729.5
1626647.5
1832325.5
1695977.5
1778966.5
1964528.5
2268809.5
1532808.5
1306698.0
1365907.5
1546669.0
1476867.5
1416317.5
1480782.0
1607847.0
1403720.5
1400658.0
1689031.5
1776770.5
1570218.0
1573068.5
1905905.0
2204330.5
1381856.5
1316975.0
1477021.5
1500221.0
1420171.5
1529041.0
1412254.0
1522647.5
1383321.5
1366656.5
1448423.0
1672165.5
1696002.0
1464951.5
1845595.0
2116240.5
1202255.5
1337792.5
1284855.5
1519995.0
1277927.5
1277811.0
1360168.0
1456177.5
1445046.0
1408414.5
1446534.5
1532116.5
1362731.0
1568610.5
1484267.5
1989614.5
3103655.0
3106840.0
2947280.0
2401660.0
3213290.0
3190975.0
2996410.0
2574765.0
3790890.0
3736035.0
3530980.0
3151360.0
6069610.0
6321900.0
5882425.0
5821345.0
2272010.0
2355765.0
2614450.0
2272785.0
2357800.0
2395730.0
2666835.0
2493065.0
2665620.0
2747110.0
3059055.0
2975515.0
3679790.0
3884020.0
4591190.0
5001035.0
2044235.0
2066995.0
2352435.0
2285950.0
2153890.0
2177825.0
2442230.0
2436710.0
2399055.0
2471310.0
2698960.0
2919670.0
3217200.0
3182595.0
3850010.0
4671245.0
2001680.0
1981645.0
2169920.0
2224730.0
2057705.0
2050780.0
2211910.0
2387895.0
2400470.0
2359385.0
2584110.0
2772560.0
3046815.0
2946850.0
3448870.0
4367170.0
1887070.0
1865605.0
1987000.0
2117700.0
2000695.0
1996595.0
2087145.0
2230970.0
2255005.0
2273205.0
2383020.0
2639870.0
2717570.0
2680570.0
3029545.0
3757265.0
3301950.0
3243650.0
2380000.0
2471650.0
3435000.0
3377450.0
2450950.0
2596250.0
4075250.0
4038950.0
3002200.0
3035250.0
7549850.0
7962050.0
7738550.0
8514500.0
2401300.0
2486150.0
2172650.0
2342550.0
2503550.0
2548950.0
2271750.0
2469200.0
2896500.0
2906050.0
2720700.0
2849350.0
4266800.0
4513700.0
5431100.0
6900800.0
2182200.0
2254250.0
2066400.0
2236000.0
2266000.0
2284950.0
2158300.0
2362500.0
2603900.0
2628900.0
2571650.0
2717200.0
3675450.0
3767850.0
4510550.0
5917750.0
2041600.0
2061650.0
1962950.0
2132500.0
2106100.0
2100750.0
2049500.0
2231800.0
2418350.0
2285550.0
2403550.0
2561550.0
3389100.0
2984250.0
3908150.0
5280950.0
1857550.0
1854900.0
1821350.0
1971950.0
1923500.0
1931850.0
1898200.0
2050000.0
2274250.0
2251400.0
2205350.0
2370000.0
3067950.0
3071200.0
3402250.0
4507750.0
1602949.5
1420009.0
1468093.5
1476883.5
1420566.5
1442990.5
1522566.5
1493699.0
1514541.5
1829208.0
1692245.0
1776127.5
2075661.0
2014178.0
2278825.5
2545010.0
1325708.5
1303235.5
1379120.0
1378244.0
1264232.0
1313682.0
1415454.5
1485692.5
1400637.5
1499317.5
1544331.5
1735893.0
1762622.0
1666646.0
2028268.5
2395080.5
1413506.0
1268771.0
1349609.0
1406480.0
1297362.5
1246993.5
1313690.0
1449190.0
1356267.0
1364809.5
1512787.5
1553578.0
1763741.5
1662933.0
1824531.0
2201858.5
1167862.5
1245197.5
1321314.5
1482743.5
1287347.0
1269695.5
1291856.5
1411592.0
1302434.5
1338538.0
1449557.0
1689950.5
1453065.5
1579940.5
1790771.5
2085475.0
1356877.5
1209860.5
1254510.5
1353911.5
1356747.5
1474060.5
1267817.5
1351786.0
1270720.0
1255372.5
1482324.5
1701256.5
1337556.5
1352488.0
1455278.5
2082090.0
2632095.0
2505065.0
2495230.0
2115665.0
2572950.0
2554835.0
2577310.0
2256065.0
3186295.0
3065970.0
3020680.0
2807570.0
5627700.0
5553460.0
5684215.0
5692395.0
1992810.0
2024995.0
2244175.0
2048515.0
2043115.0
2149730.0
2351200.0
2205280.0
2425780.0
2513055.0
2710210.0
2756495.0
3493575.0
3575785.0
4458320.0
5118155.0
1845500.0
1906515.0
2126855.0
2054915.0
1952230.0
1967000.0
2197800.0
2163735.0
2291550.0
2323190.0
2549465.0
2679120.0
3106770.0
3172200.0
3712450.0
4484375.0
1800885.0
1809370.0
1977340.0
2052525.0
1948655.0
1938625.0
2066815.0
2166830.0
2269775.0
2264060.0
2435895.0
2594135.0
2947685.0
2945810.0
3369400.0
4130625.0
1778855.0
1769260.0
1840125.0
1948425.0
1879665.0
1853900.0
1979635.0
2069975.0
2175690.0
2166115.0
2283605.0
2470070.0
2718485.0
2687880.0
2910710.0
3644220.0
2606450.0
2616600.0
2051750.0
2181250.0
2814500.0
2782000.0
2156250.0
2358250.0
3429200.0
3482650.0
2673250.0
2829750.0
6957100.0
7067550.0
7447300.0
7716400.0
2040050.0
2136250.0
1899300.0
2085800.0
2217200.0
2198000.0
2005050.0
2239450.0
2670700.0
2644200.0
2504800.0
2650000.0
4045200.0
4221750.0
5165200.0
6625000.0
1946950.0
1845100.0
1830550.0
2022350.0
2070100.0
2091450.0
1928400.0
2129650.0
2477050.0
2488200.0
2431350.0
2529350.0
3568700.0
3654950.0
4339050.0
5738800.0
1790150.0
1802550.0
1698400.0
1920550.0
1913300.0
1903550.0
1850750.0
2025300.0
2280900.0
2282850.0
2269650.0
2402450.0
3294000.0
3322400.0
3787200.0
5127250.0
1659550.0
1683050.0
1649600.0
1795850.0
1795250.0
1808050.0
1777250.0
1898200.0
2179150.0
2182600.0
2197350.0
2256950.0
3015250.0
3017350.0
3286950.0
4410950.0
955911.0
986419.0
1117875.5
1162948.5
994454.5
1042605.0
1122113.0
1180473.0
1119180.5
1231307.0
1335451.5
1371077.0
1299144.5
1371356.5
1755412.5
2280387.0
928881.0
907574.0
1027854.0
1089123.0
1052047.5
961024.5
1116455.0
1128904.5
1037855.5
1035462.0
1196678.0
1335885.0
1359009.5
1204170.5
1400762.5
1959891.0
893510.0
866658.0
949937.5
1067229.0
972721.0
895401.0
1027397.0
1114639.5
1003798.5
1039882.5
1108677.0
1310528.5
1168653.5
1322898.5
1332057.0
1620619.5
828665.5
860532.5
883051.5
953420.5
886488.0
934164.5
997850.5
1026787.0
974865.0
1068987.0
1161049.0
1173981.0
1287014.0
1100428.0
1216358.5
1759958.0
0.0
0.0
0.0
0.0
0.0
0.0
0.0
0.0
0.0
0.0
0.0
0.0
0.0
0.0
0.0
0.0
1334210.0
1379495.0
1505770.0
1394285.0
1450505.0
1470105.0
1623435.0
1557420.0
1778190.0
1820720.0
2016100.0
2055905.0
2362390.0
2454965.0
3185990.0
4128710.0
1233360.0
1268160.0
1389735.0
1380295.0
1332495.0
1379750.0
1517405.0
1512385.0
1641200.0
1654235.0
1843840.0
2016405.0
2117605.0
2170025.0
2650235.0
3574380.0
1209895.0
1186555.0
1308385.0
1338475.0
1313320.0
1285835.0
1427060.0
1474650.0
1581575.0
1582530.0
1700095.0
1917010.0
2030390.0
2043005.0
2352780.0
3124815.0
1146305.0
1131815.0
1228810.0
1271995.0
1226995.0
1220455.0
1318205.0
1417555.0
1490870.0
1511050.0
1583440.0
1767190.0
1932490.0
1902305.0
2102040.0
2771000.0
0.0
0.0
0.0
0.0
0.0
0.0
0.0
0.0
0.0
0.0
0.0
0.0
0.0
0.0
0.0
0.0
1339000.0
1347200.0
1207400.0
1420000.0
1475550.0
1492700.0
1312050.0
1557150.0
1871700.0
1898050.0
1744800.0
2044150.0
2632900.0
2764800.0
3611250.0
5050900.0
1266000.0
1282550.0
1133750.0
1355100.0
1395150.0
1404850.0
1257950.0
1483900.0
1750700.0
1755850.0
1690250.0
1914850.0
2356400.0
2397750.0
2962650.0
4172950.0
1210700.0
1212250.0
1089750.0
1272650.0
1322850.0
1326300.0
1211550.0
1396900.0
1656100.0
1651400.0
1620800.0
1790150.0
2212650.0
2214400.0
2591200.0
3660100.0
1086000.0
1087700.0
1009850.0
1146600.0
1204350.0
1201500.0
1128050.0
1266050.0
1526850.0
1525550.0
1520300.0
1639950.0
1990600.0
2063050.0
2298500.0
3150350.0
0.0
0.0
0.0
0.0
0.0
0.0
0.0
0.0
0.0
0.0
0.0
0.0
0.0
0.0
0.0
0.0
1834885.0
1818059.0
1742669.6666666667
1675077.5833333333
1855773.6666666667
1841968.5833333333
1833486.25
1697347.5
2006745.75
1992562.0833333333
2081985.5
2031618.25
2381271.4166666665
2585543.5833333335
2664826.0833333335
2765202.4166666665
1578911.5833333333
1621552.0
1715820.4166666667
1703850.8333333333
1589958.0
1620235.75
1767079.25
1737660.4166666667
1770635.9166666667
1789885.25
1882333.25
1997152.5
2175513.1666666665
2278928.5833333335
2426432.6666666665
2800808.8333333335
1591546.0833333333
1573355.5
1654338.5
1611518.0833333333
1582144.9166666667
1588302.25
1711291.3333333333
1651433.5833333333
1764687.3333333333
1729324.8333333333
1878120.0
1926200.0
2075241.25
2065395.0
2318699.9166666665
2663556.5
1585067.0
1545926.75
1629349.0
1608514.25
1619949.5833333333
1541532.4166666667
1679102.9166666667
1706835.5833333333
1680954.0
1692735.6666666667
1764936.75
1903800.5833333333
1942855.5
1909371.9166666667
2174413.9166666665
2595056.5833333335
1529889.5833333333
1415078.6666666667
1506313.0
1561196.0833333333
1559489.0
1474426.4166666667
1553051.3333333333
1621922.4166666667
1645646.25
1608764.25
1672787.1666666667
1765121.75
1717424.3333333333
1710884.25
1789855.6666666667
2202953.6666666665
3334890.0
3255226.666666667
2786445.0
1703091.6666666665
3411202.5
3366411.666666667
2897239.166666667
1948289.1666666665
3994195.833333333
3850431.666666667
3551416.666666667
2551439.1666666665
6101032.5
6096756.666666666
5926448.333333332
5604884.166666666
2392727.5
2508742.5
2497260.8333333335
1798435.8333333335
2566600.8333333335
2604267.5
2703424.166666667
1979251.6666666665
2876090.0
3002415.0
3224910.0
2615783.3333333335
4332205.833333333
4525918.333333333
5088924.166666667
5299075.0
2212922.5
2177799.1666666665
2455468.3333333335
1857745.0
2267780.8333333335
2290618.3333333335
2563795.8333333335
2023422.5
2563860.0
2648991.666666667
3001034.166666667
2687610.0
3484553.333333333
3496209.166666667
4307901.666666667
4902064.166666667
2148602.5
2156640.0
2331225.0
1879563.3333333335
2226580.0
2282365.0
2447396.6666666665
1947353.3333333335
2542851.6666666665
2539196.6666666665
2802811.666666667
2653769.166666667
3219655.833333333
3239457.5
3803620.0
4582799.166666667
2046771.6666666665
2163349.1666666665
2163237.5
1863637.5
2142075.0
2195004.1666666665
2295835.0
2007182.5
2502461.6666666665
2441559.1666666665
2599356.6666666665
2505273.3333333335
2935675.833333333
2956913.333333333
3290665.833333333
4031519.166666667
2984008.333333333
2897291.666666667
1508583.3333333335
1383950.0
3029691.666666667
2919041.666666667
1503466.6666666665
1487816.6666666665
3899258.3333333335
3892683.3333333335
1983541.6666666667
1707475.0
6903741.666666667
6932633.333333333
6953425.0
7641408.333333333
2436916.666666667
2482083.333333333
1556800.0
1437658.3333333335
2573125.0
2570525.0
1739666.6666666667
1486458.3333333335
2972450.0
2973300.0
2179916.666666667
1739083.3333333333
4636775.0
4892800.0
5696091.666666666
6899633.333333333
2176500.0
2293275.0
1671300.0
1435958.3333333335
2368308.333333333
2410850.0
1845375.0
1534500.0
2730100.0
2778075.0
2333100.0
1786600.0
3812091.6666666665
3911966.6666666665
4772633.333333333
6227933.333333333
2127716.666666667
2141858.333333333
1752208.3333333333
1448066.6666666665
2231350.0
2232075.0
1861775.0
1523050.0
2536700.0
2576775.0
2330266.666666667
1766841.6666666667
3499441.6666666665
3493950.0
4123233.3333333335
5606600.0
1947408.3333333333
1973375.0
1691366.6666666667
1419708.3333333335
2009900.0
2065108.3333333333
1790050.0
1502000.0
2349100.0
2377091.666666667
2260125.0
1772241.6666666667
3117100.0
3164850.0
3589550.0
4748000.0
1634356.4166666667
1570107.6666666667
1600030.5
1532858.0833333333
1685398.0
1645210.5
1658395.0
1605201.6666666667
1759443.25
1823226.0
1740545.3333333333
1848566.0
2411399.75
2443024.75
2466737.4166666665
2703414.0
1362505.75
1423570.4166666667
1545760.0
1488421.0833333333
1408766.1666666667
1456335.6666666667
1611573.6666666667
1634334.0
1499667.0833333333
1585376.6666666667
1708539.1666666667
1756865.0833333333
1759233.4166666667
1892289.0
2147179.6666666665
2499702.75
1370311.75
1342605.0
1422637.8333333333
1492899.5833333333
1404841.25
1389788.6666666667
1503733.9166666667
1547358.3333333333
1503367.9166666667
1478528.8333333333
1618567.9166666667
1682226.75
1689660.1666666667
1704388.1666666667
2127616.25
2333066.0
1332988.75
1295608.5833333333
1410835.1666666667
1411913.5833333333
1370056.0
1383954.8333333333
1453098.5
1549755.9166666667
1458742.1666666667
1455735.9166666667
1485167.75
1715117.25
1571840.3333333333
1612217.6666666667
1800077.25
2217419.0833333335
1269266.5833333333
1257531.3333333333
1318136.75
1436352.6666666667
1338850.8333333333
1320550.0833333333
1395268.5833333333
1407318.0
1399858.5833333333
1357711.5833333333
1409262.1666666667
1574213.8333333333
1380258.9166666667
1488346.8333333333
1689621.5
1930244.3333333333
3002882.5
2968503.333333333
2511025.0
1680317.5
3125643.333333333
3149174.166666667
2687247.5
1825165.0
3548554.166666667
3556998.333333333
3270346.666666667
2472593.3333333335
6009454.166666666
5909235.833333332
5655924.166666666
5404714.166666666
2098015.0
2327396.6666666665
2369834.1666666665
1736220.0
2264705.0
2320324.1666666665
2476585.8333333335
1899400.8333333335
2531845.0
2540870.0
2889203.333333333
2454277.5
3626865.0
3692676.666666667
4483975.833333333
4933561.666666667
1957583.3333333335
2066111.6666666665
2222363.3333333335
1746146.6666666665
2103360.0
2109999.1666666665
2272340.0
1822321.6666666665
2337084.1666666665
2397055.0
2664917.5
2464396.6666666665
3208828.333333333
3254461.666666667
3789096.666666667
4375620.833333333
1923746.6666666665
1935133.3333333335
2107902.5
1780357.5
1989989.1666666665
1896365.8333333335
2178164.1666666665
1882780.0
2261633.3333333335
2225135.0
2512953.3333333335
2415056.6666666665
2888876.666666667
2988181.666666667
3365150.833333333
4100415.833333333
1866489.1666666665
1870293.3333333335
1950822.5
1769909.1666666665
1947675.8333333335
1923421.6666666665
2037003.3333333335
1816250.8333333335
2178950.8333333335
2197091.6666666665
2298814.1666666665
2286855.0
2727666.666666667
2764487.5
2992325.0
3560747.5
2906700.0
2884375.0
1501108.3333333335
1409275.0
3122650.0
2988766.666666667
1640783.3333333333
1473350.0
3763150.0
3693208.3333333335
2055533.3333333333
1728700.0
7610741.666666667
7319725.0
7155508.333333333
7641841.666666667
2253258.333333333
2331158.333333333
1587500.0
1409941.6666666665
2384575.0
2409416.666666667
1689233.3333333333
1393141.6666666665
2736441.666666667
2826108.333333333
2191908.333333333
1739066.6666666667
4231308.333333334
4288358.333333334
5165608.333333333
6376391.666666666
2145733.333333333
2182325.0
1628108.3333333335
1402966.6666666665
2128008.333333333
2236358.333333333
1752666.6666666667
1424600.0
2499941.666666667
2547533.333333333
2189625.0
1759600.0
3627708.3333333335
3696708.3333333335
4203216.666666666
5595700.0
1965908.3333333333
1951808.3333333333
1578875.0
1414433.3333333335
2037875.0
2057016.6666666667
1770291.6666666667
1481808.3333333335
2324666.666666667
2365975.0
2154425.0
1750233.3333333333
3241233.333333333
3194533.333333333
3708100.0
4979941.666666666
1796958.3333333333
1804683.3333333333
1570358.3333333335
1368466.6666666665
1867925.0
1869275.0
1702600.0
1417941.6666666665
2135058.333333333
2190183.333333333
2092175.0
1746633.3333333333
3021300.0
3000808.333333333
3330958.3333333335
4213466.666666666
1516967.8333333333
1458783.3333333333
1441903.4166666667
1540231.75
1525708.5833333333
1494984.5833333333
1604950.6666666667
1518015.6666666667
1663590.9166666667
1653175.75
1668838.6666666667
1693844.8333333333
2188311.3333333335
2267102.9166666665
2371349.25
2687851.5833333335
1293312.5
1326536.8333333333
1446544.0
1394232.9166666667
1342972.25
1367607.9166666667
1463042.1666666667
1541424.0
1463935.25
1510004.8333333333
1600222.75
1700248.25
1725863.1666666667
1844023.0
2160072.75
2426889.8333333335
1336022.5833333333
1330251.25
1349623.0
1389347.25
1346162.75
1382784.75
1424330.0
1508211.0
1546740.5833333333
1456155.5
1577968.9166666667
1675487.6666666667
1697197.9166666667
1666715.25
1901213.4166666667
2184828.8333333335
1300221.0
1308961.8333333333
1417448.6666666667
1354488.3333333333
1394205.0
1354021.75
1389112.6666666667
1418064.5
1365781.0
1463886.0833333333
1455047.4166666667
1660178.0833333333
1585892.0833333333
1555946.9166666667
1704747.5833333333
2095656.6666666667
1286427.0
1245346.5833333333
1259389.9166666667
1312169.5833333333
1322688.5
1306568.5
1312084.9166666667
1364024.0
1297078.5
1301948.6666666667
1405173.9166666667
1523864.8333333333
1438315.25
1428237.9166666667
1573879.5
1922351.1666666667
2394728.3333333335
2441344.1666666665
2168072.5
1531790.0
2507048.3333333335
2566996.6666666665
2357427.5
1668608.3333333335
3041789.166666667
3091685.0
2874821.666666667
2264695.0
5564430.833333332
5525254.166666666
5479403.333333332
5259501.666666666
1906185.0
1955171.6666666665
2073332.5
1528448.3333333335
1994548.3333333335
2110084.1666666665
2161140.8333333335
1721351.6666666665
2381140.0
2444558.3333333335
2567040.0
2276495.0
3430009.166666667
3453883.333333333
4123929.166666667
4725540.0
1853753.3333333335
1838552.5
2024315.8333333335
1594822.5
1897662.5
1931208.3333333335
2104895.0
1696955.8333333335
2204690.8333333335
2295051.6666666665
2495283.3333333335
2319798.3333333335
3078439.166666667
3144967.5
3625490.833333333
4324491.666666667
1763041.6666666665
1766775.0
1908150.0
1581328.3333333335
1885327.5
1864377.5
2054215.8333333335
1785572.5
2183631.6666666665
2192024.1666666665
2351576.6666666665
2225109.1666666665
2833965.833333333
2865000.833333333
3273995.833333333
3909465.0
1731011.6666666665
1710941.6666666665
1791970.0
1599087.5
1825774.1666666665
1837320.8333333335
1893278.3333333335
1734951.6666666665
2115787.5
2147330.0
2237430.8333333335
2192055.8333333335
2578729.1666666665
2626822.5
2918238.333333333
3561248.333333333
2260050.0
2372875.0
1410383.3333333335
1319225.0
2491783.333333333
2531383.333333333
1517275.0
1414741.6666666665
3223766.666666667
3170433.333333333
1947875.0
1640075.0
6675416.666666667
6941425.0
6846991.666666667
7366433.333333333
1988725.0
2016741.6666666667
1366641.6666666665
1323250.0
2121641.666666667
2058966.6666666667
1546200.0
1433066.6666666665
2546891.666666667
2555716.666666667
1953533.3333333333
1683008.3333333333
3881183.3333333335
4059516.6666666665
4873308.333333333
6136408.333333333
1886883.3333333333
1893441.6666666667
1474150.0
1332116.6666666665
2023358.3333333333
2041016.6666666667
1621825.0
1418033.3333333335
2421516.666666667
2420066.666666667
2034383.3333333333
1694441.6666666667
3422775.0
3571325.0
4022358.3333333335
5287341.666666666
1733300.0
1712800.0
1486100.0
1308816.6666666665
1857191.6666666667
1876725.0
1601016.6666666665
1387075.0
2248683.333333333
2251450.0
2051441.6666666667
1696258.3333333333
3218600.0
3138833.333333333
3500350.0
4862725.0
1591533.3333333335
1604366.6666666665
1446025.0
1250550.0
1711950.0
1715700.0
1538100.0
1333825.0
1955116.6666666667
2053300.0
1981725.0
1665750.0
2948575.0
2896675.0
3122858.333333333
4105816.6666666665
956200.0833333334
989972.1666666666
1069655.75
1087408.3333333333
999884.3333333334
1035885.5833333334
1113745.5833333333
1148093.5833333333
1147518.25
1151786.3333333333
1308964.5
1387286.3333333333
1417244.8333333333
1511413.3333333333
1726441.0833333333
2136896.25
896636.5
953348.4166666666
1027991.0833333334
1053987.1666666667
987167.6666666666
968204.6666666666
1019492.8333333334
1120693.0833333333
1100021.5833333333
1110281.0833333333
1198007.9166666667
1268529.5
1294265.4166666667
1338122.75
1537800.1666666667
1896228.8333333333
903149.5
906819.9166666666
967894.8333333334
1040136.4166666666
931904.9166666666
960775.9166666666
1026667.0833333334
1122314.6666666667
1071856.3333333333
1096744.0833333333
1146568.1666666667
1284681.4166666667
1237589.25
1257298.4166666667
1427997.3333333333
1742541.9166666667
868655.4166666666
876050.5
925785.3333333334
998164.8333333334
909376.5
941264.75
959425.8333333334
1027149.1666666666
1017831.8333333334
996129.25
1093198.75
1236311.5
1176536.9166666667
1177026.5833333333
1280298.8333333333
1611646.4166666667
856263.5
0.0
0.0
923213.375
895670.5
845309.625
0.0
997389.0
992371.25
1005065.5
0.0
0.0
1160949.875
1131022.5
1269548.875
1509975.875
1308149.1666666667
1341117.5
1370419.1666666665
1133790.0
1424980.8333333335
1396410.8333333335
1500871.6666666665
1200340.0
1745005.8333333335
1785450.0
1913636.6666666665
1753651.6666666665
2358122.5
2472023.3333333335
3152230.0
3923255.833333333
1201153.3333333333
1241159.1666666667
1330187.5
1140324.1666666667
1322568.3333333335
1354475.0
1449446.6666666665
1199585.8333333333
1616639.1666666665
1641173.3333333335
1780270.8333333335
1752436.6666666665
2112681.6666666665
2109265.8333333335
2613228.3333333335
3252065.0
1184810.0
1179792.5
1208432.5
1131807.5
1269060.8333333333
1287057.5
1377609.1666666665
1269751.6666666667
1553469.1666666665
1571397.5
1687040.0
1698155.0
2007582.5
2014300.0
2328992.5
3047505.0
1060364.1666666667
1115785.8333333333
1189828.3333333333
1110012.5
1216395.0
1221717.5
1285570.0
1232804.1666666667
1477964.1666666665
1420204.1666666665
1560363.3333333335
1630515.8333333335
1866449.1666666665
1887282.5
2097327.5
2743411.666666667
0.0
1086138.75
1112656.25
0.0
1177651.25
1174008.75
1211858.75
1213268.75
0.0
0.0
1473531.25
0.0
1782466.25
1794571.25
1790306.25
0.0
1251408.3333333335
1251458.3333333335
844958.3333333334
956725.0
1388000.0
1390233.3333333335
999775.0
1053500.0
1774833.3333333333
1790158.3333333333
1421933.3333333335
1420016.6666666665
2536866.666666667
2662275.0
3433891.6666666665
4829825.0
1221958.3333333335
1226066.6666666665
849350.0
933575.0
1344950.0
1354950.0
979783.3333333334
1033266.6666666664
1675950.0
1691791.6666666667
1441075.0
1390100.0
2274816.666666667
2304275.0
2843066.666666667
3995500.0
1171683.3333333335
1172983.3333333335
914425.0
906950.0
1285741.6666666665
1290925.0
1034291.6666666664
1003600.0
1604883.3333333335
1612916.6666666665
1427008.3333333335
1364033.3333333335
2143250.0
2147408.333333333
2500341.666666667
3515925.0
1050091.6666666665
1056025.0
874950.0
803341.6666666667
1166183.3333333335
1170408.3333333335
993791.6666666664
941041.6666666664
1487925.0
1488950.0
1371325.0
1285600.0
1989300.0
2002941.6666666667
2212783.333333333
3043750.0
0.0
0.0
0.0
0.0
1088125.0
0.0
967412.5
907150.0
1359687.5
1403112.5
1222775.0
1235487.5
1878037.5
1893950.0
2023550.0
2704800.0
1711664.375
1690961.75
1678030.375
1423288.25
1747289.375
1771925.875
1684720.125
1575372.75
1911430.0
1907333.125
1879277.5
1777406.75
2543182.0
2404525.75
2417936.625
2587795.0
1480218.0
1513852.125
1576230.75
1442178.375
1547402.25
1515670.5
1661942.125
1539456.0
1646859.0
1734198.125
1757304.375
1731135.875
2108012.0
2142568.625
2266786.5
2564366.625
1437552.125
1466862.875
1539742.75
1465481.875
1500380.5
1531132.375
1562765.75
1499950.875
1595076.0
1727371.875
1719104.375
1716076.25
2054834.375
2129940.5
2095922.625
2665476.375
1472450.375
1441426.875
1491365.5
1450595.25
1484679.75
1510962.75
1556425.25
1525512.875
1593280.875
1575745.375
1635536.25
1678481.0
1872461.625
1891292.0
1949941.125
2285251.5
1389263.5
1455932.625
1450442.875
1401002.125
1440205.5
1444840.0
1530690.75
1461892.875
1551109.875
1543203.125
1559800.5
1684941.75
1607271.75
1572720.875
1735204.25
2020730.875
3131238.75
3017700.0
2252863.75
952403.75
3380360.0
3075658.75
2396388.75
1163638.75
3618603.75
3859873.75
3135903.75
1830901.25
5777717.5
5841848.75
5507998.75
4763206.25
2470286.25
2363850.0
2257213.75
1053098.75
2425278.75
2488706.25
2475236.25
1284025.0
2889111.25
3013141.25
2946452.5
1977451.25
4383497.5
4475871.25
4830556.25
4728456.25
2101466.25
2155347.5
2227977.5
1177446.25
2204158.75
2219026.25
2327322.5
1381307.5
2469861.25
2536942.5
2768387.5
2059898.75
3351178.75
3498146.25
4169927.5
4289600.0
2018727.5
2034376.25
2142740.0
1252526.25
2093872.5
2116556.25
2246753.75
1452933.75
2383555.0
2401621.25
2604820.0
2080062.5
3161833.75
3191691.25
3723403.75
4270923.75
2033040.0
2004650.0
2068351.25
1324425.0
2089236.25
2102872.5
2156715.0
1507762.5
2369906.25
2328906.25
2478565.0
2115916.25
2870428.75
2942211.25
3247467.5
3858878.75
2645487.5
2484200.0
728925.0
650537.5
2853337.5
2640787.5
785950.0
692612.5
3538550.0
3394012.5
1097937.5
810862.5
6448387.5
6553575.0
6346775.0
7122687.5
2260150.0
2289950.0
835037.5
660537.5
2422937.5
2457537.5
945412.5
702837.5
2822962.5
2889712.5
1400912.5
830600.0
4413375.0
4653487.5
5519525.0
6360050.0
2169737.5
2152937.5
1040187.5
671362.5
2257500.0
2278387.5
1173687.5
715887.5
2630200.0
2644487.5
1690712.5
860800.0
3741662.5
3820550.0
4587662.5
5764400.0
2045125.0
2054962.5
1209225.0
679525.0
2147712.5
2137750.0
1361187.5
717887.5
2451837.5
2465975.0
1885900.0
886487.5
3419025.0
3436637.5
3991075.0
5245425.0
1860025.0
1861087.5
1335925.0
671037.5
1946100.0
1952350.0
1470237.5
713325.0
2255750.0
2269725.0
1917662.5
892600.0
3096475.0
3066900.0
3483750.0
4572437.5
1520566.125
1523111.875
1472347.125
1372079.625
1567581.875
1552290.0
1512536.125
1418156.125
1782024.625
1691025.625
1738116.875
1724115.625
2266638.5
2200887.5
2346268.0
2463872.75
1332508.25
1413943.375
1394307.0
1350045.5
1330096.0
1368326.5
1509798.25
1447897.875
1475146.75
1455491.625
1568780.25
1592549.875
1718319.25
1824114.125
2235040.0
2286119.5
1329151.875
1250557.75
1366561.0
1356323.875
1287478.75
1322815.375
1393585.5
1449574.75
1468504.75
1387847.25
1534897.75
1635449.75
1625418.5
1659549.125
1835390.25
2102770.0
1254382.25
1255720.0
1326731.375
1332804.25
1315689.75
1386232.75
1340897.25
1362875.875
1335189.875
1382325.625
1445931.125
1475509.625
1526012.875
1587486.75
1722048.875
2025774.0
1229374.0
1227755.25
1271609.125
1286497.625
1310402.375
1281188.625
1312896.375
1321529.5
1325096.75
1301754.75
1344921.0
1547382.75
1364050.0
1376516.125
1491601.0
1768972.75
2843507.5
2744678.75
2107430.0
939570.0
3010627.5
2957718.75
2259702.5
1167956.25
3370413.75
3421670.0
2829206.25
1816272.5
5983763.75
5785802.5
5482133.75
4658827.5
2115540.0
2215730.0
2079946.25
1055581.25
2167631.25
2300322.5
2218842.5
1281301.25
2580477.5
2659825.0
2633320.0
1919252.5
3546557.5
3787978.75
4229356.25
4438037.5
1980521.25
1986840.0
2049970.0
1139191.25
2022340.0
2062988.75
2146190.0
1329005.0
2278492.5
2344338.75
2513841.25
1960780.0
3146348.75
3217878.75
3660141.25
4322317.5
1862710.0
1870991.25
1928628.75
1220731.25
1907571.25
1977303.75
2035386.25
1392750.0
2162435.0
2192196.25
2339506.25
1978668.75
2914272.5
2867966.25
3309165.0
3917711.25
1772842.5
1769756.25
1823643.75
1245636.25
1865795.0
1839418.75
1952557.5
1444283.75
2144206.25
2128590.0
2244908.75
1974082.5
2659320.0
2663856.25
2917592.5
3454977.5
2600312.5
2449712.5
733987.5
645962.5
2806750.0
2626975.0
807637.5
687237.5
3388337.5
3227012.5
1124887.5
812725.0
7009787.5
7018625.0
6498625.0
7021537.5
2143550.0
2180850.0
848150.0
654775.0
2247875.0
2294487.5
954187.5
699637.5
2641312.5
2700362.5
1409800.0
825400.0
4081062.5
4300337.5
4945612.5
6042300.0
2042325.0
2061750.0
1012512.5
657587.5
2113187.5
2129650.0
1148212.5
699475.0
2450787.5
2475075.0
1653662.5
847412.5
3527412.5
3598737.5
4179412.5
5340750.0
1921075.0
1931437.5
1172062.5
656037.5
1985825.0
1997487.5
1320112.5
706062.5
2292875.0
2281575.0
1800212.5
860387.5
3230562.5
3249137.5
3656625.0
4755925.0
1720812.5
1727162.5
1271800.0
655287.5
1764300.0
1797587.5
1401862.5
708837.5
2081500.0
2087000.0
1797950.0
877525.0
2948325.0
2945637.5
3231575.0
4161412.5
1450095.125
1446737.75
1401200.875
1216418.375
1445187.5
1449627.0
1510760.75
1368322.25
1562818.375
1636392.0
1619607.25
1609588.875
2065125.125
2243017.125
2193352.625
2485478.75
1269281.625
1295459.875
1307161.25
1260359.375
1377911.25
1279826.125
1394128.875
1295782.5
1463615.625
1378320.875
1598203.625
1548367.25
1721485.625
1761334.875
2083487.625
2226031.75
1201078.125
1305719.125
1301001.375
1235724.25
1279633.0
1254568.375
1328348.0
1352360.0
1432889.25
1426605.125
1409747.875
1496429.375
1545658.375
1563231.625
1796461.625
2071157.375
1285493.0
1200584.375
1330028.75
1194689.875
1243006.625
1228060.125
1319334.375
1288543.75
1351473.375
1303927.375
1371372.875
1493852.5
1528303.75
1485372.875
1615455.125
1943906.625
1175417.875
1179949.875
1202213.25
1198372.0
1211558.25
1273047.75
1346724.75
1255936.125
1317995.75
1287421.875
1374774.0
1351892.125
1333592.0
1376592.25
1398490.875
1744850.75
2450036.25
2372633.75
1861781.25
888161.25
2580216.25
2513453.75
2007427.5
1089388.75
3141777.5
2975846.25
2586351.25
1718365.0
5367513.75
5427047.5
5190502.5
4642521.25
1895508.75
1947008.75
1882602.5
1010213.75
2007585.0
2029465.0
1984091.25
1200791.25
2384781.25
2448382.5
2503261.25
1840193.75
3380982.5
3497491.25
4074162.5
4265042.5
1782561.25
1788178.75
1860255.0
1102383.75
1885772.5
1908478.75
1974926.25
1278092.5
2195141.25
2220980.0
2356612.5
1876323.75
2984860.0
3089041.25
3579931.25
4025172.5
1644237.5
1697990.0
1791205.0
1124751.25
1771613.75
1784717.5
1912573.75
1333635.0
2076045.0
2072446.25
2241253.75
1891798.75
2791196.25
2907633.75
3173525.0
3673518.75
1650631.25
1635662.5
1703852.5
1193140.0
1753742.5
1728463.75
1784120.0
1375125.0
2054325.0
2038772.5
2118647.5
1872163.75
2575060.0
2622053.75
2877198.75
3352586.25
2146187.5
2059800.0
703100.0
621587.5
2332275.0
2208537.5
773337.5
662750.0
2953025.0
2881087.5
1105962.5
790312.5
6364637.5
6531850.0
6244537.5
6857300.0
1882125.0
1893075.0
817037.5
623575.0
1989712.5
2021900.0
916537.5
670750.0
2444387.5
2496937.5
1346975.0
800525.0
3733900.0
3995362.5
4663100.0
5853812.5
1837425.0
1832925.0
972600.0
631675.0
1947825.0
1963437.5
1101862.5
672700.0
2280075.0
2341812.5
1588350.0
836512.5
3420850.0
3452562.5
4000087.5
5160012.5
1680450.0
1697662.5
1108612.5
636387.5
1815900.0
1819700.0
1235900.0
679650.0
2174400.0
2167150.0
1710937.5
843262.5
3155762.5
3083237.5
3578187.5
4611725.0
1539562.5
1544025.0
1171650.0
642350.0
1635675.0
1646175.0
1295425.0
0.0
1986262.5
1995212.5
1723150.0
864675.0
2879912.5
2907575.0
3140912.5
4017087.5
924052.0
944139.75
988907.75
959139.25
975463.875
993664.375
1047158.0
1014033.125
1089369.375
1135767.375
1203104.375
1212493.25
1353208.125
1315097.5
1593362.0
1853279.625
885082.875
893436.875
973962.0
935353.625
924650.125
930587.75
1011165.25
1009380.25
1032702.375
1045337.25
1159895.75
1219024.0
1216188.0
1231278.625
1460175.875
1847159.125
849919.75
858457.0
908183.25
938055.75
900618.75
895864.125
960885.25
985722.375
998378.625
1019700.875
1073842.125
1165035.125
1161647.75
1140669.125
1324321.75
1663021.5
818819.0
824650.25
879755.125
894138.25
899225.125
864802.125
902549.25
952648.25
985731.0
957890.375
1014210.25
1110354.5
1134372.75
1101790.125
1209106.75
1457563.125
0.0
0.0
0.0
0.0
0.0
0.0
0.0
0.0
0.0
0.0
0.0
0.0
0.0
0.0
0.0
0.0
1222992.5
1254928.75
1181172.5
741331.25
1341468.75
1354395.0
1316797.5
888010.0
1644043.75
1661041.25
1738470.0
1395731.25
2205351.25
2310372.5
2979942.5
3563283.75
1169013.75
1177822.5
1190642.5
790312.5
1261407.5
1279043.75
1297978.75
941465.0
1535096.25
1548361.25
1660271.25
1451591.25
1982635.0
2011677.5
2463218.75
3126771.25
1109523.75
1118265.0
1151516.25
842173.75
1201320.0
1212272.5
1275472.5
976073.75
1458731.25
1481471.25
1566857.5
1442453.75
1880975.0
1885360.0
2187282.5
2817272.5
1056998.75
1051223.75
1078110.0
841278.75
1145015.0
1157285.0
1206021.25
981850.0
1386403.75
1387918.75
1461107.5
1403036.25
1767235.0
1769971.25
1947076.25
2561361.25
0.0
0.0
0.0
0.0
0.0
0.0
0.0
0.0
0.0
0.0
0.0
0.0
0.0
0.0
0.0
0.0
1122200.0
1098275.0
493212.5
489150.0
1262825.0
1221900.0
569000.0
541100.0
1616950.0
1618825.0
932712.5
720212.5
2370912.5
2486962.5
3234562.5
4455125.0
1137325.0
1121425.0
552237.5
482625.0
1257850.0
1253025.0
661487.5
541300.0
1565875.0
1573812.5
1077937.5
725250.0
2103762.5
2140637.5
2659362.5
3784550.0
1103212.5
1098537.5
632275.0
480550.0
1211150.0
1209412.5
743662.5
536362.5
1509787.5
1507337.5
1154537.5
741225.0
1990562.5
1998987.5
2328512.5
3283987.5
1000200.0
996075.0
674050.0
467050.0
1105187.5
1108600.0
792250.0
516112.5
1360175.0
1405175.0
1169450.0
736262.5
1868625.0
1870950.0
2080675.0
2850700.0
0.0
0.0
0.0
0.0
0.0
0.0
0.0
0.0
0.0
0.0
0.0
0.0
0.0
0.0
0.0
0.0
1642228.020833333
1643269.9791666667
1512219.5
815025.0625
1686238.5416666667
1431571.9375
1565119.8125
937565.8958333334
1930961.270833333
1824318.8125
1719664.875
1535105.958333333
1953192.5
2378703.354166666
2325901.0208333335
2424918.6458333335
1428124.625
1459109.645833333
1529903.645833333
1040606.8541666666
1464758.958333333
1269455.145833333
1518215.6041666667
1204933.9375
1583573.958333333
1608751.520833333
1687686.708333333
1578403.3125
2019494.625
1851103.270833333
2192290.0
2010782.7916666667
1378820.75
1380174.375
1457195.5625
1117241.8125
1202252.375
1404236.5625
1492017.7291666667
1288795.0
1501221.0
1526591.3541666667
1639638.0416666667
1568461.0625
1944816.7916666667
1880534.6666666667
2077517.5
2208333.8958333335
1400197.25
1379566.625
1419464.4375
1200092.0
1441155.583333333
1423056.645833333
1445527.145833333
1332909.0
1556202.25
1514097.083333333
1582866.645833333
1640239.645833333
1742150.5416666667
1744307.0416666667
1916299.2916666667
2142726.0833333335
1369428.875
1163001.875
1406925.25
1228999.333333333
1387018.333333333
1225821.708333333
1452441.020833333
1324429.0625
1484166.520833333
1483900.9375
1528765.5
1483849.3541666667
1575865.770833333
1551677.3541666667
1809106.645833333
2002132.4166666667
2318255.2083333335
2238800.625
1537871.0416666665
478172.5
2996218.958333333
2967932.5
1775585.625
575712.9166666666
3593796.041666667
3459944.375
2559084.1666666665
1022179.5833333333
5586027.708333334
5554603.333333334
5162925.208333333
3918391.458333333
1864722.9166666665
2316791.25
1842308.333333333
444650.0
2389130.625
2443743.75
2029542.5
644110.625
2262271.4583333335
2807467.083333333
2632172.291666667
1171811.6666666667
4174306.875
4319175.625
4661027.5
3990524.166666667
2064054.375
2089290.625
1942230.625
594084.375
2136161.25
1861368.75
2082824.583333333
718368.75
2440127.7083333335
2478935.0
2124435.833333333
1301960.2083333333
3372876.25
3472601.041666667
4063746.666666667
3979795.833333333
1951088.958333333
1970823.75
1957874.1666666665
543200.8333333334
2022855.0
2033412.2916666665
2068688.75
665050.2083333333
2293845.4166666665
2330348.3333333335
2457572.2916666665
1423410.208333333
3097606.875
3132907.916666667
3624473.333333333
3861387.916666667
1885666.875
1895664.375
1921548.333333333
707298.3333333333
1976028.5416666665
1975774.375
2014817.5
863550.2083333333
2235007.2916666665
2237431.6666666665
2337140.625
1546421.0416666665
2833928.75
2868472.083333333
3215800.0
3700100.625
2270827.083333333
1639918.75
294497.9166666666
307247.9166666666
2413389.583333333
2215270.833333333
321664.5833333334
323289.5833333334
2460270.833333333
2828475.0
583052.0833333333
327441.6666666666
6296431.25
5055600.0
6046179.166666666
6551245.833333334
2120814.583333333
2094764.5833333333
424220.8333333333
312197.9166666666
2216529.166666667
2201337.5
490366.6666666667
332543.75
2208220.833333333
2694197.916666667
783729.1666666667
340910.4166666666
4314720.833333334
3789806.25
5195350.0
6007662.5
2073202.0833333333
2068608.3333333333
544214.5833333333
315397.9166666666
2165179.166666667
2168652.083333333
516675.0
337039.5833333334
2511737.5
2533033.333333333
1046077.0833333334
413872.9166666667
3636479.1666666665
3723918.75
4475754.166666666
5491345.833333334
1971504.1666666667
1989900.0
696241.6666666667
318270.8333333334
2058704.1666666667
1721035.4166666667
832550.0
340939.5833333334
2371070.833333333
2381350.0
1337591.6666666665
430012.5
3320556.25
3352897.9166666665
3892489.5833333335
4980406.25
1793133.3333333333
1794743.75
868383.3333333334
322868.75
1869329.1666666667
1880937.5
1029677.0833333334
347233.3333333334
2173110.416666667
2175116.666666667
1551316.6666666665
453293.75
3024552.083333333
3035627.083333333
3396120.8333333335
3731670.8333333335
1475219.4791666667
1485966.125
1400246.6875
936350.1458333334
1309392.1666666667
1311553.6666666667
1431586.2291666667
1137129.375
1682176.9166666667
1659310.583333333
1642770.3125
1486292.75
2180076.3333333335
2205559.25
2196958.4166666665
2262700.791666666
1269106.1041666667
1302523.333333333
1351177.2916666667
1029576.5
1300612.3125
1309702.2916666667
1383289.25
980993.8541666666
1396571.5
1419143.020833333
1519668.645833333
1490792.9791666667
1683836.7291666667
1803152.8125
1971079.5625
2212934.6666666665
1217971.1875
1236402.75
1118307.9166666667
1135478.25
1228435.9375
1247102.9375
1103228.375
1037910.1875
1338425.8125
1343765.9375
1436900.3541666667
1471821.25
1586017.2291666667
1596420.3541666667
1789758.6041666667
1776416.9791666667
1211593.375
1257874.5416666667
1128433.9791666667
1148214.375
1092849.25
1233086.8125
1300027.6875
1060701.875
1308896.375
1328552.5
1364793.270833333
1207953.208333333
1557472.7916666667
1455313.5625
1622096.7291666667
1986865.5
1207828.145833333
1192030.0625
1230101.395833333
1189134.395833333
1241909.6666666667
1229260.8125
1273506.395833333
1225955.8541666667
1278718.333333333
1281929.958333333
1310659.020833333
1347871.520833333
1318969.6666666667
1349739.083333333
1463237.333333333
1697490.520833333
2712063.125
2642454.166666667
1512040.208333333
476038.125
2787580.0
2774260.416666667
1453037.9166666665
574138.125
3267449.375
2691328.958333333
2447432.7083333335
1013481.0416666667
5647804.583333334
5541898.75
5096102.708333333
3870351.458333333
2080725.208333333
1802557.708333333
1750225.208333333
523686.25
2172423.75
2213346.0416666665
1907118.5416666665
644709.5833333334
2480858.125
2528315.625
2414813.75
1149003.3333333333
3566383.333333333
3158717.708333333
4163040.833333333
3837443.333333333
1615018.333333333
1941171.25
1835313.5416666665
579915.0
1961037.9166666665
1989968.125
1630002.083333333
706812.7083333333
2228414.375
1910696.6666666665
2342320.625
1283482.5
2711371.666666667
3134926.458333333
3612470.208333333
3739214.583333333
1548616.458333333
1798225.625
1825742.5
638403.3333333334
1831449.375
1876714.375
1914387.9166666665
787036.4583333333
2101901.458333333
2112629.583333333
2231501.6666666665
1155983.125
2843274.791666667
2867655.416666667
2800531.25
3556781.458333333
1731077.5
1696764.1666666665
1472005.4166666665
580915.625
1780237.083333333
1786462.708333333
1828956.458333333
858135.0
2036358.333333333
2026950.208333333
2109149.1666666665
1491786.875
2615819.375
2647834.791666667
2503727.2916666665
3305133.333333333
2237256.25
2046272.9166666667
354625.0
306595.8333333334
2374056.25
2201758.333333333
327491.6666666666
324841.6666666666
3037968.75
2296931.25
603416.6666666667
386718.75
6869337.5
6647283.333333333
6171343.75
6511025.0
2016425.0
1999583.3333333333
352031.25
308141.6666666666
1746564.5833333333
2095112.5
496802.0833333333
329293.75
2508091.666666667
2508110.416666667
804108.3333333333
398968.75
3973206.25
4141722.9166666665
4738543.75
5626368.75
1968950.0
1970958.3333333333
542885.4166666667
311527.0833333334
2037162.5
2043602.0833333333
519872.9166666667
333477.0833333334
2360985.416666667
2376320.833333333
1055287.5
337587.5
3451833.3333333335
3513622.9166666665
4052043.75
5031341.666666666
1843162.5
1858414.5833333333
687393.75
314060.4166666666
1915970.8333333333
1918027.0833333333
663202.0833333333
338270.8333333334
2201368.75
1873866.6666666667
1311612.5
360235.4166666666
3174839.583333333
3190622.916666667
3573466.6666666665
3884483.3333333335
1668841.6666666667
1431939.5833333333
849400.0
317906.25
1724556.25
1473360.4166666665
805704.1666666667
343581.25
2010302.0833333333
1715539.5833333333
1491822.9166666665
440300.0
2890556.25
2470991.666666667
3171272.916666667
4022975.0
1375964.5625
1381064.375
1300746.375
855772.7916666666
1399511.958333333
1431497.083333333
1339422.2916666667
1013219.4583333334
1544327.1666666667
1532360.1041666667
1522101.5416666667
1412546.4166666667
2073673.3125
2072230.395833333
2340126.9375
2302619.6875
1189768.125
1220501.270833333
1242071.9375
948730.1041666666
1227408.7291666667
1275390.6041666667
1341885.458333333
1095607.8125
1331509.333333333
1158436.208333333
1229283.6041666667
1394578.9166666667
1616010.9791666667
1684120.770833333
1940118.520833333
2127904.5
1171833.145833333
1157530.5416666667
1084934.0625
1010213.6666666666
1209587.8125
1179694.1666666667
1109659.7916666667
1129791.708333333
1162205.5
1329170.520833333
1231399.6666666667
1193426.2916666667
1556654.583333333
1373311.2916666667
1735009.7916666667
1712936.8125
1144926.8541666667
1142328.5416666667
1169598.625
1046987.25
1205425.895833333
1180498.083333333
1242440.270833333
1165245.125
1309748.625
1244583.583333333
1191883.0625
1371759.270833333
1430032.0
1274456.6875
1395483.270833333
1993031.395833333
1136439.9166666667
1120008.125
1137213.5
1088187.1875
1203641.625
1199738.833333333
1166853.145833333
1139884.9791666667
1251190.2916666667
1228356.875
1330154.875
1315475.2916666667
1184375.4166666667
1342713.9791666667
1391585.083333333
1707496.2916666667
2301766.0416666665
2327503.125
1129835.4166666667
450152.2916666666
2358126.25
2443056.4583333335
1638461.0416666665
553062.0833333334
2957717.708333333
2916953.75
2283509.375
1001415.2083333333
5242855.0
5293275.833333334
4906220.208333333
3772470.833333333
1846881.0416666665
1887193.958333333
1618776.25
509221.25
1925536.25
1652826.875
1768062.5
517213.5416666666
2310724.1666666665
2352347.2916666665
2262856.875
1122189.375
3364184.166666667
3465735.416666667
3950409.166666667
3725068.75
1727695.4166666665
1748415.4166666665
1417921.875
566649.7916666666
1819273.125
1826797.708333333
1797305.208333333
565948.125
2121523.958333333
1838651.458333333
2211128.5416666665
1245078.5416666667
3009861.041666667
3042375.208333333
3478247.916666667
3661599.166666667
1623485.4166666665
1622629.375
1647322.708333333
623041.25
1712635.208333333
1716173.75
1746498.5416666665
634972.5
2007436.25
2010911.875
2101082.5
1362487.083333333
2773834.791666667
2796323.958333333
3116250.416666667
3474588.333333333
1562488.75
1557085.833333333
1581107.9166666665
669180.4166666667
1652988.75
1403041.458333333
1676390.833333333
822096.6666666667
1641316.875
1940541.458333333
2004524.1666666665
1445022.2916666665
2576113.9583333335
2586778.9583333335
2445861.25
3214528.75
1891018.75
1769616.6666666667
342006.25
292914.5833333334
2038379.1666666667
1915339.5833333333
383922.9166666666
313054.1666666666
2650012.5
2513547.916666667
586341.6666666667
379837.5
6242845.833333334
6159927.083333334
5931285.416666666
6342914.583333334
1768750.0
1763237.5
339406.25
296987.5
1886575.0
1867483.3333333333
487589.5833333333
318918.75
2312252.083333333
2323635.416666667
785643.75
392470.8333333334
3777147.9166666665
3299620.8333333335
4500175.0
5464720.833333334
1756412.5
1748606.25
524756.25
300220.8333333334
1855075.0
1855966.6666666667
626406.25
324041.6666666666
2224570.833333333
2234972.916666667
1025016.6666666666
407925.0
2926825.0
3378164.5833333335
3893354.1666666665
4915681.25
1638197.9166666665
1631202.0833333333
663185.4166666667
304085.4166666666
1461914.5833333333
1734706.25
791925.0
282583.3333333334
2086641.6666666667
2097052.0833333333
1269218.75
424172.9166666667
3064250.0
3092708.333333333
3458927.0833333335
4410204.166666666
1480545.8333333333
1484656.25
810533.3333333333
308931.25
1575797.9166666665
1574935.4166666665
953200.0
334814.5833333334
1912927.0833333333
1917418.75
1194008.3333333333
443075.0
2814050.0
2796362.5
3069222.916666667
3883093.75
867538.1458333334
880011.0416666666
919703.75
563076.3125
907558.3541666666
928640.1875
699294.6666666666
790246.6875
1030132.6041666666
864116.7083333334
1131632.270833333
906233.6666666666
1275063.0625
1245505.1875
1553463.25
1758971.770833333
821281.375
839508.2291666666
892058.5416666666
734726.3125
873449.2291666666
873654.9791666666
934765.7916666666
835297.6041666666
977473.7708333334
987047.3333333334
1060097.2708333333
1101618.2083333333
968507.9375
1164405.0416666667
1329180.395833333
1610423.1041666667
812256.2708333334
805877.2083333334
626490.3125
767842.1041666666
844599.4166666666
559390.3958333334
887983.375
857184.25
952033.9583333334
959833.8958333334
1015886.5
1051061.8541666667
1068722.4375
1109531.4375
1291838.4375
1545891.8125
768707.8333333334
773786.5625
821394.4166666666
776669.3125
819071.7916666666
819648.8333333334
852927.4791666666
845799.6458333334
912240.7083333334
919919.1458333334
963139.8333333334
1011728.7708333334
1027471.8333333334
1076281.25
1111623.6875
1489243.1666666667
769481.1875
755836.1875
0.0
776337.625
811419.3125
794980.40625
0.0
833772.34375
898188.5625
877186.40625
917817.625
975051.5625
995234.5
1058582.78125
1097484.84375
0.0
1123242.7083333333
657725.0
677160.4166666667
317621.25
1215177.2916666667
1236060.0
1087058.5416666667
484843.125
1463028.125
1494085.0
1488020.625
900082.0833333333
1972944.1666666665
2066641.875
2713743.125
3009372.291666667
1065847.7083333333
1071593.75
1015835.8333333333
433979.7916666666
1151300.4166666667
1149705.0
748916.0416666667
537711.6666666666
1372655.833333333
1388880.833333333
1448596.875
992402.9166666667
1730261.25
1766705.208333333
2225999.7916666665
2767954.375
1023572.0833333333
1026226.4583333333
593280.0
474811.25
1109656.25
1112604.375
656521.0416666667
587428.9583333334
1328994.583333333
1327418.125
1393169.7916666665
1059580.0
1661222.9166666665
1660755.208333333
1356746.6666666665
2541785.625
978292.2916666667
986507.5
992261.6666666667
512672.5
1068626.875
1062380.625
1083040.4166666667
636114.375
1265852.5
1268137.5
1319431.875
1096496.25
1574432.2916666665
1583253.5416666665
1772649.7916666665
2317267.7083333335
960311.5625
959695.9375
0.0
0.0
1034864.6875
1032065.9375
1050824.0625
678305.0
1230263.75
493532.1875
1270996.5625
0.0
755640.9375
0.0
1637452.1875
1423629.6875
972689.5833333334
932625.0
252210.4166666666
232152.08333333334
1084043.75
1045964.5833333334
236006.25
260541.6666666666
1404602.0833333333
1390372.9166666665
525975.0
358941.6666666666
2076643.75
2191816.666666667
2954550.0
4143247.9166666665
1018731.25
1002047.9166666666
300866.6666666666
234047.9166666666
1115525.0
1105785.4166666665
369025.0
260556.25
1382641.6666666665
1384752.0833333333
674327.0833333333
370462.5
1809564.5833333333
1843758.3333333333
2356364.583333333
3439585.4166666665
997064.5833333334
991239.5833333334
360545.8333333334
230862.5
1094583.3333333335
1089329.1666666665
447472.9166666667
259972.9166666666
1348091.6666666665
1341518.75
814991.6666666667
377856.25
1728137.5
1740550.0
2074250.0
2999912.5
522254.1666666667
916347.9166666666
335556.25
227383.33333333334
1010850.0
1014120.8333333334
534047.9166666667
256039.58333333334
1261627.0833333333
1265270.8333333333
919339.5833333334
384189.5833333334
1640843.75
1650287.5
1854445.8333333333
2612975.0
861353.125
862534.375
499390.625
154156.25
372196.875
954434.375
612075.0
0.0
0.0
0.0
482956.25
274100.0
1584212.5
1582784.375
1038921.875
2335381.25
1583327.5357142857
1580914.6666666663
1423975.7261904762
555796.130952381
1642923.7261904762
1652346.511904762
1510886.5595238092
661874.5
1828525.8809523806
1274004.6785714286
1758686.142857143
1106600.0714285714
2390103.6904761908
2399228.8571428573
2462405.4285714286
2168306.4285714286
1412991.1666666663
1426880.2738095236
1002935.5714285715
622049.7380952381
1432162.7142857143
1441491.511904762
1475288.3333333335
759942.3452380953
1620943.595238095
1672263.345238095
1717117.8809523806
1207523.107142857
2056045.952380952
2079162.6547619049
2317972.285714286
1570778.1666666663
1355794.9880952376
1369136.4166666663
1485670.9166666663
468057.0833333334
1423464.6309523806
1428998.0
1472186.9047619049
830437.8333333331
1529993.6785714286
1564982.4880952376
1669985.857142857
1338550.25
1960352.2976190478
2033512.0714285714
2157703.3333333335
2320557.0
920761.2619047618
1360147.7261904762
1426983.761904762
738169.4880952381
1441248.6190476192
1407433.9285714286
1460114.6547619049
877835.9285714285
1531236.2976190478
1542370.845238095
1617886.107142857
1383428.6309523806
1837247.1547619049
1845340.9880952376
1998566.011904762
2155352.035714286
1362027.2857142857
1384143.0357142857
1350419.345238095
790079.4047619046
1388709.2261904762
1470978.4166666663
1417129.5238095236
942505.0833333331
1502561.9285714286
1505653.202380952
1113798.226190476
1391821.607142857
1752108.5
1735779.0476190478
1804016.6785714286
2098596.5476190476
2610567.7380952383
2517156.9047619044
900264.7619047618
264297.9761904762
2721632.2619047617
2689957.7380952383
1110172.0238095238
321849.04761904763
3279783.6904761908
3250656.0714285714
1347098.3333333335
576489.5238095239
5392320.714285715
3570352.9761904767
4790603.333333334
3025639.8809523806
2141921.4285714286
2211205.5952380956
1241736.7857142857
297503.21428571426
2194768.333333333
2276078.214285714
1503407.619047619
262505.8333333334
2610054.4047619044
2620898.4523809524
2280337.5
656958.5714285715
3877192.9761904767
4115548.8095238092
4418015.595238095
3188434.5238095233
1985991.6666666667
2012066.3095238097
1588710.119047619
331411.9047619048
2073145.2380952383
2078415.5952380954
1796699.642857143
406451.4285714286
2356352.619047619
1616284.4047619046
2347877.2619047617
739505.5952380953
3253488.8095238092
2456840.476190476
3964999.4047619053
3319810.952380952
1894769.523809524
1907173.5714285714
1765651.9047619046
363557.0238095238
1966465.119047619
1402325.5952380951
1887431.1904761903
447756.0714285714
2221364.4047619044
2243596.1904761903
2299211.5476190476
826806.6666666666
3034531.785714286
3052895.4761904767
3495954.8809523806
3342339.047619048
1806655.7142857143
1814910.2380952383
1777153.5714285714
292069.04761904763
1875800.119047619
1328392.857142857
1874495.8333333333
489702.619047619
2131990.0
2125570.714285714
2201864.523809524
643234.4047619047
2743571.1904761903
1972512.142857143
2164755.2380952383
3239399.1666666665
0.0
0.0
0.0
0.0
0.0
0.0
0.0
0.0
0.0
0.0
0.0
0.0
0.0
0.0
0.0
0.0
0.0
0.0
0.0
0.0
0.0
0.0
0.0
0.0
0.0
0.0
0.0
0.0
0.0
0.0
0.0
0.0
0.0
0.0
0.0
0.0
0.0
0.0
0.0
0.0
0.0
0.0
0.0
0.0
0.0
0.0
0.0
0.0
0.0
0.0
0.0
0.0
0.0
0.0
0.0
0.0
0.0
0.0
0.0
0.0
0.0
0.0
0.0
0.0
0.0
0.0
0.0
0.0
0.0
0.0
0.0
0.0
0.0
0.0
0.0
0.0
0.0
0.0
0.0
0.0
1495874.6666666663
1532019.4880952376
1337809.75
369640.54761904763
1567222.25
1520297.952380952
1410534.4642857143
657559.9642857143
1745463.4642857143
1639195.2142857143
1604297.4047619049
1092416.9523809524
2420991.964285714
2333611.6309523806
2432677.5952380956
2208743.714285714
1290879.6190476192
1306026.5833333335
1333827.4761904762
617844.5357142857
949724.1666666667
1319721.6785714286
1367653.7857142857
737252.4166666667
1434782.7857142857
1050780.630952381
1564070.3214285714
1225864.0714285714
1762158.607142857
1310893.6666666663
1508015.6547619049
2116849.4166666665
1266623.761904762
1307227.0357142857
938247.0714285715
671096.6904761903
1246786.857142857
1262737.5
1362608.845238095
790049.4285714285
1306530.8214285714
1352474.2261904762
1474824.8333333335
1240850.7142857143
1622256.607142857
1653640.6666666663
1318817.702380952
2180100.6904761908
1201502.5357142857
879736.8571428572
1282566.9285714286
741790.8928571428
1251673.1547619049
897581.7976190475
1286714.761904762
870135.6785714285
1297467.1309523806
1359638.2261904762
1016471.5
1311441.1309523806
1485343.857142857
1516329.0833333335
1734385.9166666663
1479898.7142857143
1221484.3333333335
1199435.7261904762
1230250.7976190478
525174.3571428572
1261002.6785714286
1205834.6190476192
1233778.8452380951
936834.3571428572
1286823.6666666663
1365053.0833333335
967030.25
1328337.2142857143
1496615.8214285714
1461763.1309523806
1228671.2976190478
1884971.7261904762
1725853.0952380954
2495034.4047619044
630622.9761904761
264210.71428571426
2630255.0
2586742.1428571427
1111273.9285714286
322402.0238095238
3105220.5952380947
3072364.761904762
1969658.0952380954
573892.1428571428
5528967.5
5503828.333333334
4922442.380952381
3074316.9047619053
1992493.5714285714
2037258.8095238097
1241217.738095238
294946.1904761905
2057207.142857143
2101035.476190476
997858.2142857143
360430.35714285716
1672740.9523809527
2425183.6904761903
2169511.785714286
466470.71428571426
2533369.166666667
3545351.6666666665
4001000.4761904767
2260431.5476190476
1862943.4523809527
1898627.5
1542812.142857143
327627.0238095238
1915848.5714285714
1940192.857142857
1215050.238095238
400847.85714285716
2150568.5714285714
2201418.8095238097
2178861.1904761903
732358.6904761904
3009330.714285714
3042289.8809523806
3486684.1666666665
3177137.5
1761829.642857143
1778855.7142857143
1681772.857142857
358331.1904761905
1817289.523809524
1834930.7142857143
1771803.5714285714
315615.4761904762
1462227.9761904762
2044211.4285714286
2104398.6904761903
815896.3095238095
2775173.0952380956
2090748.8095238097
3166500.5952380947
3134815.0
1167061.7857142857
1658483.0952380954
1658497.2619047617
393617.14285714284
1717504.4047619046
1724021.9047619046
1731970.5952380954
354737.14285714284
1943218.4523809527
1947845.7142857143
2021567.2619047617
899552.8571428572
1887320.357142857
2591178.214285714
2840381.666666667
3082034.285714286
0.0
0.0
0.0
0.0
0.0
0.0
0.0
0.0
0.0
0.0
0.0
0.0
0.0
0.0
0.0
0.0
0.0
0.0
0.0
0.0
0.0
0.0
0.0
0.0
0.0
0.0
0.0
0.0
0.0
0.0
0.0
0.0
0.0
0.0
0.0
0.0
0.0
0.0
0.0
0.0
0.0
0.0
0.0
0.0
0.0
0.0
0.0
0.0
0.0
0.0
0.0
0.0
0.0
0.0
0.0
0.0
0.0
0.0
0.0
0.0
0.0
0.0
0.0
0.0
0.0
0.0
0.0
0.0
0.0
0.0
0.0
0.0
0.0
0.0
0.0
0.0
0.0
0.0
0.0
0.0
969177.2738095239
1393912.1309523806
1333771.892857143
512492.9285714286
1444076.3214285714
997423.1785714285
1365606.1190476192
604687.5238095239
1616166.345238095
1656332.6309523806
1577045.7380952376
1005484.0595238096
2344198.0952380947
2388627.535714286
2332974.6904761908
2062381.0714285714
1218493.4047619049
1235699.4761904762
1310305.892857143
560867.4404761905
1257589.25
1323204.5595238092
1282967.5476190478
683192.8333333331
1381378.8690476192
1458867.5714285714
1510023.3809523806
1079881.25
1699870.345238095
1724365.0714285714
1985512.7857142857
2153936.154761905
850382.476190476
1172596.2857142857
875360.8452380953
621411.0238095239
1276432.8809523808
1210807.8095238095
906973.7857142857
753325.630952381
1347062.2976190478
1339013.8214285714
1046655.0357142857
1177494.226190476
1615972.357142857
1571234.0
1849478.9404761905
2036971.642857143
1178279.25
1179485.0952380954
1215296.0595238095
675749.1190476188
1180860.107142857
1180324.107142857
890982.4523809524
806781.226190476
1297956.9285714286
1274832.5714285714
1392084.511904762
1252577.5595238095
1466762.5595238092
1455690.5595238092
1180294.0
1972043.2857142857
1150209.619047619
1142152.5238095238
1180744.1666666667
732892.6785714285
1212217.1309523808
1174839.7976190473
1200169.4285714286
864508.476190476
1307605.095238095
1295302.4642857143
948800.3452380953
1271070.2023809522
1460243.511904762
1427937.6666666663
1497311.3690476192
1725476.7738095236
2116616.5476190476
2110217.380952381
867645.1190476188
253543.57142857142
2272089.0476190476
2240946.5476190476
1062052.142857143
308905.71428571426
1913765.2380952383
2729385.2380952383
1868823.0952380954
560754.5238095239
5166456.428571428
5142899.047619048
4747948.928571428
3055999.6428571427
1738607.7380952383
1805887.7380952383
1175881.3095238095
282924.28571428574
1841422.2619047617
1877966.4285714286
966258.2142857143
347901.4285714286
2172611.9047619044
2235128.4523809524
2033586.1904761903
640362.1428571428
3266089.047619048
3372113.3333333335
3825762.1428571427
2275703.9285714286
1653545.5952380954
1663218.4523809527
1425322.261904762
316354.88095238095
1742758.0952380954
1755488.3333333333
1594534.1666666667
280892.38095238095
2032968.0952380954
2068861.6666666667
2058153.5714285714
718147.2619047619
2047578.5714285714
2922242.1428571427
3381451.0714285714
3138669.1666666665
1562405.7142857143
1560340.5952380954
1495142.9761904762
346723.3333333334
1636970.5952380954
1642668.0952380954
1612478.3333333333
428227.26190476184
1924452.619047619
1928454.2857142857
1977276.9047619046
552906.6666666667
2697464.4047619044
2733973.4523809524
3002772.1428571427
3133626.6666666665
1479340.5952380951
1482320.0
1468286.3095238095
377585.35714285716
1550535.5952380954
1566327.857142857
1568391.9047619046
469738.5714285714
1828643.4523809527
1839511.5476190473
1879822.380952381
881297.8571428572
2471694.166666667
2514013.4523809524
2687929.880952381
2961281.1904761903
0.0
0.0
0.0
0.0
0.0
0.0
0.0
0.0
0.0
0.0
0.0
0.0
0.0
0.0
0.0
0.0
0.0
0.0
0.0
0.0
0.0
0.0
0.0
0.0
0.0
0.0
0.0
0.0
0.0
0.0
0.0
0.0
0.0
0.0
0.0
0.0
0.0
0.0
0.0
0.0
0.0
0.0
0.0
0.0
0.0
0.0
0.0
0.0
0.0
0.0
0.0
0.0
0.0
0.0
0.0
0.0
0.0
0.0
0.0
0.0
0.0
0.0
0.0
0.0
0.0
0.0
0.0
0.0
0.0
0.0
0.0
0.0
0.0
0.0
0.0
0.0
0.0
0.0
0.0
0.0
784465.6190476188
796032.9285714285
811409.0595238096
403071.46428571426
833770.6547619046
856884.0952380953
483406.8452380952
320639.51190476195
569418.0
966687.0
1028628.6785714285
495812.20238095237
725883.75
1232679.5952380951
1612641.75
1560235.642857143
745160.6071428572
753339.6547619046
835474.6428571428
445768.60714285716
793597.4642857143
811782.4404761903
865582.0357142857
522484.46428571426
472067.3452380952
913171.0
984677.476190476
839697.8214285715
1051978.5357142857
1075218.9047619046
1307287.6666666663
1134853.0238095238
725166.7857142857
733845.1666666667
763158.6071428572
481981.28571428574
435335.25
772738.4523809524
801384.8690476188
570610.0476190477
927701.25
873136.7619047618
943346.7857142857
863656.3928571428
1031063.5119047618
1037654.5714285715
1179990.726190476
1521181.2976190478
713904.0
714231.2976190475
745179.75
521621.48809523805
753499.8452380953
423916.9047619048
778595.5238095239
608105.2738095239
848155.3690476188
846299.8452380953
550601.6666666666
894354.3214285715
983101.3095238096
978742.6071428572
748149.9523809524
1438542.7380952376
709894.5178571428
699953.1964285715
716097.8035714285
562398.9464285715
753609.875
0.0
764013.1071428572
656465.0714285715
833526.6964285715
838862.6428571428
0.0
367739.53571428574
957303.1607142857
542313.3214285715
567850.0357142857
1296744.3392857143
915055.238095238
932472.1428571428
377548.09523809527
217710.95238095237
997059.6428571428
1005726.5476190475
804840.476190476
273568.21428571426
1183810.8333333333
1208635.0
1187974.8809523808
520778.4523809524
1572580.476190476
1676631.4285714286
1441608.8095238095
2472135.476190476
860470.3571428572
872139.8809523808
798406.0714285715
243546.7857142857
937975.476190476
945965.3571428572
451098.9285714286
212476.9047619048
1117102.619047619
542940.119047619
1161445.9523809522
584100.7142857143
1356587.857142857
1380324.1666666665
1846445.7142857143
2332286.3095238097
419016.6666666667
842043.4523809523
829561.3095238095
267346.3095238095
918514.0476190475
921824.7619047618
912496.6666666666
335400.35714285716
540914.880952381
1098100.7142857143
1142425.476190476
649717.7380952381
1309886.4285714286
1319047.738095238
1602058.6904761903
1421609.1666666665
823488.8095238095
821836.7857142857
828028.0952380951
205938.0952380952
891417.6190476188
896581.0714285715
906326.5476190475
368854.28571428574
1065235.357142857
510287.97619047615
1101825.5952380951
708972.8571428572
1270292.619047619
1273350.476190476
831664.5238095237
1994210.2380952383
810426.7857142857
0.0
819153.75
0.0
0.0
0.0
891643.0357142857
398284.64285714284
1041592.6785714285
1046051.9642857143
0.0
761449.8214285715
0.0
1239305.5357142857
1362407.5
1850377.3214285714
0.0
0.0
0.0
0.0
0.0
0.0
0.0
0.0
0.0
0.0
0.0
0.0
0.0
0.0
0.0
0.0
0.0
0.0
0.0
0.0
0.0
0.0
0.0
0.0
0.0
0.0
0.0
0.0
0.0
0.0
0.0
0.0
0.0
0.0
0.0
0.0
0.0
0.0
0.0
0.0
0.0
0.0
0.0
0.0
0.0
0.0
0.0
0.0
0.0
0.0
0.0
0.0
0.0
0.0
0.0
0.0
0.0
0.0
0.0
0.0
0.0
0.0
0.0
0.0
0.0
0.0
0.0
0.0
0.0
0.0
0.0
0.0
0.0
0.0
0.0
0.0
0.0
0.0
0.0
0.0
