49488.0
35661.916675
27814.333325
21775.1416675
17569.7916675
14770.0583325
68183.083325
46492.583325
35170.666675
28570.333325
22917.3333325
19952.5833325
60969.083325
44564.166675
34600.333325
28513.25
23856.35
20748.6416675
48128.0
35679.916675
28498.75
24345.3666675
20866.3166675
18047.0083325
39012.166675
32067.833325
27185.416675
23622.775
20755.575
18914.45
32626.666675
26955.75
23258.5666675
20416.8833325
18314.375
16633.5916675
27727.666675
22969.675
19542.55
16515.225
14764.3916675
13051.2833325
24844.8083325
21288.6
18749.4833325
16564.05
14979.9916675
13414.5583325
20732.4166675
17321.0833325
15949.3916675
13712.925
12627.525
11516.6416675
25901.3333375
23153.7083375
19078.1666625
16279.0833375
14012.375
12372.84166625
48992.25
35233.5416625
28259.7083375
23663.2083375
19813.6666625
17185.5416625
63608.7916625
43753.625
34323.0833375
26864.375
23204.8333375
20277.125
54142.0
38623.125
31078.4583375
25621.0833375
21822.5833375
18878.2083375
46522.8333375
33353.875
26907.9166625
22295.3333375
18900.75
16775.3333375
36991.9583375
28230.25
22554.5833375
18785.0416625
16397.9166625
14526.2916625
30197.4583375
24126.5833375
19433.875
17126.0
14990.875
13208.5833375
26250.5416625
20946.75
17371.7083375
14801.9166625
13054.8333375
11553.54583375
23114.0
18630.0833375
15387.9166625
13284.0
11523.95
10467.97083375
11415.58333125
11448.91666875
10797.625
10238.5
9357.6875
9277.75
24532.75
20956.39583125
18435.10416875
16318.0
14388.875
13142.77083125
43504.72916875
31630.22916875
25878.64583125
21843.60416875
19266.85416875
17106.04166875
56059.66666875
38391.58333125
29746.125
24967.22916875
21376.02083125
18634.0
53613.5
39192.25
31440.625
26315.72916875
23013.54166875
20362.60416875
43720.27083125
34051.16666875
27367.91666875
23242.58333125
20118.04166875
18013.0625
33551.97916875
26053.625
21187.8125
17894.72916875
15398.89583125
13835.72916875
26899.4375
22595.5625
19407.29166875
17000.625
15141.41666875
13524.1875
21042.66666875
19017.66666875
16830.85416875
14692.27083125
13790.79166875
12454.91666875
5513.1875
5466.510415625
5570.979165625
5707.583334375
5709.125
6178.71875
11348.916665625
10542.28125
9679.770834375
9447.010415625
8873.041665625
8454.322915625
23379.416665625
19061.34375
16157.833334375
14867.885415625
13698.166665625
12576.458334375
37500.0
27150.770834375
21913.65625
19443.020834375
17432.177084375
15730.458334375
53750.0
38125.0
28729.166665625
24016.020834375
20600.322915625
19281.90625
48125.0
35937.5
27163.791665625
22347.395834375
18634.916665625
17098.833334375
38437.5
28906.125
22765.770834375
18652.635415625
15928.677084375
13977.291665625
29303.46875
24205.145834375
20169.40625
17224.833334375
14867.947915625
13204.3125
21210.75
18315.583334375
17101.166665625
14477.395834375
12449.125
12353.489584375
1001.47604171875
1161.2734375
1299.99739578125
1464.73854171875
1458.4078125
1552.46510421875
2006.4479171875
1914.4895828125
1943.9739578125
2176.7760421875
1990.578125
2220.1197921875
4162.171875
4069.46875
3543.7552078125
3544.5
3585.640625
3608.5833328125
8536.5416671875
5597.7135421875
4876.8697921875
4386.3333328125
4263.4010421875
4198.1041671875
12771.5364578125
7556.625
5700.3333328125
4993.9479171875
4699.015625
4317.5104171875
20937.5
9787.9791671875
6421.28125
4961.7447921875
4885.2083328125
4380.453125
15593.75
7732.3385421875
5599.96875
4429.296875
4008.3697921875
3558.9427078125
11544.984375
5502.4114578125
4522.828125
3568.0885421875
3073.9427078125
2487.5885421875
7487.8385421875
4187.28125
3496.484375
2674.6666671875
2520.6875
2023.9375
50093.5
34804.7916625
26335.6666625
21107.7916625
17629.5
15236.0
66204.9583375
43448.75
31915.4583375
25214.3333375
20807.375
17655.7916625
59649.75
40336.4166625
30436.4166625
24436.9583375
20352.7083375
17361.375
46940.7916625
33156.3333375
26108.75
21410.625
18058.375
15605.0833375
38853.9583375
29194.7083375
23529.875
19943.8333375
17340.75
15066.625
31901.0
24995.0416625
20639.75
17293.5416625
15101.0833375
13380.5
27704.7083375
21445.2916625
17341.375
14482.8333375
12617.3333375
10889.9
24222.0416625
19703.9166625
16626.0
14160.375
12513.8458375
10883.08333375
19296.875
16364.8333375
13443.0416625
11904.2875
10761.29166625
9579.77083375
26810.20833125
22399.35416875
18456.79166875
15582.20833125
13668.64583125
12565.95833125
46519.6875
32529.02083125
25130.6875
20639.10416875
17567.4375
15221.20833125
61985.4375
40546.97916875
30096.97916875
23962.72916875
19795.54166875
17111.625
53786.125
36338.6875
26974.14583125
22325.60416875
18380.35416875
16074.91666875
45884.77083125
30929.60416875
23575.3125
18885.5625
15790.33333125
13959.47916875
36620.08333125
25504.54166875
20160.91666875
16608.47916875
14021.1875
12175.41666875
29520.91666875
22521.79166875
17981.39583125
15124.02083125
12846.58333125
11421.75
26291.22916875
19576.3125
15938.04166875
13041.4375
11234.10416875
9702.64583125
20896.25
15696.64583125
13341.85416875
11251.375
9612.375
8728.85416875
11727.677084375
11347.583334375
10597.65625
9723.78125
9066.947915625
8705.3125
25096.40625
20093.322915625
17275.03125
14878.677084375
13073.770834375
12095.354165625
44062.5
30225.1875
23578.041665625
19552.9375
16437.395834375
14451.875
55000.0
35937.5
26498.59375
21680.291665625
17913.90625
15439.4375
50937.5
35937.5
27333.614584375
22201.145834375
18908.09375
16070.40625
43125.0
31562.5
24553.177084375
20196.479165625
17184.239584375
14868.552084375
32812.5
24112.802084375
19043.489584375
16047.208334375
13714.15625
11857.541665625
26522.125
21158.479165625
17532.510415625
14819.270834375
12913.916665625
11331.53125
19846.947915625
16770.177084375
13681.5625
12556.9375
10860.385415625
9613.864584375
5617.4270828125
5580.5625
5620.2239578125
5550.3854171875
5517.6197921875
5673.5052078125
11039.8177078125
10527.765625
9835.5625
9153.640625
8506.4583328125
8144.1302078125
23750.0
19375.0
15937.5
13921.25
12467.46875
11309.25
37343.75
26718.75
21093.75
17343.75
14969.0260421875
13543.5572921875
51562.5
34843.75
26093.75
20937.5
17656.25
15409.9375
47500.0
32812.5
25000.0
20156.25
17031.25
14940.7760421875
37968.75
26875.0
20937.5
17031.25
14578.4739578125
12633.1979171875
29218.75
22343.75
18281.25
15247.890625
13177.8072921875
11813.7239578125
20312.5
16718.75
13610.1979171875
12286.2864578125
10394.1041671875
9302.9479171875
1040.72135390625
1079.05729140625
1165.36979140625
1327.39583359375
1360.53125
1415.73697890625
1926.68229140625
1921.22135390625
1891.34635390625
1949.03125
2181.81770859375
2045.08333359375
4462.84375
3849.16666640625
3248.80989609375
3189.13020859375
3056.42447890625
3040.8515625
8190.8072890625
5366.04166640625
4970.46614609375
3874.85677109375
3938.29947890625
3425.65885390625
13593.75
7200.28125
5879.515625
4771.15885390625
4395.40885390625
4050.94010390625
17734.375
8437.5
6513.14583359375
5444.6328125
4583.5625
4001.8125
15937.5
7305.01302109375
5422.83072890625
4530.93229140625
4262.09635390625
3289.01822890625
13359.375
6004.9765625
4462.71614609375
4104.11197890625
3287.8125
2787.3125
6344.7421875
4356.81510390625
3125.52864609375
2934.80208359375
2224.5078125
2510.97135390625
48543.45833125
33487.20833125
25470.20833125
20624.70833125
17324.29166875
15193.66666875
64375.0
40443.0
30100.02083125
23530.22916875
19564.25
16679.64583125
59613.91666875
39188.79166875
29228.41666875
23146.6875
19467.9375
16496.04166875
47840.95833125
32823.6875
25113.04166875
20376.45833125
16875.875
14563.29166875
38814.6875
27828.91666875
21801.5
18272.54166875
15465.14583125
13578.6875
31377.70833125
23734.52083125
19118.08333125
15668.8125
13717.22916875
11687.16666875
27640.27083125
20902.0625
16588.45833125
13726.22916875
11683.29166875
10376.0625
23373.60416875
17944.39583125
14932.4375
12805.39583125
11079.83333125
9882.10416875
17046.75
14044.77083125
12224.10416875
10358.85416875
9175.97916875
8130.5625
26664.177084375
21181.947915625
17569.322915625
15112.708334375
13218.0625
12136.041665625
46250.0
31562.5
24172.708334375
19389.864584375
16418.354165625
14386.395834375
61875.0
39375.0
28490.416665625
22535.760415625
18788.947915625
16085.78125
53437.5
35312.5
26219.625
21285.666665625
17604.625
14832.5625
45312.5
29623.84375
22587.416665625
17890.875
15284.322915625
13043.885415625
35937.5
24485.0
19063.0625
15410.916665625
13163.333334375
11237.614584375
29661.15625
21375.020834375
17218.0
14267.5
11948.96875
10593.916665625
25269.520834375
18530.458334375
14705.8125
12039.604165625
10469.489584375
8909.552084375
16151.28125
12853.447915625
10271.052084375
9215.489584375
8496.21875
7239.489584375
11650.4166671875
11251.109375
10363.203125
9416.2135421875
8726.359375
8481.5
24843.75
20156.25
16718.75
13990.1875
12510.9583328125
11412.203125
43437.5
29375.0
22500.0
18281.25
15578.125
13677.5729171875
54843.75
34531.25
25156.25
20312.5
16875.0
14494.0572921875
50937.5
34062.5
25312.5
20312.5
17031.25
14712.6614578125
42656.25
29375.0
22343.75
18437.5
15500.0
13338.4947921875
32812.5
22968.75
18125.0
14941.0833328125
12725.140625
10941.7291671875
25468.75
19687.5
15604.5833328125
13281.5885421875
11269.0
9758.8958328125
16250.0
12657.8125
11140.4479171875
9634.8177078125
8736.0677078125
7682.84375
5628.67447890625
5570.078125
5569.1484375
5424.95833359375
5320.98697890625
5438.4453125
11406.25
10703.125
9765.625
8906.25
8203.125
7890.625
23671.875
18906.25
15625.0
13437.5
11796.875
10781.25
37890.625
26406.25
20468.75
16640.625
14140.625
12500.0
51640.625
33359.375
24687.5
19609.375
16093.75
14062.5
46484.375
31484.375
23203.125
18828.125
15625.0
13515.625
37343.75
25703.125
19687.5
16015.625
13671.875
11875.0
27109.375
20390.625
16250.0
13593.75
11875.0
10468.75
14609.375
12109.375
10078.125
9531.25
8254.1484375
7968.75
1013.224609375
1015.8828125
1088.86328125
1164.52734375
1278.5703125
1263.139323046875
1921.3515625
1932.317708203125
1848.70703125
1970.083333203125
1911.099609375
1896.436198046875
4726.5625
3668.053385546875
3320.10546875
3026.13671875
2790.311198046875
2653.727864453125
8203.125
6015.625
4414.0625
3878.912760546875
3513.319010546875
3122.852864453125
12812.5
7148.4375
5585.9375
4453.125
3792.96875
3379.865885546875
19765.625
7265.625
5820.3125
4570.3125
3910.92838671875
3500.118489453125
16406.25
6562.5
5039.0625
4049.68619921875
3547.821614453125
3178.2578125
10742.1875
5859.375
4375.0
3358.70703125
2933.126301953125
2541.841145703125
4453.125
3254.203125
2847.411458203125
2257.989583203125
2170.998698046875
1971.791666796875
