14.860616666666665
16.455425
0.0
10.012
7.37615
0.0
7.853016666666666
5.614633333333333
0.0
7.392433333333333
4.615333333333332
0.0
7.268233333333334
4.286124999999999
0.0
7.47455
4.193858333333333
0.0
12.547525
10.827374999999998
0.0
7.2152
4.597179166666667
0.0
6.191058333333333
3.5259666666666667
0.0
5.842225
2.9278583333333335
0.0
5.477733333333332
2.5665583333333335
0.0
5.493166666666667
2.4479375
0.0
6.467616666666666
5.024485416666667
0.0
4.8699625
2.6266458333333333
0.0
3.7782208333333336
2.0012208333333334
0.0
3.5520541666666663
1.6314625000000003
0.0
3.3837833333333336
1.4586770833333336
0.0
3.5757291666666666
1.3650854166666668
0.0
3.004304166666667
2.5105468749999997
0.0
2.2511104166666667
1.1517072916666666
0.0
1.9444354166666669
0.9571687500000001
0.0
1.7314145833333332
0.800290625
0.0
1.671541666666667
0.7265927083333333
0.0
1.7230333333333332
0.6481083333333334
0.0
1.3319354166666666
1.2058958333333334
0.0
0.9548916666666666
0.6581088541666666
0.0
0.8640208333333333
0.5108885416666668
0.0
0.7968302083333333
0.425984375
0.0
0.78131875
0.3632015625
0.0
0.7892989583333333
0.3521614583333334
0.0
11.978033333333334
14.791575000000002
14.283125
9.145316666666664
7.257691666666666
5.7139125
7.356483333333334
5.607566666666667
4.469866666666667
6.859866666666666
4.866425
3.6397875
6.197166666666667
4.3271083333333324
3.1335541666666664
6.221483333333332
4.1044833333333335
2.880725
10.360041666666667
10.891570833333333
9.58925
6.853975000000001
5.334004166666666
3.256939583333333
5.393833333333333
3.7516041666666666
2.4838416666666667
4.896866666666667
3.0791166666666663
2.0195291666666666
5.163008333333332
2.8393
1.68930625
4.855891666666667
2.4819916666666666
1.4599583333333335
5.401179166666666
6.019320833333335
5.021270833333333
3.7354
3.057270833333334
1.7466708333333338
3.4778125
2.44615625
1.4095177083333332
3.2880625
1.8490895833333334
1.1434791666666666
3.0759125
1.650483333333333
0.944475
3.1488666666666667
1.467483333333333
0.8426635416666666
2.56779375
2.828953125
2.3765416666666663
2.05734375
1.512128125
0.8209583333333332
1.7628145833333333
1.17954375
0.6811807291666666
1.612102083333333
0.9396375
0.5575385416666667
1.5658479166666668
0.8103572916666666
0.4570026041666666
1.5662166666666666
0.7382218750000001
0.39266458333333326
1.164409375
1.2250661458333332
1.1487864583333331
0.73809375
0.6987572916666666
0.3852166666666667
0.7369510416666666
0.5357572916666667
0.30844296875000005
0.735040625
0.4472515625
0.24287265625
0.6835666666666667
0.3756359375
0.19524114583333332
0.6748072916666666
0.3347682291666666
0.17074453125
10.887516666666665
10.238291666666667
12.275354166666668
7.916433333333333
6.565291666666667
4.72685
6.211983333333334
4.767225
3.777958333333333
5.760316666666667
4.0010916666666665
3.14925
5.310383333333333
3.920391666666667
2.847129166666666
5.204661666666666
3.7305000000000006
2.472841666666666
9.989683333333334
9.433887499999999
10.242249999999999
5.883466666666666
4.5837416666666675
3.1156458333333332
4.922933333333333
3.6841125
2.3072041666666667
4.535275
2.869029166666667
1.8072895833333333
4.441708333333334
2.5240375
1.5057625
4.173691666666667
2.3820625000000004
1.3429791666666664
5.462241666666666
5.0749354166666665
5.30246875
3.2762458333333337
2.7081354166666665
1.690775
3.00425
2.0572375
1.2109291666666666
2.5241875
1.73480625
0.9057854166666667
2.60425
1.4921916666666668
0.7932427083333332
2.4779041666666664
1.3503875
0.6956239583333333
2.7897604166666667
2.762258333333333
2.3825416666666666
1.95858125
1.5173854166666665
0.8090973958333333
1.76029375
1.1991260416666665
0.6186203125
1.3231583333333332
0.9185916666666666
0.43646770833333326
1.3391645833333332
0.7740447916666666
0.39293854166666664
1.2920666666666667
0.706378125
0.33344270833333334
1.28600625
1.2690354166666669
1.0534348958333333
0.7550760416666668
0.6872630208333332
0.39119296875
0.7458270833333334
0.5530765624999999
0.29147734375
0.721625
0.4418500000000001
0.22553359375
0.6118114583333334
0.3881661458333333
0.1817265625
0.6304666666666665
0.3375
0.16538854166666664
8.018233333333333
8.55825
7.7911
6.116683333333334
5.133166666666667
4.232820833333332
5.356161666666666
4.2375750000000005
3.391975
4.889395
3.5906416666666665
2.5584625
4.762058333333333
3.2577416666666665
2.5995583333333334
4.653328333333334
3.049091666666667
2.3410208333333333
5.760683333333333
7.195
6.635125
4.60885
3.9280166666666667
3.113329166666666
3.52405
3.15275
2.33591875
3.595266666666667
2.5718625
1.844916666666667
3.212258333333333
2.400275
1.5354166666666664
3.448916666666667
2.0392208333333333
1.3375916666666667
4.2918625
3.8488895833333334
4.063677083333333
3.1737791666666664
2.36211875
1.7367427083333336
2.5068666666666664
1.632595833333333
1.2995833333333333
1.9795125
1.43265
1.0364572916666668
1.772375
1.2144812500000002
0.8721822916666666
1.7205666666666666
1.1693416666666667
0.7443604166666665
2.485397916666667
2.5435593750000005
2.1714635416666668
1.5944270833333332
1.1122364583333333
0.8915979166666667
1.4280729166666666
0.928896875
0.6740614583333334
0.9429166666666666
0.7357322916666668
0.5263557291666666
0.96563125
0.7044395833333333
0.4371473958333333
0.8711291666666666
0.643584375
0.3920552083333333
1.0924125
0.9705729166666667
0.9722005208333333
0.81234375
0.498
0.4227705729166667
0.704978125
0.41351093750000006
0.34675598958333337
0.5597291666666667
0.3544411458333333
0.27002057291666665
0.40170625
0.30078802083333334
0.21564869791666663
0.34805833333333336
0.26822708333333334
0.1851369791666667
5.007783333333334
5.195608333333333
6.514354166666666
4.500330000000001
3.011325
3.654229166666667
3.951638333333334
2.7315816666666666
2.9121916666666663
3.79191
2.5466
2.5390666666666664
3.669771666666667
2.2811975
2.2005041666666667
3.665175
2.0409941666666667
1.9842708333333334
4.573991666666667
4.1831375
4.13819375
4.003608333333333
1.7149374999999998
2.55931875
3.068725
1.561066666666667
2.0751958333333334
3.45735
1.4253291666666665
1.7074416666666667
3.177825
1.3184291666666665
1.40888125
2.9585333333333335
1.253908333333333
1.25075
4.11255
2.252885416666667
2.9536093750000005
3.471425
0.9658354166666666
1.647803125
2.7713375
0.7705833333333333
1.268959375
2.8877416666666664
0.7291604166666666
1.04355
2.6881541666666666
0.6148358333333334
0.8922489583333334
2.7857458333333334
0.56906125
0.7580552083333334
2.4873979166666667
1.9218645833333332
2.0762135416666667
2.045772916666667
0.716471875
0.8545098958333334
2.096425
0.5739354166666666
0.6422270833333332
1.8796
0.5096843750000001
0.5268005208333334
1.8324541666666665
0.4184848958333333
0.43210625
1.808375
0.4094882291666666
0.3744151041666666
1.6232947916666665
0.972278125
1.0448177083333334
1.19500625
0.41176614583333326
0.49299505208333344
1.1828145833333332
0.3008453125
0.3799309895833334
1.18921875
0.21462098958333334
0.29440520833333333
0.8095958333333333
0.22255567708333335
0.23592708333333334
0.9089229166666666
0.1913977083333333
0.20374479166666665
0.0
2.820816666666667
3.081
0.0
2.57546
1.92175
0.0
2.4114325
1.80945
0.0
2.345926666666667
1.657375
0.0
2.315825
1.6991708333333333
0.0
2.2041533333333336
1.5796458333333334
0.0
1.9661583333333335
2.3548520833333333
0.0
1.660516666666667
1.12198125
0.0
1.562325
0.8879395833333332
0.0
1.4854375
0.88535
0.0
1.4155416666666667
0.7860270833333334
0.0
1.4486708333333336
0.9264958333333335
0.0
1.5350979166666667
1.384244791666667
0.0
1.4211166666666666
0.7271989583333335
0.0
1.3373979166666665
0.6796072916666667
0.0
1.2557395833333334
0.6451333333333333
0.0
1.2255312500000002
0.583009375
0.0
1.1698583333333332
0.5551333333333334
0.0
1.014209375
0.711021875
0.0
0.8797375
0.3275765625
0.0
0.8317291666666667
0.2971239583333333
0.0
0.8027458333333334
0.2768088541666667
0.0
0.71044375
0.26255364583333335
0.0
0.6905437500000001
0.2380395833333333
0.0
0.4671666666666667
0.35702161458333326
0.0
0.4254072916666667
0.16865494791666663
0.0
0.41898229166666673
0.13678177083333334
0.0
0.38806770833333326
0.14199791666666664
0.0
0.3817760416666667
0.12542682291666665
0.0
0.33643489583333325
0.121171875
0.0
0.0
2.098708333333333
0.0
0.0
1.9668125
0.0
0.0
1.7971625
0.0
0.0
1.7847749999999998
0.0
0.0
1.7110375
0.0
0.0
1.7026333333333332
0.0
0.0
1.3628979166666666
0.0
0.0
1.1774625
0.0
0.0
1.069725
0.0
0.0
1.0311666666666666
0.0
0.0
1.0169979166666667
0.0
0.0
1.0021958333333334
0.0
0.0
0.9558958333333334
0.0
0.0
0.8381645833333334
0.0
0.0
0.8036604166666667
0.0
0.0
0.753675
0.0
0.0
0.6847656250000002
0.0
0.0
0.6557385416666667
0.0
0.0
0.5430088541666667
0.0
0.0
0.45846666666666663
0.0
0.0
0.42840468750000005
0.0
0.0
0.3681145833333333
0.0
0.0
0.3852723958333333
0.0
0.0
0.3532229166666667
0.0
0.0
0.23763385416666669
0.0
0.0
0.2095213541666667
0.0
0.0
0.19840130208333331
0.0
0.0
0.17693854166666664
0.0
0.0
0.17869973958333332
0.0
0.0
0.16680755208333334
