21346001.17508833
21267198.955993
21313688.768849667
21313772.39458367
20738429.736209
20292595.239067
20777259.21981133
20752211.647633333
20704744.73735067
20742808.33315933
20782524.167003665
20715813.54596467
21139853.660423663
21157927.778700333
21112258.713658337
20997685.67730233
21856635.55169267
21416868.68013633
21863194.894207
21862055.580850333
21684599.02514433
22192474.821182
22594127.38670533
22568225.634805333
18789684.922980662
18806382.677354
18858631.460381668
18273839.346611
18421979.264004003
18780404.826671664
18791600.85825033
18768926.067531
18998920.905548
19012536.048100665
18902663.072781
18958429.431831
19596813.892108336
19568952.988388
19522603.791223668
19562644.639564
20574696.084970333
20523768.19846
20518134.15129367
20185372.511326
21593923.542195667
21594447.736454666
21573312.081801
21591360.526942004
13151801.576668
13151956.243047
13148635.831766663
13149286.96747
14452592.206893666
14450800.806104
14456012.150620667
14456528.891732
15578329.586628666
15593760.967559664
15574263.901003
15588815.884598002
16119046.8441
16137714.718191668
16122323.462361
16092727.153155
16959167.915422335
17026808.32789333
17027148.599007335
16996270.630994003
18216823.445936333
18046503.83246133
18245912.482963663
18253497.914273664
6785028.854079667
6557952.227609
6230231.518092334
6230308.877166334
7452516.121722001
7491418.951417334
6992743.384005
6998176.100121334
9013010.591262331
9017521.294524
7996880.818353
8034078.886721667
10581875.616467332
10557458.219225
9268423.438363666
9280262.903438
10141994.575138332
10172048.766313002
9812397.056163669
9808498.380027669
9302269.068742
9296620.830202669
9161339.175586332
9163926.243848668
4316456.733971667
4311359.733677001
4150029.6781310006
4148241.0085956655
4985723.989672
4987653.772481001
4776363.045557
4775224.908891334
5934214.056342334
5641397.604785666
5644916.579665333
5649066.4999400005
7553223.368634333
6965664.065309334
6964810.500801
6958699.682842
7120369.546803333
7119225.779543333
7116467.357875333
7118835.489237666
5928369.335917334
5934619.695978333
5934611.211778334
5935216.042131335
21043844.787337333
20938658.899264336
21030264.707389
21047986.68751233
20845598.414588
21252677.18621433
21178258.411343
21239919.358741
20878286.731557336
20816369.10304633
20857795.461064
20872956.564626
21014277.45257033
21032647.703104336
21028957.486749668
21056646.977446333
21550623.37457
21550092.241078664
21541297.27393733
20499194.36847433
22555696.989472333
22707987.767955672
22739078.000212666
22157810.822145
20677108.96807133
20665545.658008333
20649602.353961334
20643866.78836
20432658.677049
20455590.425525
20457251.50094733
20428055.388278
20109361.28273433
20140299.434143003
20100870.804241333
20148911.128048
20207844.73940767
20086297.73321667
19764209.426582668
20153690.020699
20625127.873677667
20040008.772918668
20646603.95300533
20601503.762911662
21769860.889285
21759833.913902663
21753344.301145
21784245.19023567
13135083.810832
13134046.966109
13132325.673392003
13133062.468307666
14453207.641957331
14451867.728601
14454942.696777
14453613.837279668
16043525.560084663
16039537.902499998
16035979.06171
16034624.936492668
17090622.326419998
17093782.849669665
16859469.799653668
17107010.801295336
17359667.124097664
17381712.644547
17383916.228814665
17334441.045587335
18407649.339849
18381270.465355333
17990335.726213668
18378713.601968665
6518537.614057001
6218473.463275667
6219511.217131334
6217440.353805999
7389387.150863667
6993248.056675666
6993149.258939666
6990184.714062333
8759910.746562334
7999707.890785667
7994687.741632332
7983615.258313333
10501153.122780332
9247919.012216669
9238560.651010333
9219746.886873333
10134604.494507669
9820669.729774334
9801800.487059332
9810765.977325669
9303740.298312
9171228.727303334
9169342.191676669
9171950.533829331
4306348.817792
4148899.661158
4146303.377034333
4150267.104932333
4975723.143091333
4776907.664994333
4775530.926952667
4776333.132776667
5915366.727355999
5634517.559123666
5633684.323664666
5630705.549239333
7546988.126468
6953957.007360335
6947555.148863
6955057.482664666
7128800.070946333
7127470.457238668
7126062.286508
7125223.664127332
5934482.793944
5936612.175363666
5937102.764763333
5936136.507072668
24131906.94600967
24078079.13006434
24162223.60065133
24135957.58515367
23259081.117931336
23273855.817448664
23224609.164393336
23249513.713185
22350909.239672333
22366119.290067
22366105.16885667
22370764.125056338
22021312.853867333
21991847.14025
22042008.057332
22058505.45751833
21972416.244997
22009268.40473633
21877371.44645633
21875410.344978333
22938331.564430665
22987626.240615
22965259.683653336
22965095.345066
22388653.046306662
23717857.07164
24147220.183753
24129703.125934336
23080027.259501666
23085726.804441
23092018.561315667
23082911.362596
22031836.77750533
22113892.96635533
22071074.930073667
22123929.09788633
21502129.22709633
21571529.728024
21554044.620845664
21563654.312714662
21311628.938866667
21300827.785407662
21308266.846585665
21355710.39429733
21756788.059020333
21936925.344247665
21925843.77661233
21316000.790242
13118161.261566332
13119943.929217
13123331.516710332
13120816.987936003
14443768.364080332
14449269.601194665
14447051.916519
14445821.97959
16079017.444188667
16082727.653482
16077365.38286733
16081595.128529005
17433571.420086
17671781.488342334
17681212.201037
17676411.353938665
17802076.218626667
17783798.970753334
17793358.735302
17759700.812001
18498370.221594
18106056.21363533
18519791.888190333
18523339.093611334
6513472.798428666
6226613.905500334
6214712.684283334
6215601.704429333
7373199.461240667
6972916.858695666
6967860.050814667
6971787.159594
8689462.454461
7985468.016720333
7983540.062048666
8029682.6451940015
10384485.097930668
9226768.973062
9211310.466575334
9209770.084590333
10108426.159666335
9801455.312808668
9792193.767250331
9810877.891743334
9300075.834618
9167527.271472
9165288.817587
9167191.401076334
4304709.157359335
4149750.9770386666
4147616.862698333
4148617.117154
4971404.3142926665
4782197.759485667
4778132.83931
4781203.290192666
5915939.978163667
5638560.705873
5638094.008861001
5639923.911464666
7561934.008928333
7038132.4407130005
6947075.085852333
6949661.758066334
7133923.316909666
7138364.311946333
7136244.7438906655
7135484.2246223325
5934891.525191666
5935275.302995667
5935225.9234173335
5937224.314769999
23170661.328499
23294141.638307333
23260972.96186
23102946.352157667
22507117.66955
23142594.08472333
23172839.978690665
23153186.679887336
23144262.640766665
23058764.760023665
23127203.42303033
23138179.78964233
22409753.819538664
23073169.812067
23018186.321670663
23017512.278396662
23060130.793894336
23061908.765638
23129743.201812
23072882.80194967
23137189.128385667
23054244.545818668
23072697.79456533
23093234.048007667
22262307.208171
21566448.46454667
22235638.50111967
22215219.488065336
22152548.937348004
22152924.011759333
22984194.516380668
21311631.01853
22054369.219767
22106389.498693
22021325.550562
22040474.38111333
21217954.44448633
22012642.744291
22019739.127174336
21982165.911356
21389643.676988
21959699.414995
22037898.546187665
22030669.13026167
22053807.365762662
22053427.113804
22015630.671833
21857955.301384
18538877.281146
18435686.370684
18507289.149112333
18522560.146887664
18574839.93902533
18547903.339848
18559698.984845
18520995.47458367
18556448.31662367
18534326.16647633
18166990.989509333
18547160.646416333
18504813.019581337
18326176.475596663
18538110.06997733
18497392.838863667
18502440.647451334
18552702.81614433
18531454.953026
18533961.04315733
18569311.817916
18551636.313741334
18448843.693488
18503331.169473
8418932.78966833
9079265.856067332
9078583.305494666
9052255.457394669
9063889.655491
9522439.784857668
9518447.808401668
9512218.411103332
9870762.09921
9534728.327207
9852731.218558332
9823916.655711
10683953.556838334
9770209.829100331
9776768.473227331
9786314.066607
10107161.813413668
9531326.164205
9519950.743005663
9529846.859713333
9300605.334220331
9166992.601537663
9163395.021072334
9164289.642506666
5995709.869007333
6684962.031187001
6681181.989577
6683035.982802667
6588851.488921001
7283971.524663334
7282927.526721001
7285272.697430334
7032570.747183666
7310185.442809999
7316597.157318
7317983.047799334
7818711.526434333
7415244.580165666
7415154.216048668
7413234.68595
6782973.699219
6607792.450293335
6609901.697684665
6608987.066207
5933833.506972666
5936163.314624667
5937077.156220667
5936183.656502999
23106100.813809667
23056843.564266
23134087.876151
23016117.550467
23075889.767643664
23030900.25889633
22403254.256756
23093971.99423933
23115234.627879333
21681649.745521
23108288.87576233
23051065.195891995
23064424.72765
23130094.01511733
21980727.304491334
23072757.680052
23075130.46606
23106518.875387
23129062.993270338
21946207.321753
22457945.088422
22991269.928596664
23127236.803774662
23071736.477800336
22072964.76922967
21962294.777812667
21968642.43670133
22011819.423349667
22035786.46497733
22021232.43397467
22040535.712633338
21991108.665203333
22009100.791895
22001280.31703967
21186269.592026
22009500.949519668
22023087.39512133
21784011.09172433
22006001.948321
22025974.713873
22049600.82304867
21982095.180200662
22019151.721755337
22047281.703072336
21963938.30255333
22023732.441976663
22045055.97139433
22046852.955021
18550673.102144003
18548581.053734668
18577530.525481667
18510606.58800867
18546794.369430333
18029208.283532333
18587989.33976433
17977052.54489667
18546183.08890033
18547776.45963833
18558142.235676
18550175.452472
18569767.102435004
18562928.30260667
18565274.526733667
18502227.599715
18542557.19096
18564407.928676665
18569327.26291333
18561798.954978
18578821.16112333
18542360.277442668
18521636.98659833
18573826.677145664
9333139.065386334
9185044.757494
9186752.66668
9183147.464089334
9292485.633793669
9166638.628976
9168890.471801668
9165184.72929
9319968.115090666
9173082.256654331
9188030.466558669
9174084.328883331
9284975.11382
9163561.068095667
9162703.064649334
9162853.450790668
9314307.221323334
9190638.420637334
9190480.084618
9186563.693457332
9294866.493949
9290981.300112331
9161943.516688664
9163623.927970331
5935889.847752
5936334.993772667
5936492.239461668
5935992.754552667
5934211.025931667
5934852.984851
5935921.224689334
5936955.461188001
5934208.7048
5935506.0023323335
5936534.801367334
5937457.777320333
5932784.2606253335
5936279.680947001
5936628.255767666
5935802.647059999
5933904.578307
5936175.494987
5937058.286466
5936478.312282
5933452.676254333
5935659.613851999
5936760.120685001
5936566.828052334
