391.0602423927
102.8704165846111
59.30526405608
41.454074243952384
369.47721439416665
101.71644285677776
58.754520920652666
41.53229522983334
365.6094380944001
101.41368764082222
58.44705097708667
41.35618270523333
387.6936848970001
103.89220734267776
59.668578906793336
40.876818965338096
368.9084817333666
102.74331154365557
57.65311494374
41.701547282595236
378.59195353726665
98.67231597386667
56.881078498799994
41.615188867952384
179.03169405428332
50.28525010485555
30.595387531470003
20.79623240608809
177.11377398906666
51.3230441537
29.90282190537
19.82263129342143
173.59571411133334
51.48694924289999
29.94954096444
20.88528598537619
175.22714494833335
52.61038747993334
30.176243139692332
20.418572368337617
159.83087691613332
52.05355555653333
29.42280129649
19.285250180978572
173.7476119805334
49.791040639483334
29.03165551178667
20.376607978973805
88.89869036244166
25.562217413319445
14.644544107673331
0.0
88.92321553995
26.23569224886667
14.737706910916666
10.088318952217975
87.25969941608334
25.118955036722223
14.582922990093001
10.013907701709524
89.95773738285834
24.952768784827224
14.411382738356668
9.845964879245239
93.61646794399167
25.441717462288892
14.457979333833336
9.63553399415
86.31640773406666
24.258947308665835
13.644308857992835
9.688753455539644
42.22351610584167
12.336737001918332
0.0
0.0
43.542424466741664
12.599284085613888
7.444236625185001
0.0
42.699837782141664
12.60695894488889
7.402064674601666
5.2691583937630355
43.39533095598333
12.598720837090278
7.4139686807325
4.980809015819523
42.478354341825
12.40743422335
6.923741550739168
4.786123906189286
41.447867219875
12.563979652647221
7.017367324541833
4.943717376554345
20.95128183161875
0.0
0.0
0.0
21.448535858741664
6.297498100423056
0.0
0.0
21.24014054016875
6.2620227205944445
3.721584126451666
0.0
21.463224489475
6.383706091615277
3.56957101178375
0.0
20.730956677420835
6.013640573516805
3.3859406283858755
2.376310384583839
20.38330445729375
6.105947482795833
3.364758100287292
2.3336620322869046
0.0
0.0
0.0
0.0
10.599272759133333
0.0
0.0
0.0
10.289036724060416
0.0
0.0
0.0
10.522460153616667
3.1259221767152776
0.0
0.0
10.251294580164585
2.8891649885194446
1.633400064447125
0.0
10.2647819157625
3.0804956083343753
1.8685668998240206
0.0
0.0
0.0
0.0
0.0
0.0
0.0
0.0
0.0
5.218426357234896
0.0
0.0
0.0
5.289815721488542
0.0
0.0
0.0
4.991218223101563
1.4299666765241668
0.0
0.0
5.076054455453646
0.0
0.0
0.0
0.0
0.0
0.0
0.0
0.0
0.0
0.0
0.0
0.0
0.0
0.0
0.0
0.0
0.0
0.0
0.0
2.583794073129688
0.0
0.0
0.0
2.581695516178906
0.0
0.0
0.0
2083.402867249866
638.0685813586778
359.1684558108533
268.3832954905714
2043.049427067567
637.7626220629667
364.26720198346004
265.7806739386333
2060.615431991
621.0842131105776
379.7308450982533
258.81704382307146
2021.7626028262664
624.8587758278334
379.9587491479133
257.2979513043381
1957.6247490415333
647.8491662299444
366.96587968221337
280.627847526781
2112.742423783
612.0788738405498
365.1011197012333
274.6303747772476
1121.5484552358666
354.45381147486665
205.09056989330332
140.9153476703476
1124.6463595621167
355.71365112420557
207.87571825097334
143.38319958463808
1131.9036907579166
356.5248223696389
203.38070187446002
144.49808587585716
1145.1182010930165
350.18680582981114
204.89811663700334
142.9716516077381
1131.6841574644666
351.2783742610167
201.87066030677
142.47696823977142
1076.8286972748167
348.17133674056663
207.2263668847166
149.22742885418808
573.1377492201917
180.90602322562498
102.87493813494666
0.0
580.9133600346
179.56547001526667
104.34911016484666
72.22625140112739
578.6588713834834
181.6918081435555
103.54845080952501
72.78282578876905
551.0314229635001
181.79326371228333
103.51356111174167
71.98305939356668
572.5366264960917
178.05805404995556
103.02015023089834
70.29337059220475
577.2027562518833
177.55411507034168
102.32951066995335
73.24142107858928
297.25504077
88.73068734572082
0.0
0.0
295.7825521692334
92.66320151438471
52.21991672314083
0.0
295.27341667319166
92.30652483932083
52.06129560843583
35.819547419410114
295.7814937589375
90.60111164582639
52.01716533880834
36.102548793741654
286.69171766204585
88.17175054794582
50.01605870795583
34.81641682910119
284.9463639719833
88.61776926346666
51.4431009458875
34.97314765232143
144.43237095206874
0.0
0.0
0.0
146.52059833937292
43.661665742235414
0.0
0.0
146.53564298960416
45.57219364192222
24.433752515130415
0.0
147.478977588675
45.279269212701394
25.864849547187912
0.0
140.25505384346874
44.52539357296735
24.84430554862
17.041345292028275
142.5253148614125
43.68182839151181
25.05064915595
17.294352470948812
0.0
0.0
0.0
0.0
73.59822168872917
0.0
0.0
0.0
73.39901363962603
0.0
0.0
0.0
74.07850175511668
22.147934489152778
0.0
0.0
70.475417192875
22.34654497646493
12.443957779956042
0.0
71.34758108901771
22.345849088051736
12.404928072274167
0.0
0.0
0.0
0.0
0.0
0.0
0.0
0.0
0.0
36.226835242123954
0.0
0.0
0.0
36.48138189520573
0.0
0.0
0.0
35.47045483968542
8.465644962165104
0.0
0.0
34.87682616527448
0.0
0.0
0.0
0.0
0.0
0.0
0.0
0.0
0.0
0.0
0.0
0.0
0.0
0.0
0.0
0.0
0.0
0.0
0.0
17.492880280625783
0.0
0.0
0.0
17.430644810176304
0.0
0.0
0.0
2860.382796056667
820.5315969083889
483.2348368601
341.12066315028096
2943.702190896
797.8855971119443
485.2472440941333
340.5876682862334
2886.8614372983334
782.0126879546666
480.4115281884066
331.20081202912854
2885.66407399
780.1372464121778
476.2136971806466
342.75715230214286
2970.596472347
791.0694965811446
502.35808771390003
361.23279827265713
2942.8289301476666
794.9594103432834
490.4608642884933
349.46382179827145
1664.6683529068334
442.9063525377223
271.62647544820004
187.82174000434523
1604.2142300541666
462.3513187282778
273.7487236927
191.349028052
1605.6078545061666
437.0311785133944
260.22490170721
184.97128694535715
1605.679377021
448.3740595658889
260.5886759452
187.39276275595236
1608.8760512646666
429.64393808941105
247.10450171407
184.7384699407619
1672.4008070623333
433.8576904814445
262.16227096551
195.47186147019048
864.2441032699166
243.17743071780555
139.98001982821668
0.0
816.2679059599167
230.67702599283334
139.31569399469998
99.51011177765477
812.2807692809166
228.29184156277776
134.79311810023336
98.5631982359881
797.4017869178333
234.4962490430556
134.29059714036669
95.3436976092131
812.0652144595
222.16269079797223
132.71101397561665
93.70055274757144
796.2696157058334
216.96995951525275
128.710016587455
94.53431928626192
440.4885227268333
119.22988154526388
0.0
0.0
413.63194161787504
117.50245617322223
69.687415886575
0.0
415.74010929929165
116.06843556794446
69.46241166170833
49.15210573733929
405.5587759794583
117.45196021856943
69.09352760391667
48.29227485035119
388.59884583312504
111.51127201712501
65.88765778043333
46.52568985435654
392.24588035191664
110.29115719301389
64.38103174185918
45.830142011923805
210.5203909845
0.0
0.0
0.0
203.98511444625
57.63850608763889
0.0
0.0
209.715072909
58.44532791480555
33.0538197742825
0.0
203.71707462818753
57.152015965812495
33.773269873937494
0.0
194.54672446102086
55.971880728097226
32.15537802392083
22.672744050751188
194.7850012701875
53.37928821869375
31.400133111217503
22.08140993675625
0.0
0.0
0.0
0.0
101.13859953261458
0.0
0.0
0.0
101.74178971893751
0.0
0.0
0.0
100.25124380708333
28.179836191977085
0.0
0.0
96.56493798038541
27.065801461461803
15.891182862340418
0.0
99.13134046421875
26.79638465441701
15.477105285390625
0.0
0.0
0.0
0.0
0.0
0.0
0.0
0.0
0.0
48.408862513
0.0
0.0
0.0
48.876428002375
0.0
0.0
0.0
48.70427219240104
4.616446568742187
0.0
0.0
48.52056186635937
0.0
0.0
0.0
0.0
0.0
0.0
0.0
0.0
0.0
0.0
0.0
0.0
0.0
0.0
0.0
0.0
0.0
0.0
0.0
23.908248946440107
0.0
0.0
0.0
24.34070000600781
0.0
0.0
0.0
4478.297053344667
993.2301517385555
607.4974650488
432.16593182523815
4393.1434646043335
985.8169972302222
597.2441439475999
413.5148314228095
4454.366496289334
961.273553289111
575.6721003727332
415.524964316619
4429.594841475333
1017.0420407807777
602.1055869449333
413.30723225476186
4299.330525352
969.4259542232222
584.1795376176667
427.47412312195235
4398.114827024333
983.9785001563336
598.6898407694666
422.3422183112381
2431.172606023
571.8540970761111
341.8466987487333
238.5095835905
2464.0469610875
530.3091503102777
323.51666559629996
227.80290351435715
2470.495151115667
527.7324894349443
320.0167563481666
228.3172649006905
2509.585807658333
528.8630461775555
314.47796717076665
219.41833779540477
2361.0739312335
509.405520132
303.4467595134
216.1352285759762
2369.310350349
507.9257854945556
305.39504458640005
226.55046982661904
1250.1627730614166
293.40775677591665
173.96021747679998
0.0
1297.1395571303333
281.24807047916664
166.68849212348334
118.73197226392858
1286.9363501314167
276.4523141917778
166.52175371286665
119.36281466874998
1277.975989416
271.3133430919167
165.08974379335
115.2201724957262
1239.5461932474166
259.5522554609723
157.94530375436668
113.03035462357143
1223.6561111165001
262.5162772758333
154.40672425968333
112.6944541715476
630.4878210376668
143.8538616007222
0.0
0.0
643.2780728207084
140.39431303705555
83.66658722896668
0.0
643.7639462833333
139.65156864323612
82.86966655789166
59.70908515032143
631.1493636741251
138.27678921081943
81.1135448767
57.75699737002976
598.362011990125
132.40124027204166
77.30578693975835
55.248875107208335
596.48217821875
127.66926410030555
76.67955569711665
54.631904770767854
312.30959470689584
0.0
0.0
0.0
308.36740366416666
67.81647541597917
0.0
0.0
313.63704598664583
68.96925163527084
0.0
0.0
308.0738949343125
67.47600499969444
39.86533191605416
0.0
296.27749371883334
65.13201968999306
38.07606276414167
26.913205838205357
283.70832083014585
63.29177759461111
37.016590723170836
26.25336783560714
0.0
0.0
0.0
0.0
152.85397621394793
0.0
0.0
0.0
151.7261498561354
0.0
0.0
0.0
150.07177839247916
32.4910034885382
0.0
0.0
146.30829641466667
32.26742391299305
18.472371935235415
0.0
139.86413987241667
31.62506752690625
18.23209850435833
0.0
0.0
0.0
0.0
0.0
0.0
0.0
0.0
0.0
71.34726831142187
0.0
0.0
0.0
73.01439391236978
0.0
0.0
0.0
69.77112596741146
3.763653312039583
0.0
0.0
69.39742646205208
0.0
0.0
0.0
0.0
0.0
0.0
0.0
0.0
0.0
0.0
0.0
0.0
0.0
0.0
0.0
0.0
0.0
0.0
0.0
33.49748634177865
0.0
0.0
0.0
34.1628544762474
0.0
0.0
0.0
4487.781713063667
1398.1634579662223
834.9454643568
576.1923479721904
4547.245878286
1291.308691595
747.0000033910667
523.9225596120953
4465.065853784334
1332.1276636187777
744.9212585954667
515.1784827769048
4548.959238248
1368.230761634889
751.0244943867999
508.46782516157145
4315.099637891333
1282.8959659262223
730.1648287276
494.8167734376666
4399.380716726667
1315.4180409383332
724.7024341032666
486.4422208290952
2469.0935151011668
822.012895776889
469.72132174806666
320.6068947043809
2550.2916371113333
746.5831013784446
411.23747444263324
287.46989699333324
2509.7332813558332
694.6917122796111
402.9438215419667
283.4593156344286
2515.3521140031667
732.0450973581666
388.34639433736663
276.12467132366663
2425.4852082861667
663.9996614972778
378.45279382646675
265.1626272201904
2424.9439113888334
635.8755083754444
361.2902033961333
251.10317588842855
1320.9497776867502
423.9641501209722
239.68952493006668
0.0
1286.7777161375
394.93926655377777
211.95388737175003
147.9963039915
1330.45789754225
383.1599782623611
210.04989169548335
146.74963470650002
1287.529510361
381.7892065455833
208.33334639516664
143.24618854680952
1291.2253555235832
343.8887910356111
199.4261569862
139.89343919532143
1212.8986871479167
333.14702812222225
192.18681889215
132.62790275913096
648.2542494211249
205.8460563046667
0.0
0.0
662.5775092770417
201.37513451245835
106.86931929105
0.0
659.7788346777917
207.51897768165279
105.35844249119165
73.38880815482142
649.786702777625
195.25847096830557
105.90286919501666
72.31592365365474
644.2146394287083
183.41502719152777
100.47040844925
70.18258611994642
643.524347795
172.81352850669444
99.18377734009167
68.22299541873808
318.89604176385416
0.0
0.0
0.0
316.6768378445625
96.20488186694445
0.0
0.0
318.77255732289586
103.73746035382639
0.0
0.0
322.44222144002083
100.9025787204236
53.467951088120834
0.0
306.28643911727085
96.05264240886805
51.448099500958335
33.99827802965774
286.210607017125
87.50392636667361
49.66012273563333
33.94600695240774
0.0
0.0
0.0
0.0
155.38542315382293
0.0
0.0
0.0
152.47725491728124
0.0
0.0
0.0
153.15757765982292
7.398384281286458
0.0
0.0
147.73755121321875
46.33404190409028
23.916437481554166
0.0
141.54528639097916
44.608389673902785
25.2185382628125
0.0
0.0
0.0
0.0
0.0
0.0
0.0
0.0
0.0
72.54057120651562
0.0
0.0
0.0
74.80941681616146
0.0
0.0
0.0
72.49005244715624
3.7825871626265624
0.0
0.0
69.20360488205209
0.0
0.0
0.0
0.0
0.0
0.0
0.0
0.0
0.0
0.0
0.0
0.0
0.0
0.0
0.0
0.0
0.0
0.0
0.0
34.10838408260417
0.0
0.0
0.0
33.351347240388016
0.0
0.0
0.0
731.2400625033666
236.2340950141
137.68944309817
95.4407292643643
740.72381717335
231.01310613914998
132.00326398936
93.06623555815715
727.3522250823501
234.40047350098334
133.84660957306
95.45479785145714
741.3139977006999
228.50081421391667
136.08779515534002
93.69610340651427
744.0025821831333
228.36197956295553
131.69400035986
91.63855160832858
718.2022693013
0.0
132.74443866296002
89.87538142519999
437.30874837335
137.401197375775
79.23305733869499
54.392568932582144
443.732846606025
133.06454272134167
80.63741908322
54.13660999503571
440.33722543272495
134.818719078075
78.486272077535
54.75592051018572
445.25448305012503
129.91609138885
77.41449188039999
53.729584775192855
440.48873332418333
130.95645176670556
76.65780315069
53.405678317840476
444.33137759935
129.15584454025
75.13851898777999
53.859885421588096
223.4772141734625
66.41522775779583
37.9658564435825
0.0
220.736570643625
67.41304701735834
37.675550454485
26.561720797821433
215.27465769907502
66.5799131474
37.8980084246175
26.77730157422143
221.5669578260625
65.4342489486125
38.554290800325006
26.822314657585714
220.80577363069997
66.34492841214721
36.99537891775
25.655595169714285
217.12372923859166
67.30064303335
37.97524337884167
25.141891199886903
104.29364634973125
31.61193945121666
0.0
0.0
105.64787670325626
32.13654994813542
17.135085530095
0.0
105.49495450947501
31.130683855329163
17.472284787857497
12.605295375994643
105.73698637285
31.271286435589587
17.5296977154275
12.003823071689286
107.077183327475
31.813899024116665
17.187858573403332
11.303156803708928
102.96788753539165
30.78586981895972
17.211540206635
11.458765838134525
50.11307434606562
0.0
0.0
0.0
49.52195161158125
13.966831998182291
0.0
0.0
50.10938312538125
14.176904539919795
7.8061142984975
0.0
49.36259864827812
14.317442973779166
7.845526625141249
0.0
49.6849791102375
13.891205736575001
7.925820402235833
5.118208542886607
49.28778152602708
13.866734121214584
7.8434496146712505
5.001794619280358
0.0
0.0
0.0
0.0
24.51852787422031
0.0
0.0
0.0
24.309794032487503
0.0
0.0
0.0
24.163378292601564
6.794604293062501
0.0
0.0
24.201191883186464
6.66967364094618
3.6599324998956257
0.0
23.836720973166667
6.6260043636531245
3.4803452152010417
0.0
0.0
0.0
0.0
0.0
0.0
0.0
0.0
0.0
11.781329938567188
0.0
0.0
0.0
12.220942605149219
0.0
0.0
0.0
11.959527915172918
0.0
0.0
0.0
11.659069757180207
0.0
0.0
0.0
0.0
0.0
0.0
0.0
0.0
0.0
0.0
0.0
0.0
0.0
0.0
0.0
0.0
0.0
0.0
0.0
5.662096473283072
0.0
0.0
0.0
5.621245184260417
0.0
0.0
0.0
1494.8190805494337
478.5680040211167
281.79012588589
196.83440310499287
1468.5641179094
481.7823509206333
279.89647761649996
194.77636847617143
1446.1265996217498
481.6323536863333
281.70989192022
197.07464639640713
1473.62591395475
483.0914725007167
286.17469623465
195.1206423632714
1456.7177295499666
462.46192467862215
270.69724110107336
184.1939403683095
1488.8273698996
475.07030815810003
270.38208199594663
183.03466723309526
901.343239704225
271.1420571552917
160.648813813255
112.56450301091786
892.045005848175
270.95052101361665
157.44623965506
112.11571890707857
901.761512091525
269.34963784327505
158.835007001695
111.65940451722857
892.067419892025
274.7022044739583
158.96391156276
107.01209698231786
878.12570391385
258.4087536950389
153.95193867765664
105.22110998231905
870.57072785355
265.5214349512722
149.97612915660665
104.45384166293572
454.6904419978876
135.52384463112915
76.2476605376675
0.0
444.2639797798625
136.43785889934583
78.071017539785
53.347033828878565
451.6068847995875
135.45050249307084
79.440931401565
53.953107937448216
458.076528100925
136.14729267905
78.4048811242625
53.57149514562321
431.3249185664167
130.76612195021943
75.25653851458833
51.3331435860119
435.2107638761833
134.06535737250277
74.98806194113999
51.54342820157739
218.66227534536876
62.69683250705833
0.0
0.0
223.36309000919374
63.712041055706244
35.113520891259995
0.0
220.79095117255
64.3005903422125
36.1665468926325
24.493303079843752
218.02220587629375
63.57550820555209
36.42595919722
24.531081269696426
213.275259816275
61.04126675373055
34.2706417408725
23.30142715698512
207.95662369725832
61.59569340265973
34.93011283784251
23.62456157731607
102.65359372140001
0.0
0.0
0.0
103.99650481965313
28.51213850990521
0.0
0.0
104.30666537844063
29.038126913513537
15.65074365103375
0.0
102.98471335724687
29.234247172382293
15.406193128711873
0.0
99.51746560924583
28.634324362638193
15.600616284745835
10.144258252786608
100.38993040722707
27.77318609860625
15.33127503691
9.99165311618125
0.0
0.0
0.0
0.0
49.331245721289065
0.0
0.0
0.0
48.9346347038375
0.0
0.0
0.0
49.23279304855313
13.297307744154688
0.0
0.0
48.26848151566667
13.112587682592363
7.023159046147917
0.0
47.78130006455
13.066260243924654
7.1066364381858325
0.0
0.0
0.0
0.0
0.0
0.0
0.0
0.0
0.0
23.555207743379686
0.0
0.0
0.0
24.31452125727422
0.0
0.0
0.0
23.801318033795834
0.0
0.0
0.0
23.330726004047392
0.0
0.0
0.0
0.0
0.0
0.0
0.0
0.0
0.0
0.0
0.0
0.0
0.0
0.0
0.0
0.0
0.0
0.0
0.0
11.35162272747396
0.0
0.0
0.0
11.642040740753124
0.0
0.0
0.0
3486.1784578623333
1179.3687191186666
692.2625661447
485.20893026650003
3388.5315052295
1158.9593925743334
686.2494747561001
483.72823272671434
3377.5326037845
1145.0424639328332
680.8967111802
480.4288803298572
3391.576163029
1142.719615987
681.7072128952
473.8029388708572
3460.4259077673337
1134.1618669202223
660.2667194728667
463.2931962078572
3415.3167097499995
1170.7674559086665
651.1097436367334
460.0633359558095
2104.1891836817504
659.8124681934166
386.0311979805501
270.2008128510357
2122.161464409
661.4815929775833
387.6399749175
271.2206536288929
2084.882885287
667.0240092829166
385.22934745905
269.90599148657145
2109.0349328062503
663.1502841460833
384.95451207525
272.5777377795
2103.3676137011666
648.433481554111
375.11883341013333
261.35460690559523
2051.5107299976667
642.4419644572778
372.3638528325333
258.83270615476187
1111.0669530822502
336.2241666392917
192.517000762075
0.0
1107.9652045395
335.64949890279166
192.3165326647
132.384073456875
1100.176842603375
334.22012922883334
190.88591185964998
132.4702207330893
1103.291454535625
334.14527794158334
192.61271566665
132.38071795710715
1088.468577374
327.2446966265555
188.15569179313331
127.87881860013094
1073.6451245115002
325.0590838055556
189.59082554583335
129.63389144108334
544.54505337075
155.60713842125
0.0
0.0
534.0133126926876
157.41162569510416
86.029329071825
0.0
540.376780612625
157.6953348465625
88.34665300455
59.924930746857136
542.1837039412501
159.80588318804166
88.43119491138751
59.87571309765178
522.2970146887916
153.23371697376388
86.40130890430832
57.863738961095244
533.5604481982916
154.72462917936113
86.35427815220832
58.5152257048988
255.9495721295
0.0
0.0
0.0
253.15210200534375
71.72385624811459
0.0
0.0
254.1745105363125
72.6153758105
28.34907922821187
0.0
253.2411328380625
72.40047141891667
39.595041703025
0.0
248.52179571022918
69.84776269808333
38.6921275016375
25.739715437997024
250.00437725925
70.2247044925764
38.78797104357916
25.345493986863094
0.0
0.0
0.0
0.0
121.34794877790625
0.0
0.0
0.0
120.15134242759375
0.0
0.0
0.0
120.90756414984375
33.18993520323438
0.0
0.0
119.366361857125
33.19993694521181
17.421492022070833
0.0
118.8005164575
32.797500273625
17.545958054966665
0.0
0.0
0.0
0.0
0.0
0.0
0.0
0.0
0.0
59.555424388
0.0
0.0
0.0
60.009941289390625
0.0
0.0
0.0
58.346725179328125
0.0
0.0
0.0
59.79909680034896
0.0
0.0
0.0
0.0
0.0
0.0
0.0
0.0
0.0
0.0
0.0
0.0
0.0
0.0
0.0
0.0
0.0
0.0
0.0
29.129663129442708
0.0
0.0
0.0
28.8749361265026
0.0
0.0
0.0
5092.907238754667
2032.2843735488334
1251.2533589460002
886.5442196808572
5139.603722178
1916.8233989728333
1138.9477741783
802.0148182427857
5312.414638681
1827.6442297801666
1100.1586076909
792.489707565
5203.6783690965
1844.3541095406665
1096.5468265794
771.2619181592144
5088.430100025001
1782.5331085514445
1045.4734158780002
715.2017708637619
5165.263323209
1780.438796047
1008.9022740732668
709.7911783301428
3877.75744255275
1268.6433661600001
747.5859049355
524.8954016285358
3724.719017161
1241.8942255294166
730.8428610853
515.4085227302143
3732.0799786645
1223.4838170742498
725.5471521508
506.73905486278574
3781.3584015995
1229.7579658066668
725.88558228135
505.21973694474997
3669.0894889745
1200.5201402071111
710.3926529052333
492.9232877637857
3702.904707456333
1203.6562891439444
700.4010974420667
476.51267416533335
2159.6014269553752
653.7990506685001
362.671534156775
0.0
2156.5273104362495
656.7366723974584
379.485427828425
263.69448228225
2163.98987729825
659.3071374204167
380.0640136897
262.1540401776607
2169.3103346875
661.5345668690001
383.540486714825
263.72538661935715
2133.0875905364996
648.695423068889
374.99741553744997
256.59826699095237
2145.7902271193334
648.4402985935834
374.41048039925005
254.79576068798812
1076.3659461196248
238.3553591534375
0.0
0.0
1073.8021252111876
317.8463835790417
167.2222403123
0.0
1077.2898873863123
316.8389237718542
177.9816234898625
119.98776346464285
1067.3023075255624
317.11185962954164
178.8255797119
119.65108937682145
1052.9750186594167
311.4897969654166
172.92636686168333
116.65287117104167
1049.5332799665832
312.00292632306946
173.59238032871664
116.76220612851786
503.4695280847187
0.0
0.0
0.0
505.6605347115312
109.05369946858333
0.0
0.0
507.29675396709376
145.9042652694479
39.21560620823125
0.0
504.1702778630313
145.5086689541771
76.78039014894375
0.0
500.38033943306255
141.89954857146526
77.35230663913333
50.73175161577381
502.15649016129163
141.351751653875
77.10937129219168
50.42336889582738
0.0
0.0
0.0
0.0
239.64090283906248
0.0
0.0
0.0
241.14767873099996
0.0
0.0
0.0
240.6398551103906
53.11416450682291
0.0
0.0
236.38049096072916
65.40094614485766
27.895727293875
0.0
235.65854081665626
65.24157658391319
35.369089845812496
0.0
0.0
0.0
0.0
0.0
0.0
0.0
0.0
0.0
101.30787298376563
0.0
0.0
0.0
116.87613991990625
0.0
0.0
0.0
116.18991492140623
0.0
0.0
0.0
115.9429872040052
0.0
0.0
0.0
0.0
0.0
0.0
0.0
0.0
0.0
0.0
0.0
0.0
0.0
0.0
0.0
0.0
0.0
0.0
0.0
54.0105170146953
0.0
0.0
0.0
57.23032976111718
0.0
0.0
0.0
6499.745721587333
2452.6960245906666
1449.0545173613
1050.6716869501429
6373.5704997755
2238.7885286218334
1340.3021292858
916.7787526957143
6460.522197235
2067.0253416693336
1253.9857766596
903.3553068310001
6477.462178833999
2038.5186667120004
1264.2422204112002
855.9881764577857
6142.787446819333
1999.957716726778
1136.7547514546
791.4808775880953
6386.9016754145
2089.8455259633333
1138.0611584909
793.1721542708095
5840.8941428825
2058.3581075890834
1236.4832628934
841.31185290525
5323.2858237925
1800.067715873917
1077.9658542539
759.8984746378213
5167.11400568325
1697.9511424565833
1034.7541179841
741.23849196875
5147.256622098501
1698.0203835470832
1015.5792639003
721.2179771792499
5197.384557556333
1592.968131563889
972.1788851327334
676.3024592006666
5136.172528636668
1568.6223331697222
902.0994218991
599.1337692351666
3946.693861784875
1182.1197482602083
542.803814466175
0.0
3757.074969876625
1218.1207791400418
699.2611450749
453.404257296875
3760.124812522125
1195.9248707848333
695.703280172475
477.800694143125
3631.4187070955004
1216.6116307857917
714.9350506297
500.410156936375
3545.933072806334
1175.0453584200834
682.5293076384667
468.81816358191674
3556.5326327573334
1097.6824576384722
654.2268646026333
436.01786419220247
2097.545148189125
329.92896136914584
0.0
0.0
2097.9590996512497
589.3397824159791
254.958413939725
0.0
2096.8122203555004
629.6264585020833
314.564534604975
184.95375645141073
2107.20343953225
635.0426986773333
347.7569148453625
215.3069787902232
2065.568145724625
614.5573911260693
343.6206437984083
223.05645578661907
2057.6941174386247
614.3755866256389
345.1683030094333
233.4850307536548
837.253766687
0.0
0.0
0.0
1022.2414045318751
156.11604901740625
0.0
0.0
1020.681141695625
242.90263526877084
52.79099656328125
0.0
1030.1233120539375
272.2546065278646
117.78303440764375
0.0
993.930192818375
278.8015452514722
139.50819813957915
81.32117477428275
999.5259939003959
284.8516613438125
155.79373595672084
98.55260358277083
0.0
0.0
0.0
0.0
400.53011872820315
0.0
0.0
0.0
457.65010866578126
0.0
0.0
0.0
480.57127158864057
75.42200829667188
0.0
0.0
473.47440502761464
110.28721963063191
41.438088827775
0.0
472.73657534851037
127.35551923073263
62.2136366064354
0.0
0.0
0.0
0.0
0.0
0.0
0.0
0.0
0.0
153.12863667175
0.0
0.0
0.0
197.17094535100782
0.0
0.0
0.0
214.913673043224
0.0
0.0
0.0
228.1683117963698
0.0
0.0
0.0
0.0
0.0
0.0
0.0
0.0
0.0
0.0
0.0
0.0
0.0
0.0
0.0
0.0
0.0
0.0
0.0
82.239310434625
0.0
0.0
0.0
105.24595301459895
0.0
0.0
0.0
6150.055842582667
2468.3758252196662
1488.1657151446
1064.4688531969284
6026.2495852675
2279.2728142613337
1349.8023039912998
972.5610036621429
6208.574771021
2112.9221294578333
1276.4648660581001
915.6099253807859
6094.1305437345
2054.5957243286666
1303.2005163833
876.7205916092856
6038.630075204
2067.1126163595554
1179.3335290059333
811.3754484062381
5983.186700198666
2092.991373271667
1165.3918360164002
814.7466178665715
6049.96062185625
2174.9100770986665
1298.3250159617
944.3563625529999
5470.9207157125
1815.7530436665832
1146.8395233801
800.0233468107857
5446.2240864145
1773.124538
1074.78075311235
783.1891306642143
5406.572015733
1781.3684743884166
1046.69364451305
755.3492858053572
5206.793995046667
1678.2416163429443
1029.8530901814668
724.1199204354523
5272.592640204832
1698.5729757698334
972.8948142844669
636.8062187682381
5126.595561627875
1690.912073962875
731.2841796506251
0.0
4435.9614426097505
1518.0424928915836
905.073420437225
613.2702234983392
4403.552049268001
1503.9346992560834
880.586371123875
613.4471179887678
4283.296773156624
1456.0409843235
872.5055832304749
613.2834609578393
4208.2904994875835
1397.728405812861
836.4292973359001
586.0530375532262
4206.6824550799165
1275.3149319430554
773.2440931239665
487.71648610173816
3190.319598406875
417.7443045226875
0.0
0.0
3252.238691135625
884.2510081239792
359.4238113255375
0.0
3240.703022659375
968.981595884729
472.88105775225006
265.77844989333033
3279.371414596875
995.5273111974375
528.1761344313625
326.29154585558933
3088.6685420542085
940.7077528495834
524.3827164390416
340.26587672642256
3093.238616927375
887.0825773725278
497.4377817427917
345.4103721342262
1230.1261230826562
0.0
0.0
0.0
1563.9517128613124
204.91444875134377
0.0
0.0
1617.0861963321877
369.3763423603855
0.0
0.0
1668.6580279115626
418.68628291933334
168.70989108135
0.0
1429.9987387833332
431.6666318771388
215.31501288304167
124.04892000222026
1606.9518666033332
457.0293298125833
244.55501545526255
155.2816947783006
0.0
0.0
0.0
0.0
601.5684434917188
0.0
0.0
0.0
695.9177570373438
0.0
0.0
0.0
750.2119705990625
100.56346827126042
0.0
0.0
734.3786438762604
168.58655937254167
57.6704389121875
0.0
753.7668813531458
197.54608549834373
98.94560367919584
0.0
0.0
0.0
0.0
0.0
0.0
0.0
0.0
0.0
196.3534753462031
0.0
0.0
0.0
294.4973316966719
0.0
0.0
0.0
326.1133702348437
0.0
0.0
0.0
357.4746522519688
0.0
0.0
0.0
0.0
0.0
0.0
0.0
0.0
0.0
0.0
0.0
0.0
0.0
0.0
0.0
0.0
0.0
0.0
0.0
114.84996131139322
0.0
0.0
0.0
160.51957700572132
0.0
0.0
0.0
