84.04340486466283
84.42763461954785
82.95447700247205
84.02163475751253
83.90497741476973
84.30973812513808
83.76621671595052
82.69906141644101
85.86034782766218
86.41528435955506
83.60474203562653
82.21651953764912
82.32676990734747
84.04892216053348
81.4156314172299
81.51600691866496
88.96263317630782
88.2238093397418
89.4107778515676
86.93814346886711
90.435163476635
88.50442614857604
88.38519035360592
89.62160624302076
87.09647744740101
88.60462400830397
87.14680976544827
85.44404059526862
87.79888716056341
87.71344352383453
84.95456628483593
88.27647952753165
84.42596465767271
84.78243267770584
84.33939930730652
83.50294881107925
82.7772011192143
84.27164067197538
84.1246290432142
83.88393159615426
84.30317782555873
83.2643563608408
82.79080793885147
84.63382703267469
83.96534600015826
83.93166024352736
82.30081635371731
83.1408230062335
66.28955510065316
66.80827005422621
66.109971590427
65.86693466622893
64.6113772707042
66.45812205866885
66.08022739805541
65.58873573914015
66.88877893471958
67.66453860160819
67.29063980977294
67.29798649078352
65.31888868717253
66.17160423032061
64.93271977759483
65.11919919933219
25.19788499968816
25.1233761458907
25.259569219928824
24.539334312326087
25.616062069476776
25.59007535871486
24.902200020185663
25.323782355624214
25.073523105139937
24.75091017938708
25.17068593957275
25.64213352008142
25.028190278927795
24.168439054403766
24.35575622374315
25.204446496577017
11.71724223411125
11.475184125264313
11.736139232127327
11.64886325317991
11.813781385238768
11.7202039225311
11.787514484866895
11.536044602861836
11.557989250835716
11.60411092041133
11.68142330836839
11.742967117184785
11.937677630608603
11.81496784947454
11.536870038021215
11.547025753529752
5.429386862277259
5.40178832779688
5.474442284767523
5.427115629347135
5.527976094302024
5.422934182388772
5.435885551787824
5.402957031692703
5.419165297255765
5.451439955376823
5.420689050086225
5.352278445173248
5.352131482658907
5.372006548207353
5.371445271679149
5.4333684992428255
2.6427198408873616
2.664823973608288
2.669229748319355
2.647204294724175
2.6465935500355453
2.611612622911844
2.6319640361170658
2.6170607883525556
2.6365589636817233
2.647410133383964
2.624573127866697
2.6114414267947175
2.6316198957371273
2.6290140558029553
2.6201110692711325
2.584302409067036
1.2813609446762664
1.301273524050078
1.2748443505131812
1.2677837328656127
1.2831903078514126
1.2862767578081258
1.2862302578136051
1.264960714984057
1.2783733612144483
1.2861246369270976
1.298644533779359
1.2804384919759642
1.286311047670396
1.2907475198172114
1.2469982019076495
1.2567426290768926
0.596078726893076
0.5727299504151172
0.5948428081948322
0.6077736083822792
0.5848782910185935
0.6200993546187041
0.5801823733889959
0.6149044887857106
0.5947863353168411
0.5940042944967034
0.5845661914100372
0.5715659992904885
0.5864085293819237
0.6108014412138357
0.5812461137563529
0.5781085772671861
86.58223968669931
84.02153845349676
83.94902340895023
83.11570696021056
83.99936143638338
86.37746700941517
84.59910997310647
84.58841783716285
86.18279926420081
82.23245371384711
84.96006134039962
81.42737742086814
81.63286292706665
83.97134845021938
80.96012930249488
81.08828563136319
86.59692319545172
85.01348399200533
85.39634356531319
86.01854411218532
86.84644838613707
86.68256006297787
85.34632458792137
86.70782672392671
87.18830561500538
87.62443321776662
86.54092565701488
85.52109834089138
86.82089032348385
86.99343086784654
85.89046360202792
85.34341090582986
88.40311686446633
89.3203067262554
88.67719646376723
88.06169642759876
87.53248618460536
88.92529395365285
86.88385238637647
87.15729477255468
88.15306899579775
88.78073992616028
88.1642480071253
86.34646318783886
88.38105697988476
87.37819682956473
87.04592463555944
86.85572273158624
89.76264418375314
91.49093856421297
87.69740677259517
88.90613821670796
87.86442234396198
88.68639527016876
91.46563216687245
87.05038626523549
90.47862398926951
89.391267717218
88.46599607641751
90.91271979917695
89.25421390023212
88.71838938580534
88.05431314148818
87.34463363418372
78.60211417610395
78.76253806826652
76.68335464039379
77.73871163855465
75.73280747062775
76.67221822956905
77.16461859450631
77.39615798859
77.05400509804373
78.97905755807935
77.68233288617579
74.60771664743662
76.9510830378949
75.11117121503425
78.65569577655228
74.0008447591801
28.009564856984184
27.93945252075812
29.536596548886493
27.694465556569128
27.675230889435966
27.79388729261289
28.720513758900193
28.960418633615905
29.383462054824662
27.779114970179283
27.844356897987524
29.20159560269685
28.800622681788287
28.158252198112162
28.398753966369313
28.762754137652927
12.680276345503573
12.679423742635962
12.62980669981929
12.720697917748081
12.686322863366884
12.748294910051598
12.642539512508835
12.653942448391236
12.683742892735438
12.726618742594518
12.591322683442101
12.478476419597698
12.686330874185808
12.699328998230278
12.585304320850424
12.526716237697839
5.9041986751344675
5.913495259934188
5.950903653010209
5.939036123791044
5.972765130617233
5.969717171032886
5.8924721242471465
5.996750165559216
5.942557673687766
5.962833952837364
5.942245110558193
5.901459665805234
5.997496443528463
5.942238702340091
5.949102765946225
5.912569055132333
2.899703442574355
2.916693254135051
2.890472444132905
2.9090888340102463
2.929080638051639
2.887737545629126
2.9043590804945296
2.9154585985691086
2.9284251077440957
2.919546095758527
2.8997873836883863
2.901696190843832
2.891111288552812
2.9110081357487076
2.897606215389775
2.836265796830144
1.3851700057501273
1.3620903638307889
1.3634491378972677
1.375297365235688
1.3782745947087658
1.3728823276179227
1.402040021760044
1.3797179157849513
1.3827656077122708
1.3961752951272934
1.4010007961686084
1.3520032358420444
1.3354721312018725
1.3620583353144797
1.3654182377191726
1.3566476785286135
87.6827438247517
83.21626270805983
84.06031262399183
83.93799297991423
83.4331442705207
84.40464803102411
83.48807156128325
84.89378749561756
84.6211150202649
84.05476257762938
83.13803051343774
84.47651212252396
83.02102595670989
83.78256266629928
83.74354570683425
82.87116581367685
86.25510887837864
86.44685339544249
86.9519009357819
85.83531780590619
86.21299061877242
85.7301591790371
87.53536075791175
88.64970809787741
86.05183864850085
86.446636400125
84.99417459096104
84.96570236665154
85.254899351821
88.49317474241599
87.0906162400525
84.04347183287643
83.99109059730108
84.03244793355866
86.20626063501652
87.36163198116401
86.62035337288997
85.6270287956077
84.52999450104183
86.4967456633163
85.13577055465586
86.3174670039674
85.37692823074026
83.48795203961721
87.88664536813695
85.55458763856791
84.17966120113995
86.1176168200585
96.038976214465
93.05230799915962
93.00577040607273
94.91043204274145
98.42886532133377
93.71924230160487
94.87176250288695
94.75300538260886
92.52966607601961
95.82100795742902
95.51648112977516
93.43814414790285
94.92465781168107
94.43353781352039
95.73112372259119
92.9316961157475
104.55545473144663
104.22585482185606
103.16220010405938
106.41450222100855
106.3574722227711
106.06893048100669
103.45117176265644
104.58967685016448
105.5035441759967
104.5025418635111
104.68149776918825
102.47094564326487
103.52460575372703
104.538571875105
106.21683494594812
103.35735821492815
86.54353793949788
87.83643110018495
89.01701326954105
85.40170993882494
85.77059884195715
86.62283995397001
86.68008236391488
85.63158744634153
87.80922905961972
86.94196263832448
86.79543328950778
86.4903968800025
86.58679564939327
87.41605302725411
85.39796998801128
85.69461951288525
33.19639453987302
33.297757206420435
33.29653314852715
33.067516515587805
32.94764017421122
33.207565542660575
33.028469894311264
32.915761910096506
33.041045076432454
33.08927606877944
32.886432053190454
32.716374169668484
33.15307034434782
33.1902657434622
32.71798086864579
32.72576779489673
15.130761374332033
15.083709864001625
15.055177888173738
15.005020595002414
14.939258756396406
14.925613230189194
14.96568921086527
14.912361219810066
14.862039705712425
14.916034293404039
15.03286258563572
14.724444250467899
14.902678730270992
14.794358118711376
14.715386798507062
14.671990066767338
7.142877056808719
7.059470753904027
7.107464441805125
7.051937275395613
7.029152194669308
7.066120483436719
7.067877755038422
7.062126535282398
7.0489711123307215
7.124786221435025
7.065293583193433
6.995758992957259
7.098530155735582
6.976639978672296
7.064243118399863
6.9641605371519235
3.4107163104391103
3.4001592905954054
3.369256892281516
3.347987766403275
3.3754596040039413
3.389640441770832
3.371497465763674
3.3295150241006257
3.34805196328829
3.3443858952067482
3.319601234202409
3.3691349247586553
3.3795871724544306
3.3844599364228873
3.3753975913254277
3.357290986426999
80.48282513855303
83.29373089748582
83.73798915430375
82.32670797341113
83.10447981542829
82.49404179245523
81.47118832165395
83.07123875457727
85.06058647705665
84.83253781756012
81.82122744879258
82.2883817706914
82.44989776667457
83.46074170317769
83.51034198063999
82.28250246072021
83.28003905827232
84.67976771349076
84.18789442933966
83.0658060505873
85.00195606250809
86.58016830178092
85.6380151976288
84.7543510133957
84.91576718308568
85.20477111499132
84.64369003060013
84.22152417009515
85.21875622862478
85.96045848410864
84.29365387020279
85.20980539348461
85.99323800452532
83.76286414288907
86.1599364839965
83.06476481787627
85.76559860251523
84.25044071249015
85.4828391244261
86.08143325836596
86.84372482041721
83.09340770891086
84.3115322417787
86.26043585371946
83.58814050915365
86.41582619317877
85.59611026662147
83.16218058479109
91.65151585035888
94.25122197655371
96.29920087730027
94.84898816723195
95.45676137799342
94.9986538449826
94.55337847607471
90.84146187929407
95.01386150207996
94.66187801322123
93.18873788477424
92.6211788007994
94.56985841365402
92.65689563042251
92.48953968996621
93.92697221242065
107.34086558445868
110.4120976603934
106.88218747003638
109.9191899610396
108.47600003048449
108.87099448230452
108.7791159647519
110.08957074404157
108.88521566358952
108.56148254751207
107.6973129933592
111.32840095219248
110.55217605973085
108.93839640980462
107.64418792483468
110.56709499133491
100.6544615933858
100.91439990944491
101.38312867768452
100.45207011188133
102.70858426645458
103.12700828323034
102.66806435955938
102.52263245777762
101.88046984776695
102.57271429779831
103.13082363921272
102.42622863261379
103.58759389630666
102.87976499094009
102.94875095056734
101.71634155464123
62.524814237985
61.75854246869452
61.73600859603991
61.806112218725076
64.39219074183326
63.34870352581186
63.77999590291631
64.27534476754364
64.6139609082325
64.91495497949958
64.9444282237613
63.8250283221927
64.5703839635495
64.76542850849543
64.1146111127983
64.42593844518872
28.41750301350069
28.409594018425288
28.541018633761826
28.48652472392285
29.088868361397342
29.12566435522475
29.05633520401378
28.881855183563758
29.475864593220656
29.463321939393357
29.505719460252436
29.32203806866545
29.281388091072756
29.258880108317342
29.058776511119422
29.10210457802689
13.711291805896991
13.776891132681188
13.690533639363705
13.697451600853173
13.9947022596682
13.729717737692747
13.980975521593173
13.995358745957736
14.124345267602171
13.990016897924988
13.988195336381972
13.997373127028142
13.901529126091832
13.994440088140387
13.976041987171008
13.84710271794961
6.673957372689091
6.620011946218821
6.627614578590851
6.601290319349383
6.759811972082468
6.774423496877697
6.745657316084884
6.751622336747748
6.8389977676492855
6.860690001423478
6.843673151413548
6.778767784628548
6.820388767904894
6.74171808008101
6.6879537250928065
6.785446365775258
80.93786912746982
82.19963573637057
77.86618444071767
81.14388147379724
82.19320066236729
82.19364527384612
80.77129000003141
83.02695671728299
81.20994543119112
81.26550345376371
81.83864631487093
81.53274380218384
81.28302985746517
79.7268567485337
81.42155117576316
82.49947398249378
82.50754327917332
84.32441507267157
83.87966667817973
84.0440721572323
88.8963628773658
84.81020089309247
86.87727823415061
85.62432877720198
86.06862561133885
85.94694202775992
85.63275754249385
86.44920674841468
82.89075406817896
83.86038892454
86.78511796940911
85.53236992262639
84.897760582499
83.86981760432977
83.14536150404302
83.95504585061117
83.90680167523092
82.41691402043249
84.57431762363109
83.1823884828298
84.61891603556803
85.12320667395511
84.6050212069326
85.3201765942397
85.26710395783756
84.7090510336579
85.21157593649538
85.1760044435946
93.01398291732265
93.07448317568615
90.51034176246445
93.56580350710954
91.6821983233047
92.0156708640638
91.92505769699733
92.00492120909001
93.66681305411903
95.06427727662621
93.84429609769374
91.52939158142061
92.5211768475214
92.33856743189506
94.3113949982159
92.01646844880054
102.85846952631023
104.13470849721463
104.06130845381763
105.50866593933569
107.02630565677858
106.08847924579989
106.88657492546848
106.4690937832775
106.63960676620259
108.1810749947389
109.90795845492066
104.36929066437234
105.96043834668889
106.77543430961107
105.68954724390521
107.2059736803535
94.01058529091036
91.97371062918585
92.9758176830751
93.06318832679933
99.04070368380583
98.37454659666002
98.31964027045791
99.47377165003489
101.78966471006198
99.96838473554881
100.14812439983325
100.14504207636496
101.32628319649918
101.63394940290296
100.29288042116093
99.28575177195553
61.746123481060586
61.16937523326516
59.8439705123252
61.09866433747913
64.51609546362339
65.22814011400729
64.49718693692331
64.82500906394638
66.20755919084182
66.47286220316933
65.25909705516285
66.06732418246365
67.01131044140608
66.56903901068475
66.45250685638355
65.70479077642186
37.089872763444625
36.44282369894535
36.865599266375426
36.7552950102334
40.25335816444936
40.84998697697421
39.79278167283865
39.74086888712451
41.8266876710401
41.77372378720549
42.27919034146748
42.15345051121681
41.76652135770649
42.1790668348121
42.46627320344455
41.480882168190696
17.39333916024832
16.78260278062415
17.157530522989806
17.117831769324233
17.959347049955536
18.132826217389812
18.237970704438442
17.96380371123681
18.629460935589425
18.82112520448482
18.983980465875074
18.619090874866533
18.674055352193534
18.655979713410748
18.755585584414074
18.55757833258339
8.177627901614498
8.16253968767204
8.100731481478297
8.134751193731127
8.58319663323988
8.585976568173367
8.511133309889892
8.428419602603904
8.85010233961635
8.838335329541522
8.94546906397136
8.678698040582752
8.767035437600066
8.805879612503134
8.756154174485767
8.798921121454542
82.33272610926802
80.51568795183358
78.84938973809922
79.64429150710559
80.39368813338329
81.31585930353192
80.4544816682166
79.43858076023561
80.40995045452173
82.1551289603723
82.8548835436131
79.49933690591176
80.64390444102985
82.81070249822416
80.12088807868115
81.14386156157578
82.5046371687226
82.20200436338415
86.57402739007831
84.62740844105929
83.48829385686766
86.04668043242525
82.91316948297272
82.96274117253638
86.07414208710418
82.47409139078779
84.08581065049856
84.19336650613161
86.34357860532316
83.17716217824928
83.78252140617498
86.17168683802402
82.43851850190343
84.2746588369471
83.22293146363914
81.48003849338295
83.1405944115271
84.83019993634188
83.08171036825387
83.6643712467969
86.36700794121543
84.58934755697543
82.80790466368424
84.57130698224302
84.52422829730348
82.28230837329154
83.53244170354866
84.61041960344396
90.63386252089435
90.33488751382652
89.84077829801934
91.2309303116049
90.7550203885902
90.24537491667081
92.69996761118954
89.82497367733616
91.75600223151326
91.43440451299459
92.31193395657859
91.79852595906011
94.19330205612357
93.43733138827086
90.20886185025803
90.2778522662985
99.02494493305892
103.81481496131532
102.95054961209617
102.0076637230727
105.05083407511016
106.57256382928271
103.6291335811261
104.01573783652798
105.2857401368264
105.82101634465657
104.08669804059805
107.30684325336499
105.91617121241201
103.92776136019684
106.99017565772273
104.44909452679644
86.0894109762129
81.46480037783577
84.51920818446052
85.43306833072084
86.2121497914626
90.69829933098862
91.12959609744304
90.16473749086964
93.7276491233489
93.08562240431753
93.58337682464028
93.19490730434393
94.39336382350469
93.5588697977136
93.58120816921006
94.60247287074962
57.459184241599225
52.32487282757131
57.64759018952055
55.59372828683929
58.03639818746015
61.10146694500279
62.719606175442124
61.937046548080275
62.958984178508466
64.19756442763719
64.42731824425216
65.02178513512631
64.45532722797482
63.19179502514099
62.79320380148508
64.0738204186481
37.40675875811594
34.8753742532335
40.93148175085428
39.13595886258717
38.56630418545139
42.04277075002354
42.92741763547451
42.87163557616312
42.37887185100107
44.391077153318236
43.53352560642734
43.510019746828625
44.12585293575072
44.00351521283667
44.42246549371782
43.47710247422154
17.666439516227058
19.41662896030597
20.46078697092851
20.83590200028248
22.19463596399531
22.618585376009225
23.38217982228139
23.01662478820373
24.135538389813394
24.42786156361269
24.27637997115586
24.296505973039046
24.571518277003435
24.151812178684363
24.203126881590293
23.86007541740814
9.109612784955962
9.574118295166494
9.68213539984529
9.519470963903158
10.024401519377124
10.542495048360697
10.58147588785331
10.232313887543711
11.009888893863456
10.869369928899076
10.915635155701034
10.836835954299977
10.892297630993312
10.65354821261196
10.779434499750925
11.029824225120601
77.0767015911838
77.96063858621524
78.86581694108625
79.27128823325559
80.27687159055935
80.48780351305298
80.04429957014634
81.19921477710557
81.05475582324914
80.47177528931377
81.71055481374721
78.56031324054163
80.29350162791148
78.51032411983239
79.57699915775356
81.22702934667076
82.83506509097943
81.66329875645415
81.63544378357926
84.57428051896791
82.17131508406788
84.06308495546351
83.82979115633816
83.79318570369885
80.98005005458089
86.52173517740648
85.5517691761923
84.6382369316625
83.23244134250892
83.23243306812722
84.19360148368987
84.53517817153111
80.31871295885308
81.90221494599281
82.25957982065925
82.773934434123
80.849497368858
82.14924077411096
82.76319655802416
82.84226828582918
84.5978530547851
83.25340685591172
82.58123505825824
85.01424133962018
82.32374788167745
83.17542284561806
83.88261793250152
82.37595271571955
85.84482990069826
87.07140528990192
90.73478499693043
90.68182387260914
89.77509530188263
88.86846922806326
89.13486915757174
90.14213392997378
90.48276343180089
89.88338923826707
90.28729170139864
89.6027412756467
91.55098687616191
90.58827410952604
92.64844858273922
89.18262507942372
96.92482917607582
99.47276049071722
100.50246023098613
101.83277517304454
99.43055619490356
101.16756202062396
102.3373810734275
102.56209043526299
102.42233206255435
103.96674041293095
103.76979835287183
103.4760605498151
103.25357635991962
103.60190729174481
103.311200025488
103.49337475731215
85.4546046329031
78.11019633645151
80.63226399909597
84.14019277239507
82.56999637591694
86.47648470757103
90.9437869174991
90.96910630123914
89.78969558615678
93.0307843524934
94.42145289542225
93.97523938917078
92.44813983894738
93.29844159448662
94.34208845416124
93.88812034774581
51.3065645108775
55.75060974804045
45.716033205846465
48.775583605054564
55.017179581678285
55.270074363192066
58.93259748239495
60.31523644975732
57.0651325202532
61.276456189748686
60.0678787471374
61.43190056276881
61.754715108345735
61.49747463828088
60.97371865306153
61.562121287332154
28.525483339540845
35.7141997428322
36.1501401957883
36.96929240897206
36.75460274407738
37.43916091070373
39.65696111335735
39.82313294111341
38.18437765508143
42.38612095098794
42.74444077760324
42.18048557133093
42.26268141361012
42.26778657034265
43.36831416839197
41.49180498511638
12.736191320392942
15.382850541165718
15.237827529559013
19.97202052523865
17.706602779270526
19.384000573878144
23.3084244145295
23.27055027987305
19.964712241611405
24.17511786625208
23.850341887537166
23.73767289791522
24.01562693037107
22.489965702633345
23.70164303092285
23.6972402901718
5.7583889940306365
6.767580557109966
7.391914005701398
8.558403414266065
7.757201758477819
7.356335998312943
10.833258931124659
11.246346190890728
9.236271005155134
11.474012743151198
10.552186314411317
11.19387887905421
10.772432394299381
11.695602121322189
11.319434043454386
11.620739429933634
80.53835226046358
77.60447940857416
80.70476549772549
80.2934523476812
79.28261660688669
79.97143289132158
80.08858785101323
79.04933398523411
79.11621526128643
80.78258908902059
80.37142016133419
79.76595108875445
80.19955033095138
79.03769123005239
81.99925486105055
81.26031451487906
82.68829985052804
82.47483087058667
85.08808921066736
84.59083056323362
80.68212543315143
84.24926348287255
86.02997273148794
83.91015254979152
83.5187323557286
84.39073981640195
83.79100896262047
84.52746809219245
84.6269233201401
84.66861265136119
84.26900550784676
84.2101328375274
80.01476408617022
83.11697482633654
82.43969452166567
83.3214507129161
81.4283198520758
81.85836022623128
82.17946453249357
82.57950082842122
81.94221148321338
82.90346969829378
83.56851169518625
83.4760379208148
83.61203322393965
84.66134916638946
82.4590239683737
85.08414853487466
88.03754154514013
88.21600050593356
90.02225174425814
89.29542869916173
88.34350954595995
89.22946816449644
93.42438958748176
87.5286724351198
89.66351840244725
88.93694579590793
90.68657804974366
85.70580757664759
90.8762091298828
92.25321450340256
92.06947817741293
85.9780265325478
83.52605323534272
84.07039918304918
87.51506486479022
86.30225405669758
82.89303004182727
84.47488458440613
86.75703734732718
88.70993329694609
85.60745515150806
87.11185348051718
88.99556195472496
87.22950777059314
86.99487794662632
88.65867867197704
80.43296010140307
88.0085766903003
62.58372106818258
60.00899906038749
59.973208712373214
65.35423057620724
61.100349913408024
63.277352103930326
63.7291777156154
67.37339299597416
64.75317050655413
67.81176381960246
70.08636460517344
70.30450008008988
68.05193460526773
64.7214969875843
63.50671435340981
55.77911700664486
29.94309848826659
34.720393925433285
34.6692480996828
36.12182747951233
34.28211742577222
36.22941987561088
38.68185790896419
40.94504896474185
38.59566886366486
40.54311568364218
42.52676020237963
39.37883824216021
37.6918415327706
42.57596988667956
41.98078278912711
41.86621932258438
11.067396647922662
15.683958219066934
18.30563043973603
15.95556681082021
18.18611139471522
16.151454350305453
19.00018035360159
23.744618945739592
17.006061976106835
21.537618995868815
23.742913796686775
22.88853826979481
22.587564855374797
23.178412150900062
24.583588066351155
22.78914367202129
5.4810260263074575
7.367521261965955
7.646195972569411
7.695563426701433
9.84769751678891
8.475063430633869
9.715699533697718
12.507712675774592
9.463309531519128
10.965011418999005
13.112503576154042
12.660854251162888
11.046900870795634
13.439136787098812
12.931804575425048
13.347558250669051
2.50411571854701
3.436800170257918
3.7119221897642767
3.4939268146586837
4.325587587915648
4.275252355800113
4.3970403286879
4.827449707224004
4.230863514989613
4.878897903741223
5.960773896591614
5.7139320538110425
5.029398033457091
5.682009693587432
5.612118636989844
6.177642248694519
75.37188719505524
76.62201538581394
79.35467428634594
80.58789888704216
80.51641552334792
81.83864505480518
81.28228724854263
78.22100335920977
81.04925814217745
80.83790618778198
81.14933218490378
79.88234780093431
81.7272948430068
80.1547278118913
80.79413020213734
79.01609796652136
82.79623061320332
81.51586597574864
83.93526863802244
83.16887956868543
80.54645127919744
82.67451040110149
82.81042845150454
82.54942906997995
82.9829862277617
82.48800930623956
83.62424526561189
82.79678670839714
83.50163282026293
84.32104041488934
83.44377499197984
82.7827101916139
78.10322463459131
80.14521211766876
81.56886881137146
79.87137739887413
81.70861028994635
82.6571820840067
83.90903772078856
80.94359886180412
81.17005557373678
81.40379625751605
83.57403820304762
82.11194390620786
83.1201974051377
82.7284759299536
82.68263443279346
82.51447560320264
87.96686872091351
88.84347981168821
89.25300013690715
86.27501420025624
89.46194296917821
89.59944161941445
88.53408811664696
87.72536103168379
90.24901183427882
91.6507216561861
89.95863218315856
88.51149666543189
91.21818174495621
90.26301189755922
91.50683812298433
87.75582582534338
88.56778718812681
87.82439803186402
89.67602786648725
97.79315995096847
88.68891783690701
90.1776736703551
92.62745065139302
99.8663947505812
93.27396533811661
93.73552736236955
92.61244582863581
102.95271078968194
92.5897100308665
96.43548004869797
95.36766985482376
102.24211488755581
70.20290983496959
73.64626355358001
65.12794159641847
75.18141211988898
75.73701188886136
71.80792814364284
73.12826882248962
87.23424483768677
75.48307426194371
76.129354292246
78.62925689265221
92.82869495198855
72.40573471278185
78.15122159021838
79.58023049613718
93.11593271972458
38.431302244583044
45.16777985797745
40.24866042170604
47.29290436642239
45.75431094019288
44.413603116880616
43.96187499635014
55.80729689293069
44.968638476069906
46.88506342163308
49.07990311220947
61.75369528341975
47.41892113416654
47.89534130034097
49.44721646982142
61.38863740017058
13.514455407829331
16.107814278796173
25.576910453797186
27.608522141109187
26.039728273525736
27.557034488222143
26.651029769706977
35.960817778738864
26.882539676071282
24.94543811546568
26.780286971301916
41.587664429161876
27.945592407143998
29.5298114287109
29.931255660208304
41.535483512569066
4.827440416985114
4.912805388255027
8.494894379030868
9.937315520699537
10.816112271748372
11.80377837228545
10.321915117844346
13.10939233252261
12.685227184981889
11.547640682243761
12.294779458835544
20.70275400241378
11.467065091632684
12.932690298151153
15.243492026641528
21.09643519253893
2.268283748927665
2.8020251391991096
3.5902596430725984
4.645487144138722
5.01363690425276
4.126629190230267
4.428455534624713
6.151094428576182
5.23683854239864
5.464161700034453
5.834117626929875
9.337240619789213
4.975275892225639
4.97499078888606
7.124124338255379
8.994823208286187
