73887.0
73937.6640625
73917.8046875
73394.734375
73183.4296875
73210.734375
69885.765625
70068.3984375
69869.3984375
70196.765625
70719.03125
67610.1640625
66280.734375
65985.1328125
64885.40234375
64287.76953125
64541.06640625
62142.33203125
62083.734375
62158.1015625
61830.0
62427.0
64312.0
62856.93359375
62991.0
62601.19921875
62114.93359375
62174.5
58297.69921875
58768.19921875
58865.46875
58708.53125
59423.19921875
61042.93359375
60171.30078125
59140.765625
59125.8671875
58597.46484375
58341.3984375
56008.09765625
56126.234375
56125.53515625
55477.1328125
55450.46875
57640.6328125
57096.765625
55879.19921875
55749.83203125
55630.06640625
55614.03515625
53461.30078125
53266.765625
52634.83203125
53532.6328125
53485.96875
54417.46875
53747.734375
52915.5
52910.46484375
52457.8671875
52312.93359375
50515.8984375
49996.93359375
51157.80078125
50075.19921875
49262.1640625
51514.83203125
51213.43359375
51103.6015625
50348.03125
49507.6328125
48961.46484375
47817.0
47852.6015625
47688.8671875
47172.265625
47267.83203125
48478.6640625
47813.56640625
47550.30078125
47211.3671875
46692.69921875
46567.234375
44247.5
44240.06640625
44125.8984375
44176.46484375
43959.6328125
44748.33203125
44194.16796875
43715.234375
43667.0
43367.09765625
42887.3671875
41250.93359375
41641.06640625
41772.69921875
41225.1015625
41300.8671875
20833.66553878784
20826.920112609863
20633.546115875244
20274.089057922363
20267.58910560608
20213.811668396
20021.255710601807
19824.448760986328
19875.63039016724
19896.94026947021
19672.22946929932
60272.33203125
60315.83203125
60345.5
60486.66796875
60129.0
60216.0
59075.0
59548.0
59313.16796875
59253.5
59395.66796875
71866.3359375
68540.8359375
67164.6640625
66075.0
65949.0
65540.6640625
64466.0
65133.5
65215.16796875
65983.5
67426.1640625
68169.0
65522.33203125
64421.66796875
63439.16796875
62356.0
62242.0
61329.83203125
61064.5
60767.0
61259.83203125
61238.0
65101.5
62645.16796875
61460.33203125
60240.16796875
59448.66796875
58970.33203125
58255.66796875
57720.16796875
57836.66796875
57830.83203125
57717.33203125
61209.33203125
58935.83203125
58159.5
57178.83203125
56357.66796875
56143.0
54936.83203125
54610.16796875
54342.16796875
54101.5
54193.83203125
57983.66796875
55959.33203125
54951.66796875
53909.83203125
53278.83203125
52776.5
51295.66796875
50837.75
50942.80078125
50557.19921875
50678.43359375
55206.83203125
53214.33203125
52129.83203125
51239.33203125
50500.33203125
49833.21484375
48363.25
48493.59765625
48433.6171875
48002.94921875
47496.28515625
52196.16796875
50699.5
49712.43359375
48635.96875
47827.484375
47266.58203125
46168.53515625
45560.484375
45090.30078125
44865.984375
44547.8515625
48974.25
47364.234375
46385.1328125
45384.984375
44692.05078125
43843.015625
42839.3671875
42199.16796875
42008.765625
41570.015625
41425.8828125
22503.70150566101
21839.71031856537
21160.256797790527
20926.073875427246
20488.95604324341
20277.75779914856
20067.612590789795
19813.715251922607
19671.76657485962
19557.17179107666
19442.71043777466
47448.0
47531.75
47484.66796875
47362.08203125
47473.58203125
47798.33203125
45874.58203125
46347.66796875
46256.58203125
45602.16796875
45839.16796875
60875.16796875
58374.83203125
56760.66796875
55969.75
55646.66796875
55599.33203125
53648.25
53902.5
54731.08203125
55399.58203125
56654.5
66922.0
64001.91796875
62171.66796875
61348.5
60298.33203125
60130.58203125
57555.16796875
58285.5
58106.08203125
54983.66796875
58676.08203125
59620.58203125
60209.33203125
58788.58203125
58244.25
57735.41796875
57252.58203125
51944.5
54868.5
54614.83203125
54820.25
55309.16796875
59860.75
57041.58203125
55697.41796875
54816.25
54020.66796875
53796.75
52012.91796875
51670.16796875
51313.75
51466.5
51454.91796875
56068.0
53565.0
52506.16796875
51665.75
51088.5
50395.75
48248.66796875
48374.33203125
47996.91796875
47911.33203125
45844.0
53422.16796875
51312.66796875
50151.33203125
48891.58203125
48468.33203125
47609.75
45878.08203125
45500.41796875
45351.5
45226.5
45239.58203125
50182.08203125
48251.83203125
47182.41796875
46321.83203125
45499.58203125
44815.08203125
43532.91796875
42980.75
42946.08203125
42531.5
42163.16796875
47404.91796875
45700.41796875
44361.16796875
43273.08203125
42665.75
42024.91796875
40684.75
40220.83203125
39748.0
39473.16796875
39456.5
44042.0
21842.413452148438
21442.886749267578
20865.683868408203
20554.61050415039
20058.320556640625
19935.727935791016
19571.526691436768
19258.33850479126
19236.15325164795
19151.985374450684
30270.916015625
31427.583984375
28916.333984375
28945.458984375
30629.5
31509.708984375
28411.0
28555.958984375
27870.833984375
29767.958984375
29647.083984375
45164.5
43063.66796875
41993.66796875
40203.33203125
40021.5
39893.04296875
35342.83203125
38793.08203125
39524.04296875
38956.66796875
39223.625
53120.25
50406.5
48426.75
47466.20703125
46487.45703125
47115.95703125
44727.95703125
44377.54296875
43650.45703125
44772.54296875
44094.25
57790.83203125
53109.75
52490.45703125
51053.66796875
50404.5
50220.91796875
47958.66796875
46956.66796875
47470.83203125
47289.54296875
45742.83203125
52028.16796875
51267.08203125
49254.58203125
49384.875
48533.16796875
48403.83203125
45125.25
45005.45703125
44781.20703125
44177.25
44916.33203125
50076.875
48413.04296875
47243.29296875
46314.83203125
45914.54296875
44439.25
41732.875
41975.58203125
42163.45703125
41746.04296875
39799.375
47227.5
46244.54296875
45118.0
43290.16796875
43340.04296875
42689.70703125
38577.75
38314.54296875
39138.29296875
39306.875
38788.125
44739.625
43990.70703125
40948.45703125
42123.875
40585.33203125
39753.08203125
37819.16796875
37581.875
36685.95703125
35935.58203125
36933.125
42786.0
41371.66796875
39390.29296875
39382.0
37265.375
38036.95703125
35066.125
35326.33203125
35066.33203125
34671.5
34693.91796875
42185.9375
20472.67771911621
20173.487747192383
19691.50595855713
19391.075218200684
19066.69776916504
18825.103313446045
17992.703477859497
18362.51274871826
18228.50675010681
18144.875812530518
16127.3955078125
15522.5419921875
15070.2919921875
16230.7705078125
16196.9169921875
16944.208984375
14209.2705078125
13478.4580078125
14291.1044921875
14004.2919921875
14275.8544921875
29708.583984375
28185.5
26082.3125
26777.6875
25883.416015625
26556.478515625
22945.458984375
23247.916015625
23116.791015625
24143.166015625
24893.6875
38518.45703125
33211.33203125
34720.4375
33751.20703125
34734.04296875
34058.125
29553.75
29177.958984375
29980.521484375
29535.375
30231.1875
46065.91796875
41524.98046875
41319.35546875
40680.75
40741.64453125
38163.98046875
34250.5625
33396.29296875
33752.5625
32905.20703125
35087.29296875
49634.4375
45234.0625
41988.08203125
42910.8125
41800.9375
43053.10546875
37709.5625
37616.23046875
36137.8125
35349.10546875
36557.125
45999.73046875
43779.89453125
41763.76953125
40157.39453125
41114.14453125
39991.23046875
34235.95703125
35384.16796875
34686.125
34062.625
34722.39453125
43086.48046875
40170.875
38731.16796875
39234.9375
38776.01953125
38202.5625
32884.04296875
30955.791015625
31403.646484375
31946.166015625
31729.853515625
39469.29296875
39729.0
37639.9375
36525.08203125
36752.08203125
35670.6875
31003.958984375
30756.458984375
30552.75
30918.478515625
29803.353515625
38035.01953125
36626.41796875
35004.6875
34331.125
33836.0
34176.5625
28919.353515625
29251.771484375
27203.875
28396.4375
28636.0625
39914.28125
38653.4375
18871.86524963379
37025.125
36844.1875
35120.84375
17642.013437271118
17391.256531238556
34979.15625
17417.761771917343
34684.8125
5434.732142857143
5384.071428571428
5521.875
5363.410714285715
5299.107142857143
5173.839285714285
4165.785714285715
3949.4464285714284
3981.3928571428573
4062.0
3787.1428571428573
15901.232142857143
14283.857142857143
20044.821428571428
14857.285714285714
13997.25
14392.214285714286
8976.17857142857
8564.30357142857
8264.625
8510.0
8895.892857142857
22270.589285714286
21737.589285714286
21077.678571428572
20824.035714285714
20657.553571428572
20995.071428571428
11713.964285714286
12400.607142857143
11795.82142857143
11972.857142857143
12957.785714285714
43080.357142857145
40267.5
39401.07142857143
37790.357142857145
39443.57142857143
38081.42857142857
15453.285714285714
14689.964285714286
15568.32142857143
14683.5
14917.392857142857
46773.92857142857
40139.642857142855
43512.5
42773.21428571428
43317.5
43902.5
16912.39285714286
17365.035714285714
18261.75
18372.0
17758.785714285714
52162.857142857145
46074.28571428572
44941.42857142857
45130.0
45342.857142857145
41803.92857142857
18868.428571428572
31260.285714285714
30579.946428571428
30652.39285714286
31089.375
48612.142857142855
45278.75
43695.17857142857
41272.5
43909.82142857143
42350.71428571428
29064.23214285714
28335.910714285714
28360.26785714286
27593.321428571428
28814.625
44194.28571428572
41845.71428571428
41525.71428571428
40550.892857142855
40658.92857142857
38515.357142857145
28170.803571428572
28288.660714285714
27974.64285714286
26748.303571428572
27520.48214285714
42829.107142857145
40863.92857142857
38877.67857142857
38370.0
38759.642857142855
36660.482142857145
25568.946428571428
26237.821428571428
24361.375
25316.14285714286
24295.035714285714
39190.71428571428
38378.57142857143
37211.607142857145
36372.857142857145
34717.67857142857
34150.21428571428
33334.41071428572
33623.55357142857
31983.053571428572
32664.51785714286
32395.76785714286
