1553616.6666666667
1670543.3333333333
1945770.0
2445820.0
1100071.0
1176223.3333333333
1385086.6666666667
1964593.3333333333
918101.3333333334
970464.6666666666
1211540.0
1597790.0
788888.0
863018.3333333334
1045400.0
1352340.0
675324.3333333334
729254.3333333334
861174.0
1084406.6666666667
571638.3333333334
617211.3333333334
747379.6666666666
915151.6666666666
1424516.6666666665
1538685.0
1725655.0
2396670.0
1181273.3333333333
1249506.6666666665
1449363.3333333333
1842031.6666666667
917831.6666666666
993345.0
1178156.6666666665
1522801.6666666665
747418.3333333334
836460.0
994195.0
1234438.3333333333
612656.6666666666
675738.3333333334
790408.3333333334
946771.6666666666
538041.6666666666
587313.3333333334
673681.6666666666
789895.0
1374923.3333333333
1468020.0
1684541.6666666667
2333231.6666666665
1149462.5
1268757.5
1436502.5
1751849.1666666667
932103.3333333334
1019362.5
1173017.5
1451254.1666666667
730136.6666666666
827343.3333333333
978058.3333333334
1187765.8333333333
580942.5
655478.3333333333
767402.5
905116.6666666666
511653.3333333333
574250.8333333333
655115.8333333333
756924.1666666666
1262119.1666666667
1387375.0
1504350.0
2049875.0
1043992.0833333334
1158862.5
1304882.0833333333
1567104.1666666667
890567.5
999366.25
1130883.75
1340080.8333333333
683491.25
793244.1666666666
929105.0
1088147.0833333333
509554.5833333333
616762.0833333334
723272.0833333334
833235.8333333334
449005.8333333333
524620.0
623485.8333333334
710318.75
1107316.6666666667
1298077.083333333
1446564.583333333
1859910.4166666667
855404.1666666666
1045481.25
1183216.6666666667
1313543.75
824218.75
942850.0
1077131.25
1213131.25
613143.125
763287.5
898072.9166666666
980464.5833333334
432417.0833333333
557200.2083333334
648136.875
670853.75
365939.375
479302.2916666667
552307.7083333334
576824.7916666666
958870.2380952381
1222719.0476190478
1448096.4285714286
1672801.1904761905
687648.8095238096
900914.2857142857
1074214.2857142857
1005273.8095238096
759098.8095238096
962415.476190476
1099258.3333333333
1077747.619047619
560245.8333333334
793836.9047619046
883855.9523809524
878484.5238095239
327171.78571428574
484471.1904761905
561198.4523809523
531871.3095238095
272599.40476190473
407537.5
473181.3095238095
425430.23809523805
