81612.0
64860.5
57475.0
50130.56666666668
47141.86666666667
42878.083333333336
54160.08333333333
40667.666666666664
32382.16666666667
27518.33333333333
23722.5
20434.375
32235.666666666664
22576.291666666664
16082.75
13739.0
11016.9375
10091.637499999999
76956.25
62437.08333333333
55050.08333333333
51842.33333333333
46383.16666666666
43990.25
52113.125
41298.541666666664
33114.208333333336
27597.58333333333
23899.58333333333
21148.916666666668
30387.5
22561.104166666668
17053.708333333332
13312.3125
11464.166666666664
9780.666666666666
62783.833333333336
54291.416666666664
50384.708333333336
45794.708333333336
42954.5
40668.625
39429.645833333336
33238.666666666664
27308.729166666668
23050.0
20103.25
18325.270833333332
0.0
0.0
0.0
0.0
0.0
0.0
56735.583333333336
50414.208333333336
46128.208333333336
42539.1875
40318.3125
37773.833333333336
0.0
0.0
0.0
0.0
0.0
0.0
0.0
0.0
0.0
0.0
0.0
0.0
0.0
0.0
0.0
0.0
0.0
0.0
0.0
0.0
0.0
0.0
0.0
0.0
0.0
0.0
0.0
0.0
0.0
0.0
82073.0
59639.0
52652.5
46321.05
41805.25
38292.166666666664
54329.08333333333
37359.583333333336
27939.74166666667
25251.1
21383.36666666667
19635.016666666666
30285.25
17010.916666666668
12582.466666666667
9711.370833333332
8100.5
6638.429166666666
76616.58333333333
59266.5
51975.25
46405.91666666666
42706.25
39967.0
47347.375
35402.333333333336
28863.541666666664
24082.0
20943.208333333332
18477.666666666668
30065.520833333332
20273.9375
15215.020833333332
12543.3125
10514.375
8995.520833333334
61529.666666666664
50421.083333333336
46296.291666666664
42147.625
40609.958333333336
36682.291666666664
40091.8125
32806.5625
27142.8125
22905.8125
19875.3125
17900.03125
21400.8125
17023.635416666668
13518.875
10728.989583333334
9417.114583333334
8073.947916666666
56531.333333333336
47643.333333333336
43266.645833333336
39527.666666666664
37092.5625
35062.395833333336
33579.895833333336
28374.739583333332
23262.520833333332
20105.3125
17402.125
15890.635416666666
0.0
0.0
0.0
0.0
0.0
0.0
31918.166666666668
28308.791666666668
25356.0625
23439.885416666668
22178.9375
20320.541666666668
0.0
0.0
0.0
0.0
0.0
0.0
0.0
0.0
0.0
0.0
0.0
0.0
81396.16666666667
39166.55
31487.783333333336
33132.23333333333
23357.3
19753.08333333333
54715.66666666666
28629.95
23340.11666666667
19040.408333333333
15561.966666666667
15347.391666666668
32060.375
16111.520833333336
11581.341666666667
8338.783333333335
6175.420833333333
5142.666666666667
75620.16666666667
44090.666666666664
36753.75
30969.41666666667
28085.5
24480.09166666666
51421.458333333336
26860.70833333333
20421.25
16647.875
14799.041666666664
12827.975
29981.791666666668
14583.333333333332
10632.645833333334
8689.166666666666
6915.833333333332
6242.272916666665
60364.375
43770.875
37433.833333333336
35484.458333333336
31537.20833333333
30345.95833333333
39572.229166666664
26385.354166666668
21244.083333333332
18476.416666666668
16187.8125
14704.416666666664
21435.802083333332
13590.989583333334
10707.520833333334
8995.71875
7819.90625
6931.395833333332
54116.875
39541.520833333336
35227.541666666664
32582.895833333332
29710.0
26872.104166666668
36001.666666666664
23769.041666666668
19643.354166666668
17845.979166666668
14182.260416666666
13366.083333333334
18151.40625
12384.390625
9718.578125
7915.994791666667
6639.177083333333
5982.229166666667
31148.083333333332
22904.833333333332
20924.59375
19008.239583333332
17378.229166666668
17100.020833333332
21568.4375
14572.5234375
11303.5
9252.1171875
8704.088541666666
7332.59375
11964.765625
6782.29296875
5214.16015625
4308.984375
3325.015625
3122.0703125
80818.33333333333
35297.36666666667
20937.249999999996
21090.7
14109.016666666668
11602.95
54546.16666666666
22613.31666666667
13778.975
12524.433333333334
12051.566666666666
5242.933333333333
32545.541666666664
14488.658333333333
11125.799999999997
7384.358333333334
7735.404166666667
6683.008333333334
75048.83333333333
35393.166666666664
27187.33333333333
21722.983333333334
18696.4
16070.808333333334
51211.75
20883.541666666668
15498.333333333336
12848.666666666664
9948.995833333334
8535.583333333334
28770.520833333332
10476.208333333334
7736.666666666668
5674.75
5290.504166666667
4113.870833333333
59255.166666666664
40220.375
32380.791666666664
28930.20833333333
25261.45833333333
24782.25
38217.583333333336
20794.416666666668
16857.625
13842.125
12534.9375
11383.6875
20867.53125
11454.833333333334
8410.166666666666
7363.947916666666
6086.645833333332
5539.291666666667
53866.1875
30927.083333333332
26089.125
23604.625
21283.166666666668
19112.020833333332
35646.458333333336
19492.541666666668
14605.375
13049.697916666666
11721.927083333334
10721.1875
18794.010416666668
10125.994791666666
7812.78125
6239.291666666667
5041.557291666667
4385.135416666667
30666.020833333332
16689.645833333332
15657.729166666666
13717.3125
12533.09375
11073.427083333334
22383.489583333332
12066.895833333334
8836.427083333334
7642.614583333333
6745.416666666667
5516.197916666667
11919.140625
5774.83984375
4196.55078125
3479.62109375
2700.90234375
2486.4453125
