22207.649999999998
17427.358333333334
17425.516666666666
15018.875
13695.75
13101.966666666667
13697.666666666664
11518.104166666664
10627.824999999999
10024.35
8710.3375
7581.145833333332
6686.395833333332
6218.422916666666
5624.954166666666
4746.902083333333
3933.6333333333337
3381.6145833333335
26446.66666666667
21206.350000000002
21803.25
21232.88333333333
19023.141666666666
16535.866666666665
16746.708333333332
14069.291666666664
13808.625
12006.225
10297.295833333332
8881.2
8074.104166666668
7672.208333333332
6974.333333333332
5641.572916666668
4553.414583333334
3997.31875
47063.33333333333
40331.416666666664
37176.75
35869.416666666664
32337.91666666667
28231.75
30387.375
25249.70833333333
23037.625
19917.083333333332
16771.583333333332
14962.083333333336
15372.125
13742.270833333332
11562.541666666664
9301.8125
7695.145833333332
6498.5
242324.41666666666
176152.41666666666
140525.33333333334
116505.33333333333
101429.91666666667
89366.08333333333
236407.08333333334
124898.58333333333
83331.33333333333
64334.583333333336
52927.416666666664
44524.5
224416.04166666666
71437.29166666667
43505.0625
31574.854166666668
24823.666666666668
20494.041666666668
21598.733333333334
16826.81666666667
16077.825000000003
14515.733333333332
12604.049999999997
12161.275
12923.583333333336
11279.05
10157.091666666665
9656.295833333332
8270.025000000001
7221.679166666666
6604.895833333332
6265.891666666666
5365.700000000001
4583.864583333333
3771.09375
3178.9812499999994
25374.5
20536.225000000002
20533.75
20253.65
18444.716666666667
15758.591666666667
16491.125
13887.083333333336
12825.833333333336
11406.4
9815.658333333333
8485.7125
8136.458333333332
7647.729166666668
6585.5625
5376.60625
4417.09375
3756.902083333333
43536.666666666664
37719.833333333336
33228.416666666664
32212.25
30108.0
26163.0
29280.541666666664
23767.0
21226.125
18475.416666666668
15596.208333333336
13494.416666666664
14996.6875
13148.479166666664
10618.333333333334
8461.5625
6939.895833333332
5935.683333333335
185240.75
134976.41666666666
109855.41666666667
93306.83333333333
80142.33333333333
71249.75
180846.25
95070.08333333333
66088.70833333333
50857.75
41009.791666666664
35394.5
165083.54166666666
55827.229166666664
33836.666666666664
24316.770833333332
19296.729166666668
15876.5
22799.91666666667
17523.95
17367.575
14937.591666666667
13578.316666666666
13059.425
13738.125
13201.25
10785.325
9811.391666666666
8461.929166666667
7312.258333333334
6955.791666666668
7314.25
5585.2375
4629.175
3792.8770833333333
3255.73125
27043.5
21214.625
20731.324999999997
20631.608333333334
18669.399999999998
16106.866666666667
17301.833333333332
16214.791666666664
13989.625
11689.433333333334
9921.245833333332
8599.35
8321.6875
8791.145833333334
6822.708333333332
5472.483333333334
4502.443749999999
3841.008333333333
46268.66666666666
39854.666666666664
35095.583333333336
33718.333333333336
30994.83333333333
26914.0
30945.25
28627.375
22529.416666666664
18969.875
16030.5
13892.083333333336
15795.625
14995.354166666664
11097.145833333334
8761.0625
7225.520833333332
6079.8083333333325
212468.5
150616.33333333334
119847.58333333333
100205.16666666667
87288.58333333333
77059.91666666667
203032.91666666666
105630.375
72677.91666666667
55238.0
44897.5
38319.125
187553.75
60795.708333333336
36521.0625
26635.458333333332
20820.9375
17304.75
23805.8
18521.149999999998
18051.575
15961.466666666665
15029.575000000003
13904.433333333334
14224.416666666664
14519.666666666664
11358.7125
10063.129166666668
8574.104166666666
7338.316666666667
7492.020833333332
8068.625
5838.695833333335
4714.002083333333
3838.729166666666
3243.5625
27347.91666666667
23159.13333333333
21593.766666666666
21598.4
19491.94166666667
16412.058333333334
18188.583333333332
17742.916666666668
14825.666666666664
12018.491666666665
10120.408333333333
8801.341666666667
9089.8125
9887.166666666666
7293.604166666668
5635.3375
4563.622916666667
3841.1770833333335
49060.83333333333
42580.0
37726.5
35976.25
32844.833333333336
28251.83333333333
32947.125
32347.75
24426.70833333333
19884.833333333332
16876.458333333332
14546.541666666664
16691.0625
17113.520833333332
12073.0625
9346.4375
7556.875
6402.729166666668
249134.33333333334
179073.5
144932.83333333334
121155.33333333333
106317.41666666667
93081.0
234172.5
126597.91666666667
87766.83333333333
66872.29166666667
54509.708333333336
45951.375
217207.5
71687.08333333333
43619.770833333336
31784.75
24763.416666666668
20348.604166666668
19008.729166666668
15677.875
14020.104166666664
12090.583333333332
10896.895833333334
9412.541666666666
0.0
0.0
0.0
0.0
0.0
0.0
0.0
0.0
0.0
0.0
0.0
0.0
23531.833333333332
18325.041666666668
17148.395833333332
15878.583333333332
15694.125
15014.0
0.0
0.0
0.0
0.0
0.0
0.0
0.0
0.0
0.0
0.0
0.0
0.0
38481.25
32111.645833333332
30723.6875
29370.979166666668
28504.791666666668
25652.4375
0.0
0.0
0.0
0.0
0.0
0.0
0.0
0.0
0.0
0.0
0.0
0.0
189288.9583333333
138413.3333333333
110483.33333333333
92538.125
77219.375
68843.75
0.0
0.0
0.0
0.0
0.0
0.0
0.0
0.0
0.0
0.0
0.0
0.0
16913.708333333332
14278.895833333332
14157.979166666664
12000.333333333332
10895.583333333334
9289.9375
0.0
0.0
0.0
0.0
0.0
0.0
0.0
0.0
0.0
0.0
0.0
0.0
20738.666666666668
17439.8125
16718.4375
15164.479166666664
15012.104166666664
14196.729166666664
0.0
0.0
0.0
0.0
0.0
0.0
0.0
0.0
0.0
0.0
0.0
0.0
34757.791666666664
30281.958333333332
28186.958333333332
27695.458333333332
25970.916666666668
23923.020833333332
0.0
0.0
0.0
0.0
0.0
0.0
0.0
0.0
0.0
0.0
0.0
0.0
145073.3333333333
110658.95833333333
89051.875
75077.70833333333
65742.5
57092.791666666664
0.0
0.0
0.0
0.0
0.0
0.0
0.0
0.0
0.0
0.0
0.0
0.0
17945.75
15343.333333333332
14012.541666666664
13045.020833333332
10767.583333333334
9373.416666666666
0.0
0.0
0.0
0.0
0.0
0.0
0.0
0.0
0.0
0.0
0.0
0.0
21722.4375
18957.875
16743.479166666668
17742.958333333332
15859.770833333332
14395.6875
0.0
0.0
0.0
0.0
0.0
0.0
0.0
0.0
0.0
0.0
0.0
0.0
37989.020833333336
32658.729166666668
28883.979166666668
28100.875
26634.666666666668
24797.979166666668
0.0
0.0
0.0
0.0
0.0
0.0
0.0
0.0
0.0
0.0
0.0
0.0
168344.375
123455.20833333333
100095.41666666667
84433.125
71108.33333333333
63386.041666666664
0.0
0.0
0.0
0.0
0.0
0.0
0.0
0.0
0.0
0.0
0.0
0.0
20106.208333333332
16645.979166666668
14132.041666666664
12542.583333333332
10614.958333333334
9024.791666666666
0.0
0.0
0.0
0.0
0.0
0.0
0.0
0.0
0.0
0.0
0.0
0.0
24006.0
19685.270833333332
17246.229166666668
17005.083333333332
14420.125
13428.708333333332
0.0
0.0
0.0
0.0
0.0
0.0
0.0
0.0
0.0
0.0
0.0
0.0
39832.854166666664
34257.8125
31689.0625
28764.208333333332
26539.229166666668
24395.208333333332
0.0
0.0
0.0
0.0
0.0
0.0
0.0
0.0
0.0
0.0
0.0
0.0
203578.125
152867.0833333333
125308.125
102837.91666666667
89380.83333333333
79084.375
0.0
0.0
0.0
0.0
0.0
0.0
0.0
0.0
0.0
0.0
0.0
0.0
0.0
0.0
0.0
0.0
0.0
0.0
0.0
0.0
0.0
0.0
0.0
0.0
0.0
0.0
0.0
0.0
0.0
0.0
0.0
0.0
0.0
0.0
0.0
0.0
0.0
0.0
0.0
0.0
0.0
0.0
0.0
0.0
0.0
0.0
0.0
0.0
0.0
0.0
0.0
0.0
0.0
0.0
0.0
0.0
0.0
0.0
0.0
0.0
0.0
0.0
0.0
0.0
0.0
0.0
0.0
0.0
0.0
0.0
0.0
0.0
0.0
0.0
0.0
0.0
0.0
0.0
0.0
0.0
0.0
0.0
0.0
0.0
0.0
0.0
0.0
0.0
0.0
0.0
0.0
0.0
0.0
0.0
0.0
0.0
0.0
0.0
0.0
0.0
0.0
0.0
0.0
0.0
0.0
0.0
0.0
0.0
0.0
0.0
0.0
0.0
0.0
0.0
0.0
0.0
0.0
0.0
0.0
0.0
0.0
0.0
0.0
0.0
0.0
0.0
0.0
0.0
0.0
0.0
0.0
0.0
0.0
0.0
0.0
0.0
0.0
0.0
0.0
0.0
0.0
0.0
0.0
0.0
0.0
0.0
0.0
0.0
0.0
0.0
0.0
0.0
0.0
0.0
0.0
0.0
0.0
0.0
0.0
0.0
0.0
0.0
0.0
0.0
0.0
0.0
0.0
0.0
0.0
0.0
0.0
0.0
0.0
0.0
0.0
0.0
0.0
0.0
0.0
0.0
0.0
0.0
0.0
0.0
0.0
0.0
0.0
0.0
0.0
0.0
0.0
0.0
0.0
0.0
0.0
0.0
0.0
0.0
0.0
0.0
0.0
0.0
0.0
0.0
0.0
0.0
0.0
0.0
0.0
0.0
0.0
0.0
0.0
0.0
0.0
0.0
0.0
0.0
0.0
0.0
0.0
0.0
0.0
0.0
0.0
0.0
0.0
0.0
0.0
0.0
0.0
0.0
0.0
0.0
0.0
0.0
0.0
0.0
0.0
0.0
0.0
0.0
0.0
0.0
0.0
0.0
0.0
0.0
0.0
0.0
0.0
0.0
0.0
0.0
0.0
0.0
0.0
0.0
0.0
0.0
0.0
0.0
0.0
0.0
0.0
0.0
0.0
0.0
0.0
0.0
0.0
0.0
0.0
0.0
0.0
0.0
0.0
0.0
0.0
0.0
0.0
0.0
0.0
0.0
0.0
0.0
0.0
0.0
0.0
0.0
0.0
0.0
0.0
0.0
0.0
0.0
0.0
0.0
0.0
0.0
22268.983333333334
16909.600000000002
17651.016666666666
14567.2
12158.625
12294.758333333333
13263.375
11101.279166666667
9682.6875
9338.595833333333
8443.554166666667
7184.204166666667
6660.395833333332
5749.866666666665
5017.05
4464.95625
3773.63125
3315.008333333333
26267.58333333333
20414.8
21233.641666666666
19958.225
18296.5
15729.174999999997
16783.625
13621.208333333336
11866.79583333333
11471.020833333336
9956.85
8658.85
8246.020833333334
6871.3125
6285.033333333333
5355.2375
4488.639583333333
3899.347916666667
47458.16666666666
39801.25
35339.833333333336
34516.0
32077.66666666667
27482.33333333333
30265.375
23690.33333333333
21013.25
18947.583333333332
16339.458333333336
14040.583333333336
15524.020833333332
12411.479166666664
10521.895833333334
8714.395833333334
7321.708333333332
6227.239583333332
242112.0
163300.91666666666
129902.25
108878.75
93042.75
83152.33333333333
236403.75
115174.45833333333
78979.125
60514.5
47956.875
41499.25
223016.25
66927.08333333333
40497.583333333336
29066.4375
23122.833333333332
18855.729166666668
22089.191666666666
16562.491666666665
17333.341666666667
13677.866666666667
12011.283333333333
11131.116666666667
13101.75
10741.029166666667
9388.9625
8707.229166666666
8079.470833333333
7114.3125
6580.458333333332
5639.039583333335
4924.108333333334
4221.283333333333
3646.972916666667
3127.1458333333335
25813.25
19979.433333333334
20485.88333333333
18548.649999999998
17638.808333333334
15373.35
16091.041666666664
13172.708333333336
11363.23333333333
10975.549999999997
9418.104166666666
8244.283333333333
8039.229166666668
6762.666666666668
5980.05
5047.870833333333
4226.437500000001
3654.9520833333336
44188.666666666664
37262.5
32445.66666666667
31647.66666666667
29257.91666666667
25260.78333333334
28898.166666666664
22200.791666666668
19944.125
17438.25
15031.208333333336
13130.375
15004.625
11659.916666666664
9729.041666666666
7945.479166666668
6674.854166666668
5717.647916666665
185771.08333333334
128767.33333333333
103205.08333333333
85645.83333333333
75068.83333333333
66867.75
180403.33333333334
91266.79166666667
62201.0
48094.875
39530.25
33057.625
165220.625
52522.875
32161.979166666668
22983.75
18094.541666666668
14984.6875
22350.61666666667
17353.508333333335
17850.774999999998
14259.991666666667
11909.291666666664
11926.858333333335
13841.458333333336
12284.416666666664
10126.933333333332
9404.0375
8229.654166666667
7123.733333333333
6905.645833333332
6671.729166666668
5254.0125
4300.427083333333
3681.120833333333
3170.74375
27085.5
20520.399999999998
20669.833333333332
20109.791666666668
18028.100000000002
15786.358333333332
16969.666666666668
15072.916666666664
12807.166666666664
11390.779166666667
9587.316666666666
8362.479166666666
8361.875
8046.041666666668
6319.366666666665
5207.4875
4347.852083333333
3749.652083333333
46098.75
38934.583333333336
33704.75
32427.0
30220.91666666667
25859.58333333333
30370.45833333333
26357.041666666664
21380.291666666668
18291.041666666668
15465.875
13401.583333333336
15727.125
13962.958333333332
10494.1875
8272.1875
6911.3125
5869.462499999999
211256.0
143701.91666666666
112561.16666666667
93422.83333333333
81033.0
71415.0
202056.25
100025.75
68578.66666666667
52206.333333333336
42088.708333333336
35310.25
188076.875
56105.3125
34623.770833333336
25001.1875
19345.770833333332
15758.479166666664
23202.275
18176.108333333334
18404.208333333332
14936.533333333333
13607.908333333335
12833.65
14647.25
13885.458333333336
10935.612500000001
9961.591666666665
8494.695833333333
7218.4
7459.354166666668
7625.145833333332
5703.36875
4509.020833333333
3751.091666666667
3158.38125
28259.16666666667
22077.00833333333
21684.524999999998
21068.091666666664
18774.649999999998
16008.425
17789.208333333332
16879.458333333332
14405.625
11665.425
9982.154166666665
8671.416666666666
8955.604166666666
9339.5625
7034.4375
5458.816666666667
4490.654166666667
3790.354166666666
48947.58333333333
40847.0
36590.0
34861.583333333336
31762.58333333333
27169.91666666667
32161.83333333333
30388.75
23398.45833333333
19579.375
16462.208333333332
14312.083333333336
16702.583333333332
15946.854166666664
11505.666666666664
8934.354166666666
7277.9375
5977.125
246461.91666666666
171014.0
134260.0
108652.25
96688.0
84858.16666666667
236322.08333333334
120913.20833333333
82400.79166666667
62410.041666666664
51285.208333333336
43313.208333333336
216992.5
67843.125
39605.770833333336
29234.833333333332
23219.270833333332
19030.145833333332
19695.979166666668
15526.520833333332
14705.25
12536.6875
10747.3125
9591.270833333334
10795.125
9329.791666666666
7940.614583333332
6676.96875
6201.208333333332
6174.729166666666
0.0
0.0
0.0
0.0
0.0
0.0
23524.479166666668
18499.895833333332
18246.229166666668
14434.979166666664
15197.8125
14250.9375
13197.802083333334
11151.447916666666
9450.239583333334
8718.03125
8288.0625
7481.114583333332
0.0
0.0
0.0
0.0
0.0
0.0
39328.5
31804.270833333332
30411.666666666668
29424.770833333332
27650.708333333332
25138.125
24859.677083333332
19300.25
17166.552083333332
14716.041666666666
13275.458333333334
11974.4375
0.0
0.0
0.0
0.0
0.0
0.0
191911.04166666666
133368.54166666666
104858.75
88823.54166666667
74391.875
65704.375
173625.10416666666
86595.625
58223.020833333336
44461.666666666664
35072.083333333336
30644.145833333332
0.0
0.0
0.0
0.0
0.0
0.0
17607.270833333332
15074.166666666664
13914.958333333332
12100.083333333332
10449.125
9042.479166666666
10388.177083333334
9199.427083333334
7662.989583333332
6481.072916666666
5785.989583333332
5831.125
0.0
0.0
0.0
0.0
0.0
0.0
22484.0625
17882.541666666668
17101.916666666668
14587.229166666664
13986.458333333332
12946.145833333332
12802.229166666666
10915.75
9095.041666666666
7996.447916666666
7917.041666666666
7137.885416666666
0.0
0.0
0.0
0.0
0.0
0.0
36217.833333333336
30484.770833333332
27338.645833333332
26850.020833333332
25829.854166666668
23113.5625
23812.354166666668
18342.458333333332
16113.677083333334
13690.302083333334
12228.125
11045.927083333334
0.0
0.0
0.0
0.0
0.0
0.0
149935.8333333333
108940.20833333333
86806.04166666667
73788.33333333333
63878.333333333336
55858.083333333336
137568.64583333334
70928.125
48525.0
36743.541666666664
29725.427083333332
25543.322916666668
0.0
0.0
0.0
0.0
0.0
0.0
19155.020833333332
15538.0
15466.541666666664
12713.583333333332
10861.1875
9212.729166666666
10881.083333333334
9656.385416666666
7804.3125
6624.520833333332
5888.885416666666
5677.375
0.0
0.0
0.0
0.0
0.0
0.0
23587.8125
18484.6875
18099.8125
15198.458333333332
15361.666666666664
14510.9375
13280.791666666666
11417.239583333334
9251.708333333334
8239.427083333334
8034.302083333332
7231.53125
0.0
0.0
0.0
0.0
0.0
0.0
37567.895833333336
31520.833333333332
28781.770833333332
27750.145833333332
26325.583333333332
24451.416666666668
24789.0625
19198.947916666668
16726.90625
14130.416666666666
12361.96875
11244.270833333334
0.0
0.0
0.0
0.0
0.0
0.0
169073.125
121600.625
96615.83333333333
80942.08333333333
69702.08333333333
60513.791666666664
151965.83333333334
78075.41666666666
52661.770833333336
39999.583333333336
32298.083333333332
27025.677083333332
0.0
0.0
0.0
0.0
0.0
0.0
19976.958333333332
16524.375
15022.5
13419.8125
11031.166666666666
9410.041666666666
11382.625
9758.739583333334
7937.697916666666
6635.041666666666
5804.40625
5302.052083333333
0.0
0.0
0.0
0.0
0.0
0.0
24803.020833333332
19921.604166666668
18406.708333333332
17848.645833333332
16144.041666666664
14570.291666666664
14150.34375
11770.09375
9573.802083333334
8465.177083333334
7875.40625
6990.895833333332
0.0
0.0
0.0
0.0
0.0
0.0
40639.354166666664
34232.4375
31670.708333333332
29257.958333333332
26903.791666666668
24913.6875
26672.78125
20375.541666666668
17546.802083333332
14607.864583333334
12905.729166666666
11478.291666666666
0.0
0.0
0.0
0.0
0.0
0.0
202285.625
148215.2083333333
118345.0
96761.66666666667
83321.04166666667
74226.66666666667
180214.89583333334
94536.77083333333
63323.541666666664
47589.479166666664
38328.125
33176.770833333336
0.0
0.0
0.0
0.0
0.0
0.0
9233.864583333334
7879.6875
7749.3125
7208.208333333332
6330.572916666666
5598.552083333333
0.0
0.0
0.0
0.0
0.0
0.0
0.0
0.0
0.0
0.0
0.0
0.0
10889.802083333334
9747.53125
9732.395833333334
8694.083333333334
7631.65625
6747.614583333332
0.0
0.0
0.0
0.0
0.0
0.0
0.0
0.0
0.0
0.0
0.0
0.0
19106.708333333332
17195.479166666668
15917.447916666666
16415.166666666668
14616.375
13771.708333333334
0.0
0.0
0.0
0.0
0.0
0.0
0.0
0.0
0.0
0.0
0.0
0.0
116860.10416666667
86415.41666666666
69609.47916666666
58362.916666666664
49852.604166666664
44785.208333333336
0.0
0.0
0.0
0.0
0.0
0.0
0.0
0.0
0.0
0.0
0.0
0.0
8820.3125
8000.395833333332
7582.489583333332
7096.854166666666
6073.927083333332
5488.427083333333
0.0
0.0
0.0
0.0
0.0
0.0
0.0
0.0
0.0
0.0
0.0
0.0
10634.239583333334
9415.5
8965.833333333334
8792.010416666666
7413.135416666666
6471.697916666666
0.0
0.0
0.0
0.0
0.0
0.0
0.0
0.0
0.0
0.0
0.0
0.0
17851.40625
16265.65625
15015.78125
14425.885416666666
13392.541666666666
12853.885416666666
0.0
0.0
0.0
0.0
0.0
0.0
0.0
0.0
0.0
0.0
0.0
0.0
92262.91666666666
68300.41666666666
56985.0
47308.645833333336
40735.208333333336
36622.916666666664
0.0
0.0
0.0
0.0
0.0
0.0
0.0
0.0
0.0
0.0
0.0
0.0
9112.552083333334
8106.604166666666
7367.333333333332
7234.864583333332
6169.25
5572.854166666667
0.0
0.0
0.0
0.0
0.0
0.0
0.0
0.0
0.0
0.0
0.0
0.0
10603.34375
9807.6875
9314.916666666666
8830.552083333334
7566.479166666666
6583.958333333332
0.0
0.0
0.0
0.0
0.0
0.0
0.0
0.0
0.0
0.0
0.0
0.0
18314.28125
16641.833333333332
15556.989583333334
15308.364583333334
13377.28125
13104.572916666666
0.0
0.0
0.0
0.0
0.0
0.0
0.0
0.0
0.0
0.0
0.0
0.0
101098.33333333333
74995.20833333333
61091.458333333336
50724.791666666664
44015.104166666664
38847.395833333336
0.0
0.0
0.0
0.0
0.0
0.0
0.0
0.0
0.0
0.0
0.0
0.0
9300.833333333334
8091.520833333332
7000.677083333332
6498.46875
5591.447916666667
4850.302083333333
0.0
0.0
0.0
0.0
0.0
0.0
0.0
0.0
0.0
0.0
0.0
0.0
11048.052083333334
9875.291666666666
8902.385416666666
8231.864583333334
7011.03125
6072.947916666666
0.0
0.0
0.0
0.0
0.0
0.0
0.0
0.0
0.0
0.0
0.0
0.0
19322.166666666668
17318.572916666668
15670.104166666666
15554.78125
13324.5625
12896.614583333334
0.0
0.0
0.0
0.0
0.0
0.0
0.0
0.0
0.0
0.0
0.0
0.0
118088.95833333333
87728.22916666666
72183.64583333333
59482.1875
52475.9375
45550.416666666664
0.0
0.0
0.0
0.0
0.0
0.0
0.0
0.0
0.0
0.0
0.0
0.0
21754.850000000002
15026.1
13157.091666666667
10472.6
8760.491666666667
7738.766666666667
12970.041666666664
9212.4375
8014.991666666666
6710.3625
7160.716666666667
6257.0625
7714.854166666668
5353.822916666667
4535.304166666666
4013.6625
3781.0645833333333
3300.6229166666667
26797.33333333333
17410.625
15917.116666666669
12373.925
11473.691666666666
9796.425
16751.041666666668
11285.370833333334
9685.304166666667
8689.466666666667
8532.029166666667
7515.3875
9465.270833333334
6476.791666666668
5311.662499999999
4852.429166666667
4357.597916666667
3836.102083333333
46266.91666666666
34276.416666666664
31329.5
26979.25
23809.78333333333
22142.86666666667
30289.08333333333
19618.083333333332
18037.25
15138.291666666664
13565.916666666664
12340.566666666666
17197.666666666668
11492.041666666664
9562.5
7872.041666666668
7037.8125
6096.3791666666675
244859.41666666666
135720.16666666666
104781.58333333333
83583.66666666667
68625.16666666667
62431.91666666666
233960.41666666666
91255.25
61182.958333333336
46414.0
37949.958333333336
31380.625
228913.33333333334
55815.604166666664
31862.5
23492.270833333332
18288.666666666668
14866.520833333332
21499.274999999998
14660.891666666668
12447.7
9751.441666666668
8338.458333333334
7485.958333333332
13200.208333333336
8999.583333333334
7655.483333333334
6625.158333333333
6300.391666666667
5746.8375
7441.479166666668
5084.120833333333
4369.39375
3726.297916666667
3539.6416666666664
3126.058333333333
25962.33333333333
17845.308333333334
15010.058333333334
12395.533333333335
10361.633333333333
9222.75
16234.625
10814.966666666667
9143.104166666666
8371.120833333334
7818.75
7162.395833333332
9384.0
6375.145833333332
5319.764583333333
4652.51875
4017.527083333333
3519.160416666667
44106.833333333336
31417.91666666667
28049.75
25593.79166666667
21642.233333333334
18928.291666666668
28994.25
18615.916666666668
15804.416666666664
13859.25
12618.8125
10294.191666666666
16835.229166666668
11037.5
8884.8125
7399.229166666668
6331.80625
5469.9375
182313.41666666666
107542.75
80837.0
68746.58333333333
61114.5
53407.08333333333
177562.91666666666
76725.75
50600.125
38241.125
31155.0
25986.125
175880.625
45731.729166666664
27666.479166666668
20126.041666666668
15708.458333333332
13063.729166666664
22084.691666666666
15737.725
13092.275
10646.6
8622.208333333334
7692.575
13778.416666666664
9635.545833333334
8071.233333333334
6859.116666666666
6515.508333333334
5882.945833333334
7904.354166666668
5821.845833333333
4680.808333333333
4025.4229166666664
3516.995833333333
3179.066666666667
27068.33333333333
18421.475
15346.158333333333
12581.808333333334
10958.475
9621.25
16782.666666666668
11898.075
9773.7125
8524.137499999999
8117.441666666666
7349.883333333334
9729.1875
7129.104166666668
5752.350000000001
4822.214583333333
4184.666666666667
3590.2333333333336
46385.16666666666
32024.5
30629.75
26438.33333333333
23109.34166666666
20111.783333333336
30655.041666666664
20219.666666666668
17252.875
14644.833333333336
12950.916666666664
11061.745833333334
17834.9375
11754.6875
9293.916666666666
7463.0
6461.741666666665
5649.170833333334
211627.16666666666
121642.25
94210.83333333333
75472.5
65585.75
56020.25
201457.91666666666
80931.41666666667
54577.5
41103.291666666664
32838.875
28142.83333333333
196513.125
50824.75
29730.166666666668
21045.395833333332
16794.854166666668
13812.770833333332
23383.76666666667
16842.483333333334
14975.5
11077.158333333335
9470.091666666667
8302.058333333334
13676.75
11626.479166666664
9068.979166666666
7474.425
6912.583333333332
6345.554166666666
8392.270833333334
6955.083333333332
5201.849999999999
4307.535416666667
3748.05625
3161.5083333333337
28143.25
19832.05
18378.441666666666
13583.6
11825.183333333334
10391.958333333334
17942.041666666668
14013.625
10939.816666666666
9806.895833333334
8402.266666666665
7314.649999999999
10580.916666666666
8432.375
6623.3125
5318.75
4238.825
3701.4666666666667
49111.0
34471.75
31800.5
29010.75
23842.79166666667
21130.24166666667
32582.875
23255.25
19626.541666666668
15827.666666666664
13291.333333333336
11954.76666666667
19613.145833333332
14413.625
10334.666666666666
8339.729166666666
6864.395833333332
5827.208333333332
243164.33333333334
140831.91666666666
107760.08333333333
88340.33333333333
73798.83333333333
65166.91666666666
232905.83333333334
92157.33333333333
61727.708333333336
46407.75
38350.916666666664
32224.416666666664
225633.54166666666
57595.770833333336
35413.145833333336
24932.25
19990.416666666668
16154.895833333332
18682.666666666668
13765.291666666664
11186.979166666666
10194.0
8835.916666666666
7966.8125
10717.135416666666
8380.427083333334
7232.645833333332
6160.260416666666
5552.572916666667
5518.520833333333
6017.5
4682.4921875
4078.765625
3479.015625
3293.0
3111.0625
22812.979166666668
15896.583333333332
14851.395833333332
12107.145833333332
10813.041666666666
9837.375
13386.5
10303.041666666666
8842.989583333334
7758.3125
7936.416666666666
7149.697916666666
7419.28125
6059.984375
4923.760416666667
4706.4140625
4019.9609375
3667.411458333333
37445.270833333336
27292.854166666668
24962.979166666668
24873.770833333332
22365.708333333332
20227.5
26268.375
18160.885416666668
15611.0625
13827.739583333334
12511.635416666666
11178.145833333334
13885.484375
10246.6875
8652.072916666666
7214.166666666667
6259.046875
5725.671875
186472.5
116335.20833333333
86845.0
69229.79166666667
60283.229166666664
52509.875
178173.4375
78427.39583333333
51266.25
38224.6875
30461.854166666668
25034.197916666668
177614.0625
46861.875
27839.166666666668
20234.6875
15848.546875
13202.140625
16282.729166666664
12262.208333333332
11200.1875
9089.729166666666
8581.833333333334
7655.645833333332
10451.46875
8409.083333333334
7284.96875
6165.479166666666
5394.15625
5378.4375
5964.104166666667
4584.0703125
4115.9453125
3262.25
3081.015625
3006.223958333333
21956.25
15348.0
14061.354166666664
11612.604166666664
10335.020833333334
9600.145833333334
13102.416666666666
10121.21875
8472.34375
7440.052083333332
7179.84375
6915.59375
7306.78125
5615.265625
4761.307291666667
4365.817708333333
3859.151041666666
3567.515625
35252.395833333336
24942.166666666668
23938.375
22356.125
21664.791666666668
18532.729166666668
25469.072916666668
17128.489583333332
15120.583333333334
13201.697916666666
11297.177083333334
9688.5
13249.869791666666
9691.036458333334
8318.8125
6619.072916666667
5844.1875
4919.114583333333
146581.04166666666
93709.58333333333
73873.95833333333
61170.5
50868.104166666664
45580.3125
141694.6875
64640.520833333336
42853.229166666664
33034.166666666664
25464.541666666668
21857.71875
139508.125
40668.59375
23911.25
17123.489583333332
12878.4375
11363.9765625
18030.229166666668
13584.9375
11292.25
9691.729166666666
8857.729166666666
7699.375
10813.875
8885.770833333334
7402.78125
6259.40625
5475.125
5564.979166666667
6192.453125
5223.171875
4231.84375
3429.28125
3268.0625
3123.7421875
22077.208333333332
15408.604166666664
14090.5625
11890.229166666664
10966.645833333334
9168.104166666666
13682.21875
10610.260416666666
8804.916666666666
7519.354166666666
7749.875
6854.583333333332
7564.572916666667
6449.953125
5271.125
4470.1484375
3941.947916666666
3466.703125
36859.145833333336
27384.125
25625.104166666668
23006.25
21735.166666666668
19353.520833333332
26390.1875
18161.708333333332
15659.833333333334
13304.947916666666
11650.84375
10618.645833333334
13548.765625
10527.25
8478.234375
7127.2890625
5901.817708333333
5241.75
165220.2083333333
103453.33333333333
79875.0
65031.875
55155.479166666664
48921.375
157432.91666666666
72422.29166666666
45943.854166666664
35364.583333333336
28702.3125
24423.177083333332
153853.90625
43560.416666666664
26400.703125
18340.703125
14941.807291666666
12172.901041666666
18943.5625
14880.4375
13496.729166666664
10374.020833333334
9402.0625
8008.833333333332
11527.770833333334
9597.541666666666
7673.166666666666
6693.0625
5758.979166666666
5950.854166666666
6528.3125
5878.135416666667
4544.901041666667
3670.4609375
3306.09375
3140.0625
24660.5
17234.6875
15582.770833333332
13096.791666666664
11796.666666666664
10516.729166666666
14294.541666666666
11573.1875
9227.65625
7865.677083333332
7942.354166666666
7245.90625
8059.9296875
7156.03125
5455.78125
4898.9765625
3949.635416666666
3633.546875
39726.375
28242.520833333332
25525.770833333332
24985.791666666668
23550.979166666668
20156.645833333332
28009.229166666668
19557.645833333332
16531.572916666668
14045.104166666666
12184.791666666666
11323.395833333334
15125.7734375
12768.0390625
9417.505208333334
7263.34375
6035.197916666667
5376.40625
196476.875
123444.375
94443.75
77581.45833333333
63713.375
57350.583333333336
181013.75
84743.125
56199.791666666664
41556.979166666664
33052.1875
28882.96875
180715.625
50777.96875
30856.822916666668
22187.5
17366.927083333332
14247.375
8544.270833333334
7192.979166666666
6780.614583333332
6233.322916666666
5433.552083333333
4988.010416666667
6584.442708333333
5190.526041666667
4442.526041666667
3813.5
3334.380208333333
2970.088541666666
3233.89453125
2712.6015625
2371.375
2010.03125
1727.86328125
1565.953125
10461.71875
8572.958333333334
8402.0
7547.447916666666
6570.166666666666
5891.229166666666
8124.046875
6297.442708333333
5277.671875
4588.385416666667
3944.447916666666
3543.208333333333
3644.9973958333335
2852.8229166666665
2496.5703125
2123.8880208333335
1785.9609375
1633.809895833333
18233.270833333332
15342.114583333334
14916.666666666666
13224.614583333334
11699.072916666666
10839.90625
14804.020833333334
10984.625
8680.875
7565.984375
6976.348958333333
6122.755208333333
7014.109375
5070.338541666667
4191.9765625
3492.7838541666665
2982.4166666666665
2557.7005208333335
116924.0625
77214.27083333333
60288.4375
49950.833333333336
42099.479166666664
37086.979166666664
111064.42708333333
54541.30208333333
35212.23958333333
27134.479166666668
21497.447916666668
18125.104166666668
100693.48958333333
29029.296875
17037.65625
12587.057291666666
9855.208333333334
8147.421875
8315.041666666666
7026.0
6984.03125
5967.427083333332
5341.53125
4651.604166666667
6498.390625
5027.119791666667
4304.161458333333
3617.557291666666
3229.854166666666
2831.229166666666
3083.9765625
2673.8671875
2266.359375
1982.140625
1717.15625
1491.0
9948.46875
8365.333333333334
7911.989583333332
7046.8125
6377.791666666666
5634.072916666666
7950.895833333333
6074.864583333333
5149.666666666667
4340.619791666667
3835.166666666666
3412.848958333333
3617.8020833333335
2842.8932291666665
2430.5234375
2075.3567708333335
1712.4010416666665
1550.8463541666665
17316.21875
14076.0
14170.5625
12589.625
10710.125
9052.90625
13369.171875
10397.302083333334
8365.010416666666
7068.864583333333
6373.958333333333
5835.864583333333
6914.380208333333
5015.158854166667
4104.7890625
3272.7734375
2730.796875
2439.1510416666665
91070.20833333333
61555.625
50399.791666666664
41569.895833333336
35347.083333333336
30959.145833333332
87555.3125
44137.916666666664
28448.4375
22154.6875
18173.385416666668
15522.515625
78805.96354166667
24064.713541666664
14545.989583333334
10557.369791666666
8165.572916666667
6865.309895833333
8448.760416666666
7106.989583333332
6881.145833333332
6242.645833333332
5333.0625
4773.885416666667
6607.671875
5267.515625
4349.302083333333
3773.692708333333
3265.505208333333
2877.697916666666
3207.8671875
2983.3645833333335
2410.16015625
2000.91796875
1703.7421875
1535.5078125
10206.104166666666
8651.541666666666
8613.760416666666
7499.791666666666
6384.447916666666
5710.78125
8057.760416666667
6279.390625
5219.739583333333
4471.567708333333
3940.994791666666
3495.619791666666
3642.7421875
3281.328125
2510.2994791666665
2133.5052083333335
1752.2109375
1578.130208333333
17824.708333333332
14733.416666666666
14302.104166666666
12916.385416666666
10948.260416666666
9679.708333333334
13861.817708333334
11107.828125
8768.182291666666
7318.697916666667
6403.088541666667
5926.546875
7088.072916666667
5490.15625
4291.0859375
3345.0260416666665
2785.40625
2451.8020833333335
101572.8125
68039.6875
52668.958333333336
43368.125
37380.9375
33490.625
95091.77083333333
46488.75
31820.208333333332
23987.65625
18964.635416666668
16331.5625
86636.71875
25635.677083333332
15595.260416666666
11027.552083333334
8742.395833333334
7271.84375
8798.8125
7616.96875
7390.3125
6380.541666666666
5571.6875
4945.145833333333
6853.880208333333
5441.25
4470.145833333333
3788.71875
3289.911458333333
2888.171875
3403.75390625
3217.20703125
2501.046875
1967.6875
1713.2578125
1495.0625
10635.625
9083.1875
8659.6875
7776.885416666666
6654.635416666666
5859.583333333332
8452.005208333334
6592.609375
5394.25
4584.536458333333
3892.984375
3477.90625
4099.0078125
3979.46875
3027.69921875
2455.16015625
2031.515625
1777.5807291666665
19010.541666666668
15518.614583333334
15777.145833333334
13309.947916666666
11794.125
11289.854166666666
15293.182291666666
11563.395833333334
9169.744791666666
7652.130208333333
6837.578125
6043.744791666667
8018.828125
6769.5078125
5176.6640625
4116.640625
3295.7734375
2980.0546875
116534.16666666667
79190.625
62379.166666666664
51779.375
43433.333333333336
38270.0
108829.11458333333
54434.58333333333
37228.90625
28257.96875
22499.791666666668
18650.729166666668
105135.15625
32831.484375
20007.890625
14703.4375
11557.578125
9573.671875
21873.38333333333
12795.466666666667
8868.141666666666
6754.341666666667
5688.725000000001
4837.675
13414.416666666664
7574.395833333332
6077.625
5039.175
4570.1625
4069.1125
7611.270833333332
4400.027083333333
3557.05
2976.416666666666
2670.39375
2616.3770833333333
26433.25
15206.983333333332
10266.075
8183.033333333333
6556.383333333334
5913.333333333332
16273.416666666664
9118.179166666667
6994.658333333333
6122.491666666666
5519.716666666666
5418.595833333333
9240.0625
5324.9
4249.954166666667
3805.2208333333333
3293.3145833333333
3097.152083333333
46183.25
27627.41666666667
17758.566666666666
13306.458333333334
12655.875
9876.425
29649.875
15465.75
12602.929166666665
11288.254166666666
10553.1625
9363.862500000001
17071.6875
9241.875
7512.979166666668
6116.327083333333
5172.710416666667
4689.220833333333
243838.83333333334
112471.41666666667
90004.33333333333
68933.25
59618.25
51720.25
234397.08333333334
78002.20833333333
50624.625
39108.958333333336
30710.625
24940.416666666664
229053.54166666666
45645.0
28611.625
19728.916666666668
14608.458333333332
12447.0625
21359.658333333336
13036.025
8746.958333333334
6863.85
5668.041666666667
4736.1
13057.291666666664
7593.7
5961.245833333334
5131.720833333334
4396.658333333334
3816.6416666666664
7521.8125
4358.620833333333
3441.7354166666664
2910.322916666666
2442.75625
2384.558333333333
25316.38333333333
15532.558333333334
10772.941666666668
8109.975
6791.083333333332
5641.4
15998.75
8908.320833333333
6920.833333333332
5966.120833333333
4998.670833333334
4833.366666666666
9266.6875
5048.266666666666
4048.5875
3201.945833333333
3168.5166666666664
2822.3874999999994
42804.666666666664
27337.58333333333
17895.916666666668
13656.975
11503.95
9333.25
28477.75
14636.791666666664
11191.354166666666
10124.495833333332
9304.283333333335
8113.470833333333
16114.375
8573.3125
6945.833333333332
5972.214583333335
4944.76875
4200.710416666666
182289.16666666666
88159.16666666667
70127.08333333333
56645.08333333333
49127.91666666666
44015.416666666664
178056.66666666666
61408.25
41394.291666666664
30157.416666666664
25635.5
21394.166666666668
174114.79166666666
37176.666666666664
21535.1875
16101.104166666664
12864.625
10757.041666666666
21946.975000000002
14568.55
10922.95
8310.316666666666
6684.325
5631.166666666667
13646.833333333336
8477.650000000001
6578.3125
5497.795833333333
4663.129166666667
4143.920833333334
7906.479166666668
5009.397916666667
3964.835416666667
3164.6
2672.547916666667
2571.1416666666664
25967.08333333333
17528.366666666665
12763.241666666667
9591.558333333332
7893.908333333333
6660.858333333333
16912.625
10028.141666666668
7979.804166666666
6373.041666666667
5462.1375
5189.233333333334
9687.479166666666
5921.16875
4653.95625
3745.3583333333336
3296.714583333333
3022.5291666666667
45768.75
29352.83333333333
20625.30833333333
16898.675
14239.183333333332
12282.941666666666
30146.5
16385.041666666668
13264.791666666664
11480.14166666667
9688.904166666665
8280.504166666668
17454.416666666668
9724.25
7441.416666666668
5992.354166666668
4963.58125
4378.3
209098.58333333334
98441.33333333333
74039.58333333333
59683.41666666666
50460.75
45408.83333333333
200807.91666666666
65503.833333333336
42202.666666666664
31906.291666666664
25866.541666666664
22639.791666666664
195918.9583333333
39927.208333333336
23835.4375
16476.520833333332
13211.354166666664
10671.479166666666
22786.11666666667
16034.383333333331
12607.55
9688.583333333334
8014.183333333333
6840.483333333333
14356.291666666664
10405.904166666667
7944.795833333334
6407.566666666666
5317.841666666667
4842.1
8413.666666666666
6278.358333333334
4581.795833333334
3677.0708333333337
3132.425
2807.039583333333
27612.5
19569.45
15049.533333333333
11513.208333333334
9475.2
7925.0
18106.708333333332
12335.25833333333
9371.504166666668
7729.683333333333
7040.333333333332
6360.954166666666
10299.645833333334
7464.666666666668
5478.379166666667
4557.383333333333
3700.05
3170.258333333333
48018.25
32992.416666666664
27425.16666666667
23328.225
19586.633333333335
16290.466666666667
32090.166666666664
19954.291666666668
16296.333333333336
12810.583333333336
10744.65
9514.016666666668
19391.416666666668
12079.291666666664
8729.729166666666
6842.104166666668
5506.925
4751.464583333333
242238.5
110667.16666666667
83517.33333333333
67027.25
57469.75
48427.5
235453.33333333334
73072.75
49295.375
35322.083333333336
28050.75
23227.95833333333
226037.91666666666
44382.854166666664
25647.104166666668
18802.125
14597.125
12371.3125
17595.9375
12323.5625
11549.854166666664
8955.625
7690.833333333332
6672.166666666668
11304.3125
7663.114583333332
6599.791666666666
5540.552083333333
4903.583333333333
4228.041666666667
6002.692708333333
4262.338541666667
3559.255208333333
3028.21875
2780.4322916666665
2784.6822916666665
22877.75
14671.229166666664
12511.875
10504.041666666666
8958.791666666666
7812.375
13884.833333333334
9333.208333333334
7861.75
6504.875
6429.729166666666
6266.802083333332
7461.979166666667
5170.239583333333
4478.828125
3914.21875
3751.359375
3348.395833333333
37428.208333333336
24626.083333333332
20479.041666666668
16749.479166666668
20359.791666666668
17700.145833333332
25765.791666666668
15411.104166666666
13825.375
12378.3125
10758.979166666666
9919.4375
13853.333333333334
8849.020833333334
7437.59375
6472.203125
5445.53125
4923.885416666667
187698.125
105364.375
79769.16666666667
65097.916666666664
55682.479166666664
43865.125
175313.85416666666
68226.04166666666
46781.875
31850.229166666668
25645.0625
21563.322916666668
171640.625
42151.25
24512.760416666668
17666.510416666668
13307.71875
10905.09375
17062.020833333332
12263.520833333332
10456.0625
8349.020833333334
7466.9375
6898.229166666668
11010.28125
7601.229166666666
6376.15625
5405.25
4658.1875
4364.114583333333
5996.864583333333
4064.71875
3577.927083333333
2955.005208333333
2607.6458333333335
2697.9895833333335
21727.0
13867.458333333332
12874.520833333332
10025.333333333334
9156.020833333334
8026.208333333332
13302.541666666666
9257.708333333334
7395.864583333332
6467.385416666666
5731.71875
5667.739583333332
7260.916666666667
5149.125
4342.661458333333
3546.5625
3518.0
2943.114583333333
35653.625
21911.416666666668
20326.833333333332
18672.041666666668
18703.1875
16881.1875
24713.90625
15376.635416666666
12891.125
11516.625
9854.96875
9021.15625
13416.609375
8650.046875
6872.729166666667
5913.395833333333
5020.020833333333
4432.911458333333
147045.2083333333
84815.41666666667
65288.75
52649.5625
45127.770833333336
40484.291666666664
141593.125
57745.3125
38117.395833333336
28543.333333333332
23048.958333333332
19377.135416666668
137142.08333333334
36398.541666666664
21074.895833333332
14489.520833333334
11681.401041666666
9488.213541666666
18082.166666666668
12592.729166666664
11688.020833333332
8916.6875
7810.854166666668
6659.0
11222.34375
8213.447916666666
6865.416666666666
5451.270833333333
4707.53125
4349.53125
6093.609375
4859.822916666667
3810.885416666666
3145.369791666666
2744.0833333333335
2771.4895833333335
22856.645833333332
14364.125
12254.0625
10628.416666666666
9323.604166666666
7707.0
13898.833333333334
9712.09375
8177.96875
6622.270833333332
6286.041666666666
6137.75
7619.34375
5711.671875
4611.036458333333
3948.411458333333
3510.479166666666
3284.432291666666
37509.041666666664
24642.270833333332
21307.083333333332
19142.416666666668
18437.625
17383.541666666668
26065.239583333332
16196.979166666666
13991.416666666666
12098.75
9882.96875
9466.947916666666
13948.932291666666
9922.614583333334
7728.421875
6094.234375
5308.973958333333
4495.338541666667
164798.125
92536.66666666667
71530.625
60390.979166666664
51454.166666666664
42879.6875
156242.60416666666
61806.770833333336
42800.729166666664
31452.583333333332
24140.1875
21901.270833333332
152940.15625
38405.416666666664
21749.53125
15739.255208333334
12466.645833333334
9949.25
19472.770833333332
14789.583333333332
12049.708333333332
9872.083333333334
8374.75
7274.104166666668
12051.46875
9052.552083333334
7259.104166666666
6112.375
5142.354166666667
4649.84375
6392.838541666667
5528.854166666667
4100.697916666667
3438.677083333333
2877.953125
2882.703125
23394.604166666668
16759.770833333332
14291.416666666664
11624.416666666664
9947.104166666666
8686.708333333334
14652.1875
10762.375
8514.1875
7149.739583333332
6803.197916666666
6562.09375
8141.348958333333
6700.364583333333
4971.552083333333
4242.348958333333
3591.385416666666
3220.791666666666
39976.0
27150.541666666668
23868.3125
22081.354166666668
21022.104166666668
18065.125
27440.78125
17908.229166666668
15260.072916666666
12486.229166666666
10396.177083333334
10470.3125
15030.802083333334
10859.260416666666
8288.552083333334
6750.588541666667
5737.671875
4573.291666666667
198075.0
109270.41666666667
84253.125
67691.66666666667
58838.770833333336
49037.645833333336
182972.08333333334
74756.35416666666
49246.770833333336
36568.75
29500.833333333332
24623.802083333332
176666.66666666666
44816.14583333333
26816.770833333332
18752.604166666668
15000.296875
12178.536458333334
9365.791666666666
7023.864583333332
7072.6875
5887.135416666666
5007.53125
4510.072916666667
6583.135416666667
4757.364583333333
3953.036458333333
3492.270833333333
3030.614583333333
2733.171875
3207.4088541666665
2449.8125
2241.6822916666665
1880.934895833333
1611.2604166666665
1504.833333333333
11079.885416666666
8633.1875
8334.125
6774.958333333332
5993.958333333332
5397.34375
8066.03125
5719.307291666667
4841.848958333333
4168.40625
3649.536458333333
3315.614583333333
3943.1171875
3029.28125
2589.953125
2238.2552083333335
1884.0651041666665
1767.4713541666665
19314.15625
14761.0625
13802.229166666666
11798.71875
10297.395833333334
8867.75
14577.739583333334
10041.776041666666
8042.416666666667
6752.072916666667
5964.354166666667
5661.625
7558.734375
5333.067708333333
4386.192708333333
3667.6901041666665
3152.0885416666665
2873.3177083333335
115585.0
71766.35416666666
56363.541666666664
42965.729166666664
37571.145833333336
33125.625
109139.6875
48512.916666666664
32230.78125
23874.166666666668
19509.0625
16744.114583333332
104033.07291666667
27583.463541666664
17081.901041666664
11875.208333333334
9595.989583333334
8054.973958333333
9174.364583333334
6833.739583333332
6447.15625
5688.5625
4762.427083333333
4351.770833333333
6485.84375
4745.859375
4035.739583333333
3300.5625
2882.104166666666
2647.3541666666665
3158.9973958333335
2423.6276041666665
2090.7760416666665
1825.4453125
1597.8541666666665
1404.2890625
10728.885416666666
8189.71875
7642.65625
6465.020833333332
5675.25
5185.572916666667
8004.0
5603.895833333333
4733.645833333333
3980.911458333333
3502.734375
3039.182291666666
3884.40625
2819.5026041666665
2437.5364583333335
2146.4375
1797.7838541666665
1658.841145833333
18309.239583333332
13827.84375
13010.604166666666
11393.354166666666
9787.583333333334
8383.020833333334
13300.822916666666
9598.395833333334
7666.947916666667
6179.557291666667
5226.307291666667
5079.0625
7466.611979166667
5125.78125
4019.5807291666665
3401.9895833333335
2835.8723958333335
2568.546875
90760.9375
57250.208333333336
45196.5625
36377.1875
31582.416666666668
28197.125
88982.76041666667
40630.104166666664
26286.927083333332
19765.364583333332
15902.588541666666
14274.708333333334
83885.15625
24446.953125
14445.9375
10056.354166666666
7919.744791666667
6635.8515625
9171.666666666666
7277.666666666666
7076.875
5724.645833333332
4847.3125
4415.114583333333
6540.473958333333
4973.088541666667
4032.760416666666
3485.5
3063.088541666666
2693.2864583333335
3216.3828125
2716.2057291666665
2202.453125
1839.216145833333
1581.7369791666665
1454.153645833333
10936.145833333334
8857.885416666666
8454.020833333334
6859.875
5870.145833333332
5439.958333333333
8093.265625
6011.145833333333
4958.213541666667
4120.020833333333
3591.526041666666
3206.520833333333
3981.3098958333335
3273.359375
2655.3697916666665
2217.7552083333335
1848.0104166666665
1644.286458333333
18356.427083333332
14590.447916666666
13411.677083333334
11415.854166666666
10038.677083333334
8414.833333333334
13678.890625
10154.854166666666
8079.552083333333
6476.828125
5676.755208333333
5213.0
7546.2890625
5594.739583333333
4298.3515625
3441.7864583333335
2859.5885416666665
2585.3802083333335
99385.9375
62358.4375
48695.416666666664
39307.916666666664
34467.291666666664
28671.916666666668
94087.96875
41944.947916666664
28374.0625
21667.65625
17002.8125
15084.291666666666
90220.83333333333
25664.322916666664
15604.505208333334
10879.765625
8596.848958333334
7075.3359375
9600.802083333334
7764.208333333332
7572.166666666666
6231.354166666666
5255.802083333333
4706.583333333333
6900.286458333333
5251.598958333333
4336.947916666667
3630.78125
3173.307291666666
2744.2760416666665
3340.90625
3080.5963541666665
2414.6927083333335
1936.2447916666665
1662.130208333333
1482.700520833333
11397.59375
9278.552083333334
8635.5
7343.739583333332
6302.197916666666
5647.697916666666
8536.229166666666
6367.197916666667
5153.052083333333
4360.026041666667
3742.354166666666
3380.359375
4091.4609375
3727.8984375
2838.2994791666665
2340.6927083333335
1925.8854166666665
1690.15625
19832.28125
15904.447916666666
14616.739583333334
12501.083333333334
10517.479166666666
9113.25
15066.994791666666
10980.395833333334
8697.776041666666
6948.916666666667
6171.036458333333
5655.604166666667
7941.510416666667
6421.6875
4697.596354166667
3733.03125
3144.5364583333335
2680.6015625
115816.875
73649.16666666666
55794.583333333336
45068.4375
37273.125
33963.4375
108670.10416666667
49709.27083333333
32407.760416666668
24395.46875
19551.510416666668
16361.71875
103874.47916666667
29597.1875
17546.588541666664
12536.901041666666
10029.53125
8391.458333333334
