3491.7612603161106
4758.156381570902
5604.009470150179
6656.336160140673
5874.869803967477
1886.0574185806877
2752.8757942952975
3485.4950471959914
3647.539920513941
3626.274622064073
1304.406606613607
2039.0607146062164
2534.0568799686107
2609.0252820543096
2596.4357934668415
1687.0126764754243
3754.4898017662276
5029.437405899854
5587.921602981899
5562.254485871782
956.372182488851
1736.483003923424
2638.32689872218
3147.9360751644954
3379.120786960536
0.0
0.0
0.0
0.0
0.0
1178.5135597844633
2742.8213579077437
3638.0439138146157
4374.875043695983
4943.525496992434
0.0
0.0
0.0
0.0
0.0
0.0
0.0
0.0
0.0
0.0
3381.12714228531
5348.807671440424
6753.376744756636
6872.580167524081
6080.0458662747915
1888.8366666383201
2973.867763443628
3611.100259976338
4151.978242551793
3938.66811457024
1379.2081169090195
2144.933392288121
2578.342905759591
2789.49198243159
2894.6021610332245
1773.811624571333
3831.134172315871
5203.495468924748
5750.048889443362
5664.2462447016305
940.3165954178954
1709.3675027752502
2668.3704123465945
3223.0945124915684
3282.7750110585393
0.0
0.0
0.0
0.0
0.0
1179.8153283093625
2796.628012435709
3715.380639278929
6493.673533891128
4996.658161307963
0.0
0.0
0.0
0.0
0.0
0.0
0.0
0.0
0.0
0.0
3694.305561880484
5286.024990023418
7158.118635558986
7680.891562411979
6787.11806822282
1983.5690549489823
3187.2050499893153
3713.3291682372874
4488.772742111958
4446.538242139288
1367.3575065628938
2178.606058290889
2954.806833731747
3163.822911096641
3238.903253363063
1925.6956086039338
3862.4456382043068
5459.584245676925
6141.578404055222
6230.515864297497
1080.5031816946816
1901.4333826326601
2765.102549232934
3390.8852324755717
3734.931166659723
0.0
0.0
0.0
0.0
0.0
1240.3542262994733
2896.5557720642646
3877.114675312177
4711.718269502207
5442.204953190922
0.0
0.0
0.0
0.0
0.0
0.0
0.0
0.0
0.0
0.0
3850.582129104436
6117.170891606672
8307.265858241157
8583.236432446687
9278.981117376612
2224.282145086896
3400.184652918922
4242.398059020944
5133.070174728577
5441.040689749314
1594.5590659698178
2191.495522307606
2901.205368807647
3395.2325315312423
3625.6522215970786
2046.907396638416
4212.638743406083
5994.249995294243
6754.051098038031
7284.153436782063
1125.074181779849
1932.1637499689211
3041.144799004694
3633.2121848328106
4171.492551723714
0.0
0.0
0.0
0.0
0.0
1357.7586426058588
3076.286422135016
4194.4546917737425
5132.1010529908035
6023.616700206787
0.0
0.0
0.0
0.0
0.0
0.0
0.0
0.0
0.0
0.0
3206.4265510366367
4810.314507628592
6413.565256008901
6667.7995687368675
6469.822650672603
1935.3350322001647
2622.0288917935063
3475.450547711306
3383.8422644796965
3679.1885109556256
1278.373024720236
1945.9112041079627
2321.446826513254
2718.1021768011683
2712.617441305893
1731.838522260018
3678.2052378662574
5089.298020386467
5651.254835911231
5989.3883707665855
961.4717663203994
1671.4843520274062
3808.675558781991
3140.2716645168794
5232.985143386297
0.0
0.0
0.0
0.0
0.0
1144.1008172821716
2687.2841614122412
3597.8773755742072
4373.829957463063
4987.0007114561795
0.0
0.0
0.0
0.0
0.0
0.0
0.0
0.0
0.0
0.0
3410.7320484238603
4361.38476542081
5828.332603175112
6223.139079871879
6694.80147971731
1930.1903706829387
2534.4793637097437
3510.117664198688
3929.0089509994336
3362.6084108388777
1291.8430334782709
1791.955682916076
2504.3622759435193
2778.4521697718324
2777.437858229839
1732.7672668792832
3741.923720209175
5136.7799109141415
5837.992068100152
6119.516550805033
902.9248035245721
1805.253511960877
2626.9901207523744
3206.1458857654297
3529.4718129941457
0.0
0.0
0.0
0.0
0.0
1171.5740010939053
2779.0144866473415
3720.8273156720775
4510.751383280656
5144.768172746113
0.0
0.0
0.0
0.0
0.0
0.0
0.0
0.0
0.0
0.0
3468.8096263249154
4669.725663552845
6504.362695879463
6061.6605875381765
7405.821119611351
2021.847096546237
2988.61725914991
3669.2100569989584
4466.503103462993
4193.167474106826
1381.8414765202833
2005.9635715169695
2575.833228121253
3119.344275447403
3190.3185809704814
1862.4618865637142
4014.7694718372754
5441.121591193273
6177.506057489354
6521.389395203126
1039.6556083962682
1788.6542533254153
2741.397613674747
3371.606641677177
3859.5308926314583
0.0
0.0
0.0
0.0
0.0
1270.3006935636045
2914.525383558922
3898.2085835480707
4703.117413326252
5455.611583751069
0.0
0.0
0.0
0.0
0.0
0.0
0.0
0.0
0.0
0.0
3829.615582162187
5149.763600496682
6755.206156984815
8733.047983656912
8751.055945279017
2359.151220974337
2962.469863625854
3965.386944256249
4958.6797661382625
5024.3991914279
1514.1255151923854
2185.4425507081824
2754.649292571051
3237.1421291490456
3647.416494717626
2044.6784248617341
4298.999467940718
6061.49104342908
6830.238530322578
7525.441711938344
1154.8067957048092
1972.4096797199168
2984.504309859968
3696.3588654617233
4276.380559636573
0.0
0.0
0.0
0.0
0.0
1407.4351323349554
3120.13110217748
4231.561343893
5130.140932081574
6036.131363132456
0.0
0.0
0.0
0.0
0.0
0.0
0.0
0.0
0.0
0.0
3086.154739666415
4377.161110830241
6156.631624997633
5571.129382841616
6400.5761449349275
1868.6693642231476
2308.576908108127
5223.4050446876945
3314.6258075195014
3895.34926089976
1264.1053392044628
1657.3083732881025
2120.076694228493
2801.6856940275625
2638.176435246619
1592.0026148836448
3591.6794175829145
4978.535353484881
5269.311086714515
5147.272328228185
946.191592095726
1821.5065530706688
2538.459644120402
2967.456041659926
2990.82003669808
0.0
0.0
0.0
0.0
0.0
1162.46423493744
2737.924828038294
3599.6941346524236
4322.194275396199
4920.118319859571
0.0
0.0
0.0
0.0
0.0
0.0
0.0
0.0
0.0
0.0
3064.7663026199148
4477.77196769298
6512.534548258119
4906.6385515894
6522.598206473041
1779.5040779546805
2458.5549819217504
3421.0290859368856
3501.105612832684
3651.483238143098
1243.4724884835073
1696.0167052541058
2067.1439617952615
2841.2699215308744
2811.889433992031
1721.6737241638848
3613.1445700500826
5220.505079915977
5825.817513046877
5219.77673713445
942.6140727791441
1671.8457110036495
2616.973248564086
2978.351294525161
3123.1808912610622
0.0
0.0
0.0
0.0
0.0
1184.896462637765
2784.43463927522
3669.162823251574
4442.685206903915
4883.70046646004
0.0
0.0
0.0
0.0
0.0
0.0
0.0
0.0
0.0
0.0
3281.7571731373487
4037.5721646566994
6238.281951839537
7065.216327314564
6395.646920209943
1854.1563384120363
2676.9909251149284
3358.6416701386997
3832.021210801745
3854.885664679937
1348.7849483574541
1729.3739955229998
2442.5858284755122
2630.901892867921
3077.496646909206
1821.1643672512882
3628.5410913465953
5407.282379057599
5750.2651713067935
5910.8590486597095
1065.1778946191407
1674.2761513207247
2739.2906064330646
3117.6571041131565
3298.3028815473544
0.0
0.0
0.0
0.0
0.0
2503.8277910408124
2907.0668111385776
3866.3068764741474
4681.881590986676
5367.818784688479
0.0
0.0
0.0
0.0
0.0
0.0
0.0
0.0
0.0
0.0
3768.8264178253226
4829.232774588067
5927.185767457692
8341.121174492722
7072.2261664891585
2089.5179388176175
2780.70448223646
3753.762535315639
4718.358142238745
5057.384077666918
1431.3434336341686
1928.7429185487133
2397.736747848749
3456.1747330865223
3582.509198080805
2023.1529701403026
4377.338766945438
5933.614643650856
6016.90960189674
6697.511633031714
1060.2152680901893
1843.064971161859
2806.905950026493
3653.8321011545477
3621.6233697759626
0.0
0.0
0.0
0.0
0.0
1402.711616585365
3066.507344835967
4179.416798163248
5061.370641301273
5918.693067209356
0.0
0.0
0.0
0.0
0.0
0.0
0.0
0.0
0.0
0.0
2657.3306579561654
3907.428077899087
5850.484823433852
5033.987279918893
5871.33164175785
1476.6470952729214
2173.84005386656
2889.588656142111
3605.5286636585565
3148.937633957628
1138.4607769194206
1587.1223175428327
2319.538108967622
2295.6069706008757
2320.0076453627075
1590.4637621212025
2862.0990556790516
3795.238103613257
4037.5242270513004
4927.874997078258
889.5614892327451
1499.706202842458
2156.653691161836
2912.575386153553
2929.937488466711
0.0
0.0
0.0
0.0
0.0
1152.8356764137402
2745.9419492028073
3598.301254974919
4396.781719448631
4966.279778406091
0.0
0.0
0.0
0.0
0.0
0.0
0.0
0.0
0.0
0.0
2784.408929571167
3928.2896835472784
5150.613836113323
5265.607026706067
5296.595729839653
1706.714503136458
2206.615204418417
2989.473557825497
3233.332103711883
2715.6779479295246
1141.943213417844
2820.0742502894864
1974.7495251237356
2659.772087311624
2682.747791781977
1673.691545012818
3163.6112386438786
3701.6729937234286
4611.19632087361
5344.388980031162
876.2427414315849
1666.9643108606165
2181.078789396113
2701.296313970804
3252.4974647155354
0.0
0.0
0.0
0.0
0.0
1149.6885572459653
2834.973102203234
3703.7743403032778
4525.458128435707
5125.4864307204325
0.0
0.0
0.0
0.0
0.0
0.0
0.0
0.0
0.0
0.0
3036.2696946348537
3781.1230493739163
5389.246234808851
5794.429444785313
5906.678988089708
2436.438356452302
2540.190754920101
3132.1165155920344
4063.8350318614766
3446.1739749669177
1190.5253556271389
1648.7118837053265
2052.5860077598595
2783.8985055222292
2613.4493989945745
1661.0068954600708
3745.713616605371
3963.408817111071
5331.230478775723
5254.93481362014
1009.466901860698
1720.7929255156046
2529.1738186414727
3106.8551656971517
3464.3951611285966
0.0
0.0
0.0
0.0
0.0
1301.6730842231173
2835.83119173105
3906.2648072373468
4699.806127397334
5424.76723785043
0.0
0.0
0.0
0.0
0.0
0.0
0.0
0.0
0.0
0.0
3172.9944726842436
7709.138453087983
5331.55444661416
5866.792067409794
5901.434465110127
1797.9234226901426
2561.723783396167
3468.8343348719477
4309.681292962074
3669.8241485076023
1291.530506404213
1789.2631285980885
3841.2814908143396
3127.9833502650044
3098.974589658337
1863.033234149877
3895.504992556598
4438.695402007691
5622.413108717802
6290.878512071325
1131.1738549010356
1814.0038021842327
2692.198343613269
3370.0341658027414
3850.041810889258
0.0
0.0
0.0
0.0
0.0
1423.5215046053333
3029.63185379585
4232.830811509205
5121.880530498958
6020.17743221077
0.0
0.0
0.0
0.0
0.0
0.0
0.0
0.0
0.0
0.0
3214.465565237578
4357.615193619959
5205.045215923697
5552.580549289497
5648.21837178564
1849.7490227011149
2494.3168139473155
2937.3119650754684
3706.70772969096
3790.3741167439903
1354.1267983433863
1713.449581262053
2185.0433697637227
2545.7129868795046
2737.38424313948
1534.608287962443
2856.2053400667646
3798.7071832545353
4487.879159104571
4837.831564864316
1050.750243821635
1763.2855712065673
3326.213214680408
3193.003576192546
3260.153944073334
0.0
0.0
0.0
0.0
0.0
2361.1409192760125
2642.3568400346203
3039.1819622412618
3803.8414976683553
4750.590156810956
0.0
0.0
0.0
0.0
0.0
0.0
0.0
0.0
0.0
0.0
3637.516331236504
4364.7613276385955
5972.966578924475
6167.19775143642
5880.238440389484
1932.826180172838
2536.570631959478
3777.574420912989
4070.1627479483686
3957.3292730293833
1277.8052485267995
1715.4732955754384
2440.467851385811
2730.8627621385167
2559.789982352019
1662.4995584740836
3021.083948066609
3485.499025192064
4347.149128835813
4700.570438097546
1042.7886470341
1601.7899289642555
2415.9066565498
2329.046325369244
3132.2464944454987
0.0
0.0
0.0
0.0
0.0
1186.0669137278235
2655.3415786721616
3641.812094697862
4134.864112741341
4580.166772384979
0.0
0.0
0.0
0.0
0.0
0.0
0.0
0.0
0.0
0.0
3363.7993594281893
4727.8225430207485
6408.884074727898
6154.352097384989
6993.928377176758
1894.1847710734103
2834.2315335806325
3494.141251689506
4137.866457402713
3737.7153709533327
1392.4497702269305
1918.3162763891594
2639.3162578290744
2898.8782767222533
2686.306439234452
1831.8681141298669
3268.1722886268562
3940.433820223172
5037.847342353948
5398.7534367933495
1094.8301829199609
1657.4193681590664
2378.2701838279067
2557.0875010727204
3217.7978858017714
0.0
0.0
0.0
0.0
0.0
1238.2403064136427
2704.099214548036
3616.7096431786313
4108.610298938498
4870.856217435924
0.0
0.0
0.0
0.0
0.0
0.0
0.0
0.0
0.0
0.0
3879.177235307318
5862.775766238331
7314.0027023151515
8416.291973398938
8540.32409347576
2164.961221521639
3534.858313115794
4903.947934294605
5176.550812526524
5050.853232200144
1683.4079719484635
2326.6843483659354
3211.0278615007037
3858.01679075031
3189.3054278530317
1903.7603270950683
3621.9157623216884
4426.419139002412
6408.235626377452
6359.502874388044
1022.2447038609541
1758.5165908404902
2458.4549081147784
3448.5426762143748
3431.466044767209
0.0
0.0
0.0
0.0
0.0
1442.1690551365962
3089.130293710996
3688.603505492827
4539.698994969704
5461.025858790113
0.0
0.0
0.0
0.0
0.0
0.0
0.0
0.0
0.0
0.0
